          3480.00      0.0000000E+000
          3491.29      6.6588859E+001
          3502.58      6.6427568E+001
          3513.87      6.6267805E+001
          3525.16      6.6109533E+001
          3536.45      6.5952714E+001
          3547.73      6.5797311E+001
          3559.02      6.5643289E+001
          3570.31      6.5490612E+001
          3581.60      6.5339246E+001
          3592.89      6.5189157E+001
          3604.18      6.5040164E+001
          3615.47      6.4892031E+001
          3626.76      6.4744788E+001
          3638.05      6.4598448E+001
          3649.34      6.4453013E+001
          3660.62      6.4308476E+001
          3671.91      6.4164823E+001
          3683.20      6.4022040E+001
          3694.49      6.3880106E+001
          3705.78      6.3739001E+001
          3717.07      6.3598702E+001
          3728.36      6.3459187E+001
          3739.65      6.3320431E+001
          3750.94      6.3182412E+001
          3762.23      6.3045103E+001
          3773.52      6.2908481E+001
          3784.80      6.2772521E+001
          3796.09      6.2637201E+001
          3807.38      6.2502527E+001
          3818.67      6.2368472E+001
          3829.96      6.2235010E+001
          3841.25      6.2102118E+001
          3852.54      6.1969769E+001
          3863.83      6.1837941E+001
          3875.12      6.1706608E+001
          3886.41      6.1575747E+001
          3897.70      6.1445335E+001
          3908.98      6.1315350E+001
          3920.27      6.1185768E+001
          3931.56      6.1056567E+001
          3942.85      6.0927726E+001
          3954.14      6.0799243E+001
          3965.43      6.0671101E+001
          3976.72      6.0543278E+001
          3988.01      6.0415754E+001
          3999.30      6.0288506E+001
          4010.59      6.0161515E+001
          4021.88      6.0034760E+001
          4033.16      5.9908221E+001
          4044.45      5.9781879E+001
          4055.74      5.9655713E+001
          4067.03      5.9529705E+001
          4078.32      5.9403836E+001
          4089.61      5.9278086E+001
          4100.90      5.9152438E+001
          4112.19      5.9026873E+001
          4123.48      5.8901374E+001
          4134.77      5.8775923E+001
          4146.05      5.8650500E+001
          4157.34      5.8525090E+001
          4168.63      5.8399675E+001
          4179.92      5.8274236E+001
          4191.21      5.8148757E+001
          4202.50      5.8023221E+001
          4213.79      5.7897610E+001
          4225.08      5.7771909E+001
          4236.37      5.7646100E+001
          4247.66      5.7520166E+001
          4258.95      5.7394088E+001
          4270.23      5.7267851E+001
          4281.52      5.7141438E+001
          4292.81      5.7014833E+001
          4304.10      5.6888019E+001
          4315.39      5.6760981E+001
          4326.68      5.6633703E+001
          4337.97      5.6506168E+001
          4349.26      5.6378361E+001
          4360.55      5.6250266E+001
          4371.84      5.6121902E+001
          4383.12      5.5993218E+001
          4394.41      5.5864198E+001
          4405.70      5.5734822E+001
          4416.99      5.5605076E+001
          4428.28      5.5474943E+001
          4439.57      5.5344408E+001
          4450.86      5.5213455E+001
          4462.15      5.5082069E+001
          4473.44      5.4950233E+001
          4484.73      5.4817933E+001
          4496.02      5.4685152E+001
          4507.30      5.4551875E+001
          4518.59      5.4418086E+001
          4529.88      5.4283769E+001
          4541.17      5.4148909E+001
          4552.46      5.4013490E+001
          4563.75      5.3877498E+001
          4575.04      5.3740916E+001
          4586.33      5.3603729E+001
          4597.62      5.3465920E+001
          4608.91      5.3327473E+001
          4620.20      5.3188371E+001
          4631.48      5.3048600E+001
          4642.77      5.2908141E+001
          4654.06      5.2766979E+001
          4665.35      5.2625096E+001
          4676.64      5.2482477E+001
          4687.93      5.2339103E+001
          4699.22      5.2194959E+001
          4710.51      5.2050027E+001
          4721.80      5.1904288E+001
          4733.09      5.1757727E+001
          4744.38      5.1610325E+001
          4755.66      5.1462064E+001
          4766.95      5.1312928E+001
          4778.24      5.1162897E+001
          4789.53      5.1011953E+001
          4800.82      5.0860079E+001
          4812.11      5.0707254E+001
          4823.40      5.0553462E+001
          4834.69      5.0398683E+001
          4845.98      5.0242897E+001
          4857.27      5.0086080E+001
          4868.55      4.9928215E+001
          4879.84      4.9769279E+001
          4891.13      4.9609254E+001
          4902.42      4.9448119E+001
          4913.71      4.9285854E+001
          4925.00      4.9122436E+001
          4936.29      4.8957846E+001
          4947.58      4.8792061E+001
          4958.87      4.8625061E+001
          4970.16      4.8456822E+001
          4981.45      4.8287323E+001
          4992.73      4.8116540E+001
          5004.02      4.7944447E+001
          5015.31      4.7771017E+001
          5026.60      4.7596228E+001
          5037.89      4.7420056E+001
          5049.18      4.7242475E+001
          5060.47      4.7063461E+001
          5071.76      4.6882988E+001
          5083.05      4.6701031E+001
          5094.34      4.6517564E+001
          5105.62      4.6332561E+001
          5116.91      4.6145993E+001
          5128.20      4.5957835E+001
          5139.49      4.5768057E+001
          5150.78      4.5576628E+001
          5162.07      4.5383517E+001
          5173.36      4.5188694E+001
          5184.65      4.4992129E+001
          5195.94      4.4793791E+001
          5207.23      4.4593650E+001
          5218.52      4.4391673E+001
          5229.80      4.4187829E+001
          5241.09      4.3982085E+001
          5252.38      4.3774407E+001
          5263.67      4.3564760E+001
          5274.96      4.3353112E+001
          5286.25      4.3139425E+001
          5297.54      4.2923662E+001
          5308.83      4.2705783E+001
          5320.12      4.2485749E+001
          5331.41      4.2263522E+001
          5342.70      4.2039062E+001
          5353.98      4.1812330E+001
          5365.27      4.1583285E+001
          5376.56      4.1351889E+001
          5387.85      4.1118094E+001
          5399.14      4.0881856E+001
          5410.43      4.0643132E+001
          5421.72      4.0401875E+001
          5433.01      4.0158041E+001
          5444.30      3.9911580E+001
          5455.59      3.9662434E+001
          5466.88      3.9410553E+001
          5478.16      3.9155886E+001
          5489.45      3.8898380E+001
          5500.74      3.8637983E+001
          5512.03      3.8374641E+001
          5523.32      3.8108298E+001
          5534.61      3.7838897E+001
          5545.90      3.7566381E+001
          5557.19      3.7290689E+001
          5568.48      3.7011762E+001
          5579.77      3.6729355E+001
          5591.05      3.6443374E+001
          5602.34      3.6153749E+001
          5613.63      3.5860410E+001
          5624.92      3.5563283E+001
          5636.21      3.5262295E+001
          5647.50      3.4957369E+001
          5658.79      3.4648427E+001
          5670.08      3.4335380E+001
          5681.37      3.4016823E+001
          5692.66      3.3692645E+001
          5703.95      3.3362732E+001
          5715.23      3.3026967E+001
          5726.52      3.2685229E+001
          5737.81      3.2337396E+001
          5749.10      3.1983340E+001
          5760.39      3.1622933E+001
          5771.68      3.1256040E+001
          5782.97      3.0882647E+001
          5794.26      3.0503923E+001
          5805.55      3.0119760E+001
          5816.84      2.9730044E+001
          5828.12      2.9334660E+001
          5839.41      2.8933489E+001
          5850.70      2.8526407E+001
          5861.99      2.8113289E+001
          5873.28      2.7694005E+001
          5884.57      2.7268422E+001
          5895.86      2.6836401E+001
          5907.15      2.6397794E+001
          5918.44      2.5951872E+001
          5929.73      2.5498469E+001
          5941.02      2.5037413E+001
          5952.30      2.4568529E+001
          5963.59      2.4091637E+001
          5974.88      2.3606432E+001
          5986.17      2.3112564E+001
          5997.46      2.2609826E+001
          6008.75      2.2098008E+001
          6020.04      2.1576890E+001
          6031.33      2.1047058E+001
          6042.62      2.0508303E+001
          6053.91      1.9960409E+001
          6065.20      1.9403154E+001
          6076.48      1.8836590E+001
          6087.77      1.8260699E+001
          6099.06      1.7675253E+001
          6110.35      1.7080014E+001
          6121.64      1.6474578E+001
          6132.93      1.5857740E+001
          6144.22      1.5229201E+001
          6155.51      1.4589044E+001
          6166.80      1.3936991E+001
          6178.09      1.3273644E+001
          6189.38      1.2599073E+001
          6200.66      1.1912980E+001
          6211.95      1.1215056E+001
          6223.24      1.0504978E+001
          6234.53      9.7824059E+000
          6245.82      9.0469956E+000
          6257.11      8.2983801E+000
          6268.40      7.5361914E+000
          6279.69      6.7601253E+000
          6290.98      5.9697981E+000
          6302.27      5.1647737E+000
          6313.55      4.3446087E+000
          6324.84      3.5088668E+000
          6336.13      2.6570971E+000
          6347.42      1.7887581E+000
          6358.71      9.0328485E-001
          6370.00      0.0000000E+000
