          3480.00      0.0000000E+000
          3491.29      3.1953136E+001
          3502.58      3.1870356E+001
          3513.87      3.1787844E+001
          3525.16      3.1705595E+001
          3536.45      3.1623602E+001
          3547.73      3.1541862E+001
          3559.02      3.1460369E+001
          3570.31      3.1379119E+001
          3581.60      3.1298106E+001
          3592.89      3.1217325E+001
          3604.18      3.1136319E+001
          3615.47      3.1054474E+001
          3626.76      3.0972002E+001
          3638.05      3.0889057E+001
          3649.34      3.0805747E+001
          3660.62      3.0722155E+001
          3671.91      3.0638339E+001
          3683.20      3.0554347E+001
          3694.49      3.0470212E+001
          3705.78      3.0385961E+001
          3717.07      3.0301617E+001
          3728.36      3.0217195E+001
          3739.65      3.0132706E+001
          3750.94      3.0048163E+001
          3762.23      2.9963570E+001
          3773.52      2.9878934E+001
          3784.80      2.9794258E+001
          3796.09      2.9709553E+001
          3807.38      2.9624898E+001
          3818.67      2.9540286E+001
          3829.96      2.9455713E+001
          3841.25      2.9371172E+001
          3852.54      2.9286659E+001
          3863.83      2.9202167E+001
          3875.12      2.9117693E+001
          3886.41      2.9033230E+001
          3897.70      2.8948775E+001
          3908.98      2.8864321E+001
          3920.27      2.8779865E+001
          3931.56      2.8695401E+001
          3942.85      2.8610925E+001
          3954.14      2.8526480E+001
          3965.43      2.8442071E+001
          3976.72      2.8357690E+001
          3988.01      2.8273331E+001
          3999.30      2.8188988E+001
          4010.59      2.8104653E+001
          4021.88      2.8020321E+001
          4033.16      2.7935986E+001
          4044.45      2.7851641E+001
          4055.74      2.7767282E+001
          4067.03      2.7682903E+001
          4078.32      2.7598498E+001
          4089.61      2.7514062E+001
          4100.90      2.7429591E+001
          4112.19      2.7345081E+001
          4123.48      2.7260527E+001
          4134.77      2.7175924E+001
          4146.05      2.7091267E+001
          4157.34      2.7006551E+001
          4168.63      2.6921771E+001
          4179.92      2.6836923E+001
          4191.21      2.6752001E+001
          4202.50      2.6667003E+001
          4213.79      2.6581922E+001
          4225.08      2.6496755E+001
          4236.37      2.6411497E+001
          4247.66      2.6326142E+001
          4258.95      2.6240682E+001
          4270.23      2.6155112E+001
          4281.52      2.6069429E+001
          4292.81      2.5983627E+001
          4304.10      2.5897704E+001
          4315.39      2.5811655E+001
          4326.68      2.5725474E+001
          4337.97      2.5639159E+001
          4349.26      2.5552706E+001
          4360.55      2.5466109E+001
          4371.84      2.5379430E+001
          4383.12      2.5292597E+001
          4394.41      2.5205607E+001
          4405.70      2.5118448E+001
          4416.99      2.5031117E+001
          4428.28      2.4943610E+001
          4439.57      2.4855922E+001
          4450.86      2.4768049E+001
          4462.15      2.4679988E+001
          4473.44      2.4591734E+001
          4484.73      2.4503284E+001
          4496.02      2.4414632E+001
          4507.30      2.4325776E+001
          4518.59      2.4236710E+001
          4529.88      2.4147431E+001
          4541.17      2.4057935E+001
          4552.46      2.3968220E+001
          4563.75      2.3878282E+001
          4575.04      2.3788117E+001
          4586.33      2.3697721E+001
          4597.62      2.3607090E+001
          4608.91      2.3516220E+001
          4620.20      2.3425105E+001
          4631.48      2.3333743E+001
          4642.77      2.3242128E+001
          4654.06      2.3150257E+001
          4665.35      2.3058124E+001
          4676.64      2.2965727E+001
          4687.93      2.2873059E+001
          4699.22      2.2780117E+001
          4710.51      2.2686895E+001
          4721.80      2.2593390E+001
          4733.09      2.2499596E+001
          4744.38      2.2405510E+001
          4755.66      2.2311126E+001
          4766.95      2.2216440E+001
          4778.24      2.2121447E+001
          4789.53      2.2026143E+001
          4800.82      2.1930524E+001
          4812.11      2.1834584E+001
          4823.40      2.1738319E+001
          4834.69      2.1641724E+001
          4845.98      2.1544794E+001
          4857.27      2.1447519E+001
          4868.55      2.1349893E+001
          4879.84      2.1251912E+001
          4891.13      2.1153570E+001
          4902.42      2.1054864E+001
          4913.71      2.0955787E+001
          4925.00      2.0856336E+001
          4936.29      2.0756504E+001
          4947.58      2.0656288E+001
          4958.87      2.0555681E+001
          4970.16      2.0454680E+001
          4981.45      2.0353277E+001
          4992.73      2.0251469E+001
          5004.02      2.0149243E+001
          5015.31      2.0046591E+001
          5026.60      1.9943509E+001
          5037.89      1.9839991E+001
          5049.18      1.9736032E+001
          5060.47      1.9631626E+001
          5071.76      1.9526767E+001
          5083.05      1.9421450E+001
          5094.34      1.9315670E+001
          5105.62      1.9209420E+001
          5116.91      1.9102695E+001
          5128.20      1.8995488E+001
          5139.49      1.8887795E+001
          5150.78      1.8779605E+001
          5162.07      1.8670907E+001
          5173.36      1.8561695E+001
          5184.65      1.8451964E+001
          5195.94      1.8341708E+001
          5207.23      1.8230919E+001
          5218.52      1.8119592E+001
          5229.80      1.8007720E+001
          5241.09      1.7895297E+001
          5252.38      1.7782316E+001
          5263.67      1.7668770E+001
          5274.96      1.7554654E+001
          5286.25      1.7439960E+001
          5297.54      1.7324679E+001
          5308.83      1.7208799E+001
          5320.12      1.7092312E+001
          5331.41      1.6975212E+001
          5342.70      1.6857491E+001
          5353.98      1.6739142E+001
          5365.27      1.6620158E+001
          5376.56      1.6500535E+001
          5387.85      1.6380260E+001
          5399.14      1.6259325E+001
          5410.43      1.6137723E+001
          5421.72      1.6015445E+001
          5433.01      1.5892484E+001
          5444.30      1.5768832E+001
          5455.59      1.5644466E+001
          5466.88      1.5519379E+001
          5478.16      1.5393560E+001
          5489.45      1.5267003E+001
          5500.74      1.5139698E+001
          5512.03      1.5011637E+001
          5523.32      1.4882811E+001
          5534.61      1.4753211E+001
          5545.90      1.4622829E+001
          5557.19      1.4491654E+001
          5568.48      1.4359679E+001
          5579.77      1.4226678E+001
          5591.05      1.4092607E+001
          5602.34      1.3957453E+001
          5613.63      1.3821207E+001
          5624.92      1.3683856E+001
          5636.21      1.3545388E+001
          5647.50      1.3405792E+001
          5658.79      1.3265054E+001
          5670.08      1.3123153E+001
          5681.37      1.2978552E+001
          5692.66      1.2831226E+001
          5703.95      1.2681149E+001
          5715.23      1.2528291E+001
          5726.52      1.2372624E+001
          5737.81      1.2214115E+001
          5749.10      1.2052734E+001
          5760.39      1.1888447E+001
          5771.68      1.1721220E+001
          5782.97      1.1551150E+001
          5794.26      1.1379651E+001
          5805.55      1.1206705E+001
          5816.84      1.1032291E+001
          5828.12      1.0856392E+001
          5839.41      1.0678989E+001
          5850.70      1.0500061E+001
          5861.99      1.0319589E+001
          5873.28      1.0137552E+001
          5884.57      9.9539317E+000
          5895.86      9.7687050E+000
          5907.15      9.5818433E+000
          5918.44      9.3927083E+000
          5929.73      9.2012685E+000
          5941.02      9.0074923E+000
          5952.30      8.8113469E+000
          5963.59      8.6127995E+000
          5974.88      8.4116953E+000
          5986.17      8.2078379E+000
          5997.46      8.0011866E+000
          6008.75      7.7917008E+000
          6020.04      7.5793404E+000
          6031.33      7.3648835E+000
          6042.62      7.1482991E+000
          6053.91      6.9295574E+000
          6065.20      6.7086263E+000
          6076.48      6.4857544E+000
          6087.77      6.2611230E+000
          6099.06      6.0347083E+000
          6110.35      5.8064862E+000
          6121.64      5.5762754E+000
          6132.93      5.3431271E+000
          6144.22      5.1069950E+000
          6155.51      4.8682104E+000
          6166.80      4.6267602E+000
          6178.09      4.3834783E+000
          6189.38      4.1386896E+000
          6200.66      3.8923709E+000
          6211.95      3.6445006E+000
          6223.24      3.3950539E+000
          6234.53      3.1439992E+000
          6245.82      2.8913154E+000
          6257.11      2.6369715E+000
          6268.40      2.3809467E+000
          6279.69      2.1232922E+000
          6290.98      1.8639987E+000
          6302.27      1.6030232E+000
          6313.55      1.3403314E+000
          6324.84      1.0759097E+000
          6336.13      8.0974811E-001
          6347.42      5.4177326E-001
          6358.71      2.7190851E-001
          6370.00      0.0000000E+000
