          3480.00      0.0000000E+000
          3491.29      9.1278126E+001
          3502.58      9.1104036E+001
          3513.87      9.0939999E+001
          3525.16      9.0785641E+001
          3536.45      9.0640559E+001
          3547.73      9.0504328E+001
          3559.02      9.0376506E+001
          3570.31      9.0256637E+001
          3581.60      9.0144259E+001
          3592.89      9.0038907E+001
          3604.18      8.9940103E+001
          3615.47      8.9847369E+001
          3626.76      8.9760259E+001
          3638.05      8.9678335E+001
          3649.34      8.9601177E+001
          3660.62      8.9528382E+001
          3671.91      8.9459566E+001
          3683.20      8.9394364E+001
          3694.49      8.9332434E+001
          3705.78      8.9273457E+001
          3717.07      8.9217133E+001
          3728.36      8.9163185E+001
          3739.65      8.9111358E+001
          3750.94      8.9061415E+001
          3762.23      8.9013142E+001
          3773.52      8.8966341E+001
          3784.80      8.8920832E+001
          3796.09      8.8876452E+001
          3807.38      8.8833058E+001
          3818.67      8.8790515E+001
          3829.96      8.8748703E+001
          3841.25      8.8707513E+001
          3852.54      8.8666846E+001
          3863.83      8.8626615E+001
          3875.12      8.8586740E+001
          3886.41      8.8547150E+001
          3897.70      8.8507783E+001
          3908.98      8.8468580E+001
          3920.27      8.8429491E+001
          3931.56      8.8390471E+001
          3942.85      8.8351478E+001
          3954.14      8.8312479E+001
          3965.43      8.8273444E+001
          3976.72      8.8234342E+001
          3988.01      8.8195147E+001
          3999.30      8.8155835E+001
          4010.59      8.8116384E+001
          4021.88      8.8076774E+001
          4033.16      8.8036988E+001
          4044.45      8.7997010E+001
          4055.74      8.7956824E+001
          4067.03      8.7916417E+001
          4078.32      8.7875777E+001
          4089.61      8.7834890E+001
          4100.90      8.7793748E+001
          4112.19      8.7752339E+001
          4123.48      8.7710654E+001
          4134.77      8.7668684E+001
          4146.05      8.7626421E+001
          4157.34      8.7583855E+001
          4168.63      8.7540979E+001
          4179.92      8.7497785E+001
          4191.21      8.7454266E+001
          4202.50      8.7410415E+001
          4213.79      8.7366223E+001
          4225.08      8.7321685E+001
          4236.37      8.7276793E+001
          4247.66      8.7231539E+001
          4258.95      8.7185918E+001
          4270.23      8.7139920E+001
          4281.52      8.7093541E+001
          4292.81      8.7046772E+001
          4304.10      8.6999606E+001
          4315.39      8.6952038E+001
          4326.68      8.6904058E+001
          4337.97      8.6855661E+001
          4349.26      8.6806839E+001
          4360.55      8.6757585E+001
          4371.84      8.6707900E+001
          4383.12      8.6657768E+001
          4394.41      8.6607181E+001
          4405.70      8.6556128E+001
          4416.99      8.6504604E+001
          4428.28      8.6452599E+001
          4439.57      8.6400104E+001
          4450.86      8.6347112E+001
          4462.15      8.6293614E+001
          4473.44      8.6239601E+001
          4484.73      8.6185064E+001
          4496.02      8.6129994E+001
          4507.30      8.6074381E+001
          4518.59      8.6018216E+001
          4529.88      8.5961490E+001
          4541.17      8.5904191E+001
          4552.46      8.5846311E+001
          4563.75      8.5787839E+001
          4575.04      8.5728764E+001
          4586.33      8.5669075E+001
          4597.62      8.5608762E+001
          4608.91      8.5547813E+001
          4620.20      8.5486215E+001
          4631.48      8.5423958E+001
          4642.77      8.5361029E+001
          4654.06      8.5297415E+001
          4665.35      8.5233104E+001
          4676.64      8.5168082E+001
          4687.93      8.5102336E+001
          4699.22      8.5035852E+001
          4710.51      8.4968615E+001
          4721.80      8.4900612E+001
          4733.09      8.4831827E+001
          4744.38      8.4762246E+001
          4755.66      8.4691851E+001
          4766.95      8.4620629E+001
          4778.24      8.4548561E+001
          4789.53      8.4475632E+001
          4800.82      8.4401824E+001
          4812.11      8.4327119E+001
          4823.40      8.4251499E+001
          4834.69      8.4174946E+001
          4845.98      8.4097440E+001
          4857.27      8.4018960E+001
          4868.55      8.3939486E+001
          4879.84      8.3858998E+001
          4891.13      8.3777473E+001
          4902.42      8.3694891E+001
          4913.71      8.3611229E+001
          4925.00      8.3526462E+001
          4936.29      8.3440569E+001
          4947.58      8.3353525E+001
          4958.87      8.3265303E+001
          4970.16      8.3175879E+001
          4981.45      8.3085226E+001
          4992.73      8.2993317E+001
          5004.02      8.2900122E+001
          5015.31      8.2805611E+001
          5026.60      8.2709754E+001
          5037.89      8.2612522E+001
          5049.18      8.2513881E+001
          5060.47      8.2413801E+001
          5071.76      8.2312246E+001
          5083.05      8.2209183E+001
          5094.34      8.2104576E+001
          5105.62      8.1998388E+001
          5116.91      8.1890581E+001
          5128.20      8.1781116E+001
          5139.49      8.1669953E+001
          5150.78      8.1557049E+001
          5162.07      8.1442360E+001
          5173.36      8.1325840E+001
          5184.65      8.1207445E+001
          5195.94      8.1087127E+001
          5207.23      8.0964836E+001
          5218.52      8.0840523E+001
          5229.80      8.0714134E+001
          5241.09      8.0585615E+001
          5252.38      8.0454911E+001
          5263.67      8.0321963E+001
          5274.96      8.0186712E+001
          5286.25      8.0049094E+001
          5297.54      7.9909044E+001
          5308.83      7.9766495E+001
          5320.12      7.9621377E+001
          5331.41      7.9473617E+001
          5342.70      7.9323141E+001
          5353.98      7.9169872E+001
          5365.27      7.9013730E+001
          5376.56      7.8854632E+001
          5387.85      7.8692489E+001
          5399.14      7.8527212E+001
          5410.43      7.8358707E+001
          5421.72      7.8186877E+001
          5433.01      7.8011620E+001
          5444.30      7.7832831E+001
          5455.59      7.7650395E+001
          5466.88      7.7464199E+001
          5478.16      7.7274122E+001
          5489.45      7.7080041E+001
          5500.74      7.6881825E+001
          5512.03      7.6679341E+001
          5523.32      7.6472446E+001
          5534.61      7.6260994E+001
          5545.90      7.6044831E+001
          5557.19      7.5823796E+001
          5568.48      7.5597720E+001
          5579.77      7.5366351E+001
          5591.05      7.5129490E+001
          5602.34      7.4886942E+001
          5613.63      7.4638505E+001
          5624.92      7.4383967E+001
          5636.21      7.4123107E+001
          5647.50      7.3855694E+001
          5658.79      7.3581485E+001
          5670.08      7.3300221E+001
          5681.37      7.3011040E+001
          5692.66      7.2713641E+001
          5703.95      7.2407721E+001
          5715.23      7.2092966E+001
          5726.52      7.1769055E+001
          5737.81      7.1435653E+001
          5749.10      7.1092416E+001
          5760.39      7.0738981E+001
          5771.68      7.0374973E+001
          5782.97      7.0000058E+001
          5794.26      6.9614456E+001
          5805.55      6.9217757E+001
          5816.84      6.8809520E+001
          5828.12      6.8389268E+001
          5839.41      6.7956491E+001
          5850.70      6.7510638E+001
          5861.99      6.7051120E+001
          5873.28      6.6577307E+001
          5884.57      6.6088526E+001
          5895.86      6.5584055E+001
          5907.15      6.5063120E+001
          5918.44      6.4524588E+001
          5929.73      6.3967563E+001
          5941.02      6.3391094E+001
          5952.30      6.2794165E+001
          5963.59      6.2175696E+001
          5974.88      6.1534469E+001
          5986.17      6.0869156E+001
          5997.46      6.0178429E+001
          6008.75      5.9460865E+001
          6020.04      5.8714936E+001
          6031.33      5.7939476E+001
          6042.62      5.7132742E+001
          6053.91      5.6292844E+001
          6065.20      5.5417727E+001
          6076.48      5.4505327E+001
          6087.77      5.3553351E+001
          6099.06      5.2559155E+001
          6110.35      5.1519844E+001
          6121.64      5.0432136E+001
          6132.93      4.9291911E+001
          6144.22      4.8095287E+001
          6155.51      4.6838269E+001
          6166.80      4.5516210E+001
          6178.09      4.4124601E+001
          6189.38      4.2658041E+001
          6200.66      4.1110227E+001
          6211.95      3.9474108E+001
          6223.24      3.7741762E+001
          6234.53      3.5904275E+001
          6245.82      3.3951582E+001
          6257.11      3.1872277E+001
          6268.40      2.9653399E+001
          6279.69      2.7280216E+001
          6290.98      2.4735772E+001
          6302.27      2.2000495E+001
          6313.55      1.9051721E+001
          6324.84      1.5863087E+001
          6336.13      1.2403700E+001
          6347.42      8.6370561E+000
          6358.71      4.5198135E+000
          6370.00      0.0000000E+000
