          3480.00      0.0000000E+000
          3491.29      8.7659642E+001
          3502.58      8.7482071E+001
          3513.87      8.7310700E+001
          3525.16      8.7145342E+001
          3536.45      8.6985807E+001
          3547.73      8.6831905E+001
          3559.02      8.6683441E+001
          3570.31      8.6540220E+001
          3581.60      8.6402047E+001
          3592.89      8.6268726E+001
          3604.18      8.6140038E+001
          3615.47      8.6015752E+001
          3626.76      8.5895681E+001
          3638.05      8.5779636E+001
          3649.34      8.5667431E+001
          3660.62      8.5558881E+001
          3671.91      8.5453803E+001
          3683.20      8.5352019E+001
          3694.49      8.5253354E+001
          3705.78      8.5157637E+001
          3717.07      8.5064702E+001
          3728.36      8.4974389E+001
          3739.65      8.4886541E+001
          3750.94      8.4801008E+001
          3762.23      8.4717644E+001
          3773.52      8.4636309E+001
          3784.80      8.4556869E+001
          3796.09      8.4479195E+001
          3807.38      8.4403171E+001
          3818.67      8.4328678E+001
          3829.96      8.4255604E+001
          3841.25      8.4183841E+001
          3852.54      8.4113285E+001
          3863.83      8.4043840E+001
          3875.12      8.3975412E+001
          3886.41      8.3907913E+001
          3897.70      8.3841260E+001
          3908.98      8.3775372E+001
          3920.27      8.3710175E+001
          3931.56      8.3645597E+001
          3942.85      8.3581572E+001
          3954.14      8.3518041E+001
          3965.43      8.3454945E+001
          3976.72      8.3392229E+001
          3988.01      8.3329838E+001
          3999.30      8.3267721E+001
          4010.59      8.3205831E+001
          4021.88      8.3144123E+001
          4033.16      8.3082553E+001
          4044.45      8.3021082E+001
          4055.74      8.2959671E+001
          4067.03      8.2898284E+001
          4078.32      8.2836887E+001
          4089.61      8.2775448E+001
          4100.90      8.2713936E+001
          4112.19      8.2652323E+001
          4123.48      8.2590581E+001
          4134.77      8.2528685E+001
          4146.05      8.2466608E+001
          4157.34      8.2404329E+001
          4168.63      8.2341823E+001
          4179.92      8.2279070E+001
          4191.21      8.2216050E+001
          4202.50      8.2152742E+001
          4213.79      8.2089128E+001
          4225.08      8.2025190E+001
          4236.37      8.1960910E+001
          4247.66      8.1896271E+001
          4258.95      8.1831256E+001
          4270.23      8.1765849E+001
          4281.52      8.1700035E+001
          4292.81      8.1633800E+001
          4304.10      8.1567128E+001
          4315.39      8.1500006E+001
          4326.68      8.1432419E+001
          4337.97      8.1364354E+001
          4349.26      8.1295798E+001
          4360.55      8.1226737E+001
          4371.84      8.1157172E+001
          4383.12      8.1087076E+001
          4394.41      8.1016436E+001
          4405.70      8.0945238E+001
          4416.99      8.0873469E+001
          4428.28      8.0801117E+001
          4439.57      8.0728169E+001
          4450.86      8.0654611E+001
          4462.15      8.0580432E+001
          4473.44      8.0505619E+001
          4484.73      8.0430158E+001
          4496.02      8.0354038E+001
          4507.30      8.0277244E+001
          4518.59      8.0199764E+001
          4529.88      8.0121584E+001
          4541.17      8.0042692E+001
          4552.46      7.9963074E+001
          4563.75      7.9882716E+001
          4575.04      7.9801606E+001
          4586.33      7.9719729E+001
          4597.62      7.9637069E+001
          4608.91      7.9553614E+001
          4620.20      7.9469348E+001
          4631.48      7.9384257E+001
          4642.77      7.9298324E+001
          4654.06      7.9211535E+001
          4665.35      7.9123873E+001
          4676.64      7.9035323E+001
          4687.93      7.8945868E+001
          4699.22      7.8855490E+001
          4710.51      7.8764174E+001
          4721.80      7.8671900E+001
          4733.09      7.8578652E+001
          4744.38      7.8484412E+001
          4755.66      7.8389159E+001
          4766.95      7.8292876E+001
          4778.24      7.8195543E+001
          4789.53      7.8097140E+001
          4800.82      7.7997646E+001
          4812.11      7.7897042E+001
          4823.40      7.7795304E+001
          4834.69      7.7692412E+001
          4845.98      7.7588344E+001
          4857.27      7.7483073E+001
          4868.55      7.7376578E+001
          4879.84      7.7268833E+001
          4891.13      7.7159814E+001
          4902.42      7.7049497E+001
          4913.71      7.6937854E+001
          4925.00      7.6824860E+001
          4936.29      7.6710487E+001
          4947.58      7.6594707E+001
          4958.87      7.6477492E+001
          4970.16      7.6358812E+001
          4981.45      7.6238638E+001
          4992.73      7.6116937E+001
          5004.02      7.5993677E+001
          5015.31      7.5868824E+001
          5026.60      7.5742344E+001
          5037.89      7.5614202E+001
          5049.18      7.5484364E+001
          5060.47      7.5352792E+001
          5071.76      7.5219450E+001
          5083.05      7.5084299E+001
          5094.34      7.4947300E+001
          5105.62      7.4808412E+001
          5116.91      7.4667592E+001
          5128.20      7.4524799E+001
          5139.49      7.4379987E+001
          5150.78      7.4233110E+001
          5162.07      7.4084119E+001
          5173.36      7.3932965E+001
          5184.65      7.3779599E+001
          5195.94      7.3623969E+001
          5207.23      7.3466023E+001
          5218.52      7.3305705E+001
          5229.80      7.3142960E+001
          5241.09      7.2977730E+001
          5252.38      7.2809955E+001
          5263.67      7.2639572E+001
          5274.96      7.2466519E+001
          5286.25      7.2290729E+001
          5297.54      7.2112134E+001
          5308.83      7.1930661E+001
          5320.12      7.1746238E+001
          5331.41      7.1558790E+001
          5342.70      7.1368239E+001
          5353.98      7.1174504E+001
          5365.27      7.0977504E+001
          5376.56      7.0777155E+001
          5387.85      7.0573364E+001
          5399.14      7.0366040E+001
          5410.43      7.0155088E+001
          5421.72      6.9940410E+001
          5433.01      6.9721903E+001
          5444.30      6.9499461E+001
          5455.59      6.9272969E+001
          5466.88      6.9042312E+001
          5478.16      6.8807373E+001
          5489.45      6.8568027E+001
          5500.74      6.8324149E+001
          5512.03      6.8075606E+001
          5523.32      6.7822261E+001
          5534.61      6.7563970E+001
          5545.90      6.7300586E+001
          5557.19      6.7031955E+001
          5568.48      6.6757915E+001
          5579.77      6.6478194E+001
          5591.05      6.6192599E+001
          5602.34      6.5900946E+001
          5613.63      6.5603043E+001
          5624.92      6.5298691E+001
          5636.21      6.4987683E+001
          5647.50      6.4669803E+001
          5658.79      6.4344827E+001
          5670.08      6.4012515E+001
          5681.37      6.3671822E+001
          5692.66      6.3322469E+001
          5703.95      6.2964167E+001
          5715.23      6.2596619E+001
          5726.52      6.2219519E+001
          5737.81      6.1832550E+001
          5749.10      6.1435383E+001
          5760.39      6.1027679E+001
          5771.68      6.0609084E+001
          5782.97      6.0179306E+001
          5794.26      5.9738798E+001
          5805.55      5.9287194E+001
          5816.84      5.8824106E+001
          5828.12      5.8349126E+001
          5839.41      5.7861820E+001
          5850.70      5.7361730E+001
          5861.99      5.6848372E+001
          5873.28      5.6321233E+001
          5884.57      5.5779772E+001
          5895.86      5.5223414E+001
          5907.15      5.4651549E+001
          5918.44      5.4063139E+001
          5929.73      5.3457486E+001
          5941.02      5.2833856E+001
          5952.30      5.2191472E+001
          5963.59      5.1529514E+001
          5974.88      5.0847032E+001
          5986.17      5.0142994E+001
          5997.46      4.9416418E+001
          6008.75      4.8666264E+001
          6020.04      4.7891431E+001
          6031.33      4.7091338E+001
          6042.62      4.6264769E+001
          6053.91      4.5410430E+001
          6065.20      4.4526934E+001
          6076.48      4.3613007E+001
          6087.77      4.2667235E+001
          6099.06      4.1687932E+001
          6110.35      4.0673289E+001
          6121.64      3.9621231E+001
          6132.93      3.8528904E+001
          6144.22      3.7393996E+001
          6155.51      3.6214331E+001
          6166.80      3.4987268E+001
          6178.09      3.3710685E+001
          6189.38      3.2381822E+001
          6200.66      3.0997361E+001
          6211.95      2.9553691E+001
          6223.24      2.8046863E+001
          6234.53      2.6472562E+001
          6245.82      2.4826065E+001
          6257.11      2.3102185E+001
          6268.40      2.1295234E+001
          6279.69      1.9399013E+001
          6290.98      1.7406618E+001
          6302.27      1.5310370E+001
          6313.55      1.3101757E+001
          6324.84      1.0771338E+001
          6336.13      8.3085760E+000
          6347.42      5.7016071E+000
          6358.71      2.9371149E+000
          6370.00      0.0000000E+000
