          3480.00      0.0000000E+000
          3491.29      5.6188042E-002
          3502.58      5.6059485E-002
          3513.87      5.5937053E-002
          3525.16      5.5820533E-002
          3536.45      5.5709704E-002
          3547.73      5.5604335E-002
          3559.02      5.5504189E-002
          3570.31      5.5409023E-002
          3581.60      5.5318593E-002
          3592.89      5.5232652E-002
          3604.18      5.5150953E-002
          3615.47      5.5073251E-002
          3626.76      5.4999305E-002
          3638.05      5.4928877E-002
          3649.34      5.4861736E-002
          3660.62      5.4797657E-002
          3671.91      5.4736423E-002
          3683.20      5.4677824E-002
          3694.49      5.4621661E-002
          3705.78      5.4567741E-002
          3717.07      5.4515884E-002
          3728.36      5.4465917E-002
          3739.65      5.4417678E-002
          3750.94      5.4371013E-002
          3762.23      5.4325780E-002
          3773.52      5.4281845E-002
          3784.80      5.4239082E-002
          3796.09      5.4197375E-002
          3807.38      5.4156617E-002
          3818.67      5.4116706E-002
          3829.96      5.4077551E-002
          3841.25      5.4039065E-002
          3852.54      5.4001172E-002
          3863.83      5.3963797E-002
          3875.12      5.3926875E-002
          3886.41      5.3890345E-002
          3897.70      5.3854150E-002
          3908.98      5.3818240E-002
          3920.27      5.3782567E-002
          3931.56      5.3747090E-002
          3942.85      5.3711768E-002
          3954.14      5.3676566E-002
          3965.43      5.3641452E-002
          3976.72      5.3606395E-002
          3988.01      5.3571368E-002
          3999.30      5.3536346E-002
          4010.59      5.3501307E-002
          4021.88      5.3466230E-002
          4033.16      5.3431095E-002
          4044.45      5.3395885E-002
          4055.74      5.3360583E-002
          4067.03      5.3325176E-002
          4078.32      5.3289649E-002
          4089.61      5.3253989E-002
          4100.90      5.3218185E-002
          4112.19      5.3182225E-002
          4123.48      5.3146101E-002
          4134.77      5.3109802E-002
          4146.05      5.3073318E-002
          4157.34      5.3036643E-002
          4168.63      5.2999768E-002
          4179.92      5.2962685E-002
          4191.21      5.2925388E-002
          4202.50      5.2887869E-002
          4213.79      5.2850121E-002
          4225.08      5.2812139E-002
          4236.37      5.2773917E-002
          4247.66      5.2735447E-002
          4258.95      5.2696726E-002
          4270.23      5.2657746E-002
          4281.52      5.2618502E-002
          4292.81      5.2578989E-002
          4304.10      5.2539201E-002
          4315.39      5.2499132E-002
          4326.68      5.2458778E-002
          4337.97      5.2418133E-002
          4349.26      5.2377192E-002
          4360.55      5.2335948E-002
          4371.84      5.2294397E-002
          4383.12      5.2252533E-002
          4394.41      5.2210351E-002
          4405.70      5.2167845E-002
          4416.99      5.2125009E-002
          4428.28      5.2081838E-002
          4439.57      5.2038326E-002
          4450.86      5.1994467E-002
          4462.15      5.1950255E-002
          4473.44      5.1905685E-002
          4484.73      5.1860748E-002
          4496.02      5.1815441E-002
          4507.30      5.1769756E-002
          4518.59      5.1723686E-002
          4529.88      5.1677226E-002
          4541.17      5.1630368E-002
          4552.46      5.1583106E-002
          4563.75      5.1535431E-002
          4575.04      5.1487339E-002
          4586.33      5.1438820E-002
          4597.62      5.1389867E-002
          4608.91      5.1340473E-002
          4620.20      5.1290631E-002
          4631.48      5.1240331E-002
          4642.77      5.1189566E-002
          4654.06      5.1138327E-002
          4665.35      5.1086607E-002
          4676.64      5.1034396E-002
          4687.93      5.0981684E-002
          4699.22      5.0928464E-002
          4710.51      5.0874726E-002
          4721.80      5.0820460E-002
          4733.09      5.0765656E-002
          4744.38      5.0710304E-002
          4755.66      5.0654395E-002
          4766.95      5.0597917E-002
          4778.24      5.0540859E-002
          4789.53      5.0483211E-002
          4800.82      5.0424962E-002
          4812.11      5.0366098E-002
          4823.40      5.0306610E-002
          4834.69      5.0246484E-002
          4845.98      5.0185708E-002
          4857.27      5.0124270E-002
          4868.55      5.0062155E-002
          4879.84      4.9999351E-002
          4891.13      4.9935843E-002
          4902.42      4.9871618E-002
          4913.71      4.9806660E-002
          4925.00      4.9740955E-002
          4936.29      4.9674488E-002
          4947.58      4.9607242E-002
          4958.87      4.9539201E-002
          4970.16      4.9470350E-002
          4981.45      4.9400669E-002
          4992.73      4.9330143E-002
          5004.02      4.9258753E-002
          5015.31      4.9186480E-002
          5026.60      4.9113305E-002
          5037.89      4.9039208E-002
          5049.18      4.8964170E-002
          5060.47      4.8888170E-002
          5071.76      4.8811185E-002
          5083.05      4.8733195E-002
          5094.34      4.8654176E-002
          5105.62      4.8574105E-002
          5116.91      4.8492958E-002
          5128.20      4.8410710E-002
          5139.49      4.8327337E-002
          5150.78      4.8242810E-002
          5162.07      4.8157105E-002
          5173.36      4.8070191E-002
          5184.65      4.7982042E-002
          5195.94      4.7892627E-002
          5207.23      4.7801915E-002
          5218.52      4.7709875E-002
          5229.80      4.7616474E-002
          5241.09      4.7521678E-002
          5252.38      4.7425454E-002
          5263.67      4.7327764E-002
          5274.96      4.7228573E-002
          5286.25      4.7127840E-002
          5297.54      4.7025528E-002
          5308.83      4.6921594E-002
          5320.12      4.6815997E-002
          5331.41      4.6708692E-002
          5342.70      4.6599634E-002
          5353.98      4.6488777E-002
          5365.27      4.6376071E-002
          5376.56      4.6261466E-002
          5387.85      4.6144910E-002
          5399.14      4.6026350E-002
          5410.43      4.5905727E-002
          5421.72      4.5782985E-002
          5433.01      4.5658064E-002
          5444.30      4.5530899E-002
          5455.59      4.5401427E-002
          5466.88      4.5269580E-002
          5478.16      4.5135288E-002
          5489.45      4.4998477E-002
          5500.74      4.4859071E-002
          5512.03      4.4716993E-002
          5523.32      4.4572159E-002
          5534.61      4.4424485E-002
          5545.90      4.4273880E-002
          5557.19      4.4120253E-002
          5568.48      4.3963507E-002
          5579.77      4.3803541E-002
          5591.05      4.3640250E-002
          5602.34      4.3473523E-002
          5613.63      4.3303248E-002
          5624.92      4.3129303E-002
          5636.21      4.2951563E-002
          5647.50      4.2769899E-002
          5658.79      4.2584173E-002
          5670.08      4.2394241E-002
          5681.37      4.2199955E-002
          5692.66      4.2001156E-002
          5703.95      4.1797679E-002
          5715.23      4.1589353E-002
          5726.52      4.1375995E-002
          5737.81      4.1157416E-002
          5749.10      4.0933414E-002
          5760.39      4.0703778E-002
          5771.68      4.0468289E-002
          5782.97      4.0226712E-002
          5794.26      3.9978801E-002
          5805.55      3.9724297E-002
          5816.84      3.9462927E-002
          5828.12      3.9194402E-002
          5839.41      3.8918417E-002
          5850.70      3.8634650E-002
          5861.99      3.8342758E-002
          5873.28      3.8042381E-002
          5884.57      3.7733135E-002
          5895.86      3.7414613E-002
          5907.15      3.7086383E-002
          5918.44      3.6747987E-002
          5929.73      3.6398936E-002
          5941.02      3.6038710E-002
          5952.30      3.5666754E-002
          5963.59      3.5282476E-002
          5974.88      3.4885246E-002
          5986.17      3.4474386E-002
          5997.46      3.4049173E-002
          6008.75      3.3608831E-002
          6020.04      3.3152529E-002
          6031.33      3.2679370E-002
          6042.62      3.2188391E-002
          6053.91      3.1678557E-002
          6065.20      3.1148746E-002
          6076.48      3.0597749E-002
          6087.77      3.0024258E-002
          6099.06      2.9426852E-002
          6110.35      2.8803990E-002
          6121.64      2.8153995E-002
          6132.93      2.7475041E-002
          6144.22      2.6765133E-002
          6155.51      2.6022090E-002
          6166.80      2.5243517E-002
          6178.09      2.4426791E-002
          6189.38      2.3569016E-002
          6200.66      2.2667001E-002
          6211.95      2.1717212E-002
          6223.24      2.0715730E-002
          6234.53      1.9658197E-002
          6245.82      1.8539749E-002
          6257.11      1.7354943E-002
          6268.40      1.6097670E-002
          6279.69      1.4761045E-002
          6290.98      1.3337283E-002
          6302.27      1.1817548E-002
          6313.55      1.0191764E-002
          6324.84      8.4484003E-003
          6336.13      6.5741866E-003
          6347.42      4.5537776E-003
          6358.71      2.3693375E-003
          6370.00      0.0000000E+000
