          3480.00      0.0000000E+000
          3491.29      9.1501558E+001
          3502.58      9.1327912E+001
          3513.87      9.1164702E+001
          3525.16      9.1011531E+001
          3536.45      9.0867966E+001
          3547.73      9.0733551E+001
          3559.02      9.0607812E+001
          3570.31      9.0490259E+001
          3581.60      9.0380393E+001
          3592.89      9.0277714E+001
          3604.18      9.0181713E+001
          3615.47      9.0091880E+001
          3626.76      9.0007736E+001
          3638.05      8.9928820E+001
          3649.34      8.9854684E+001
          3660.62      8.9784903E+001
          3671.91      8.9719074E+001
          3683.20      8.9656817E+001
          3694.49      8.9597777E+001
          3705.78      8.9541621E+001
          3717.07      8.9488044E+001
          3728.36      8.9436761E+001
          3739.65      8.9387514E+001
          3750.94      8.9340065E+001
          3762.23      8.9294196E+001
          3773.52      8.9249711E+001
          3784.80      8.9206432E+001
          3796.09      8.9164197E+001
          3807.38      8.9122868E+001
          3818.67      8.9082312E+001
          3829.96      8.9042414E+001
          3841.25      8.9003069E+001
          3852.54      8.8964182E+001
          3863.83      8.8925670E+001
          3875.12      8.8887459E+001
          3886.41      8.8849482E+001
          3897.70      8.8811680E+001
          3908.98      8.8774000E+001
          3920.27      8.8736394E+001
          3931.56      8.8698822E+001
          3942.85      8.8661245E+001
          3954.14      8.8623635E+001
          3965.43      8.8585962E+001
          3976.72      8.8548199E+001
          3988.01      8.8510324E+001
          3999.30      8.8472315E+001
          4010.59      8.8434151E+001
          4021.88      8.8395817E+001
          4033.16      8.8357295E+001
          4044.45      8.8318572E+001
          4055.74      8.8279633E+001
          4067.03      8.8240468E+001
          4078.32      8.8201065E+001
          4089.61      8.8161412E+001
          4100.90      8.8121502E+001
          4112.19      8.8081323E+001
          4123.48      8.8040869E+001
          4134.77      8.8000131E+001
          4146.05      8.7959100E+001
          4157.34      8.7917770E+001
          4168.63      8.7876132E+001
          4179.92      8.7834181E+001
          4191.21      8.7791908E+001
          4202.50      8.7749307E+001
          4213.79      8.7706372E+001
          4225.08      8.7663096E+001
          4236.37      8.7619471E+001
          4247.66      8.7575493E+001
          4258.95      8.7531152E+001
          4270.23      8.7486443E+001
          4281.52      8.7441359E+001
          4292.81      8.7395894E+001
          4304.10      8.7350041E+001
          4315.39      8.7303792E+001
          4326.68      8.7257141E+001
          4337.97      8.7210082E+001
          4349.26      8.7162606E+001
          4360.55      8.7114708E+001
          4371.84      8.7066388E+001
          4383.12      8.7017631E+001
          4394.41      8.6968428E+001
          4405.70      8.6918771E+001
          4416.99      8.6868651E+001
          4428.28      8.6818062E+001
          4439.57      8.6766994E+001
          4450.86      8.6715440E+001
          4462.15      8.6663390E+001
          4473.44      8.6610837E+001
          4484.73      8.6557772E+001
          4496.02      8.6504185E+001
          4507.30      8.6450068E+001
          4518.59      8.6395411E+001
          4529.88      8.6340204E+001
          4541.17      8.6284437E+001
          4552.46      8.6228102E+001
          4563.75      8.6171188E+001
          4575.04      8.6113684E+001
          4586.33      8.6055581E+001
          4597.62      8.5996865E+001
          4608.91      8.5937528E+001
          4620.20      8.5877557E+001
          4631.48      8.5816940E+001
          4642.77      8.5755665E+001
          4654.06      8.5693721E+001
          4665.35      8.5631094E+001
          4676.64      8.5567771E+001
          4687.93      8.5503740E+001
          4699.22      8.5438986E+001
          4710.51      8.5373496E+001
          4721.80      8.5307255E+001
          4733.09      8.5240249E+001
          4744.38      8.5172462E+001
          4755.66      8.5103881E+001
          4766.95      8.5034487E+001
          4778.24      8.4964267E+001
          4789.53      8.4893202E+001
          4800.82      8.4821277E+001
          4812.11      8.4748473E+001
          4823.40      8.4674773E+001
          4834.69      8.4600158E+001
          4845.98      8.4524609E+001
          4857.27      8.4448107E+001
          4868.55      8.4370630E+001
          4879.84      8.4292159E+001
          4891.13      8.4212673E+001
          4902.42      8.4132149E+001
          4913.71      8.4050567E+001
          4925.00      8.3967902E+001
          4936.29      8.3884133E+001
          4947.58      8.3799234E+001
          4958.87      8.3713181E+001
          4970.16      8.3625949E+001
          4981.45      8.3537511E+001
          4992.73      8.3447840E+001
          5004.02      8.3356908E+001
          5015.31      8.3264685E+001
          5026.60      8.3171141E+001
          5037.89      8.3076247E+001
          5049.18      8.2979971E+001
          5060.47      8.2882282E+001
          5071.76      8.2783145E+001
          5083.05      8.2682527E+001
          5094.34      8.2580392E+001
          5105.62      8.2476705E+001
          5116.91      8.2371428E+001
          5128.20      8.2264523E+001
          5139.49      8.2155948E+001
          5150.78      8.2045663E+001
          5162.07      8.1933623E+001
          5173.36      8.1819785E+001
          5184.65      8.1704103E+001
          5195.94      8.1586530E+001
          5207.23      8.1467018E+001
          5218.52      8.1345516E+001
          5229.80      8.1221973E+001
          5241.09      8.1096335E+001
          5252.38      8.0968547E+001
          5263.67      8.0838550E+001
          5274.96      8.0706286E+001
          5286.25      8.0571693E+001
          5297.54      8.0434707E+001
          5308.83      8.0295259E+001
          5320.12      8.0153280E+001
          5331.41      8.0008700E+001
          5342.70      7.9861444E+001
          5353.98      7.9711436E+001
          5365.27      7.9558595E+001
          5376.56      7.9402842E+001
          5387.85      7.9244086E+001
          5399.14      7.9082240E+001
          5410.43      7.8917210E+001
          5421.72      7.8748900E+001
          5433.01      7.8577209E+001
          5444.30      7.8402031E+001
          5455.59      7.8223254E+001
          5466.88      7.8040764E+001
          5478.16      7.7854442E+001
          5489.45      7.7664164E+001
          5500.74      7.7469802E+001
          5512.03      7.7271220E+001
          5523.32      7.7068280E+001
          5534.61      7.6860833E+001
          5545.90      7.6648727E+001
          5557.19      7.6431801E+001
          5568.48      7.6209888E+001
          5579.77      7.5982737E+001
          5591.05      7.5750149E+001
          5602.34      7.5511931E+001
          5613.63      7.5267882E+001
          5624.92      7.5017788E+001
          5636.21      7.4761431E+001
          5647.50      7.4498578E+001
          5658.79      7.4228987E+001
          5670.08      7.3952401E+001
          5681.37      7.3667969E+001
          5692.66      7.3375395E+001
          5703.95      7.3074373E+001
          5715.23      7.2764593E+001
          5726.52      7.2445732E+001
          5737.81      7.2117460E+001
          5749.10      7.1779430E+001
          5760.39      7.1431285E+001
          5771.68      7.1072648E+001
          5782.97      7.0703184E+001
          5794.26      7.0323100E+001
          5805.55      6.9931985E+001
          5816.84      6.9529397E+001
          5828.12      6.9114857E+001
          5839.41      6.8687849E+001
          5850.70      6.8247819E+001
          5861.99      6.7794174E+001
          5873.28      6.7326278E+001
          5884.57      6.6843448E+001
          5895.86      6.6344957E+001
          5907.15      6.5830020E+001
          5918.44      6.5297500E+001
          5929.73      6.4746492E+001
          5941.02      6.4176030E+001
          5952.30      6.3585086E+001
          5963.59      6.2972564E+001
          5974.88      6.2337229E+001
          5986.17      6.1677737E+001
          5997.46      6.0992739E+001
          6008.75      6.0280785E+001
          6020.04      5.9540323E+001
          6031.33      5.8770146E+001
          6042.62      5.7968475E+001
          6053.91      5.7133378E+001
          6065.20      5.6262754E+001
          6076.48      5.5354480E+001
          6087.77      5.4406198E+001
          6099.06      5.3415190E+001
          6110.35      5.2378476E+001
          6121.64      5.1292678E+001
          6132.93      5.0153574E+001
          6144.22      4.8957152E+001
          6155.51      4.7699262E+001
          6166.80      4.6375087E+001
          6178.09      4.4979909E+001
          6189.38      4.3508088E+001
          6200.66      4.1953049E+001
          6211.95      4.0307417E+001
          6223.24      3.8562887E+001
          6234.53      3.6710089E+001
          6245.82      3.4738422E+001
          6257.11      3.2635831E+001
          6268.40      3.0388585E+001
          6279.69      2.7981016E+001
          6290.98      2.5395039E+001
          6302.27      2.2609705E+001
          6313.55      1.9600662E+001
          6324.84      1.6339458E+001
          6336.13      1.2792608E+001
          6347.42      8.9203511E+000
          6358.71      4.6752271E+000
          6370.00      0.0000000E+000
