          3480.00      0.0000000E+000
          3491.29      3.0026365E-002
          3502.58      2.9932175E-002
          3513.87      2.9838381E-002
          3525.16      2.9744975E-002
          3536.45      2.9651945E-002
          3547.73      2.9559281E-002
          3559.02      2.9466975E-002
          3570.31      2.9375017E-002
          3581.60      2.9283396E-002
          3592.89      2.9192104E-002
          3604.18      2.9101132E-002
          3615.47      2.9010470E-002
          3626.76      2.8920111E-002
          3638.05      2.8830045E-002
          3649.34      2.8740263E-002
          3660.62      2.8650758E-002
          3671.91      2.8561521E-002
          3683.20      2.8472543E-002
          3694.49      2.8383818E-002
          3705.78      2.8295337E-002
          3717.07      2.8207092E-002
          3728.36      2.8119076E-002
          3739.65      2.8031281E-002
          3750.94      2.7943699E-002
          3762.23      2.7856324E-002
          3773.52      2.7769148E-002
          3784.80      2.7682164E-002
          3796.09      2.7595364E-002
          3807.38      2.7508743E-002
          3818.67      2.7422293E-002
          3829.96      2.7336007E-002
          3841.25      2.7249879E-002
          3852.54      2.7163903E-002
          3863.83      2.7078070E-002
          3875.12      2.6992376E-002
          3886.41      2.6906814E-002
          3897.70      2.6821377E-002
          3908.98      2.6736060E-002
          3920.27      2.6650855E-002
          3931.56      2.6565758E-002
          3942.85      2.6480762E-002
          3954.14      2.6395861E-002
          3965.43      2.6311049E-002
          3976.72      2.6226321E-002
          3988.01      2.6141670E-002
          3999.30      2.6057091E-002
          4010.59      2.5972579E-002
          4021.88      2.5888127E-002
          4033.16      2.5803730E-002
          4044.45      2.5719382E-002
          4055.74      2.5635079E-002
          4067.03      2.5550814E-002
          4078.32      2.5466582E-002
          4089.61      2.5382379E-002
          4100.90      2.5298198E-002
          4112.19      2.5214034E-002
          4123.48      2.5129882E-002
          4134.77      2.5045737E-002
          4146.05      2.4961593E-002
          4157.34      2.4877446E-002
          4168.63      2.4793290E-002
          4179.92      2.4709121E-002
          4191.21      2.4624933E-002
          4202.50      2.4540721E-002
          4213.79      2.4456480E-002
          4225.08      2.4372205E-002
          4236.37      2.4287891E-002
          4247.66      2.4203533E-002
          4258.95      2.4119127E-002
          4270.23      2.4034667E-002
          4281.52      2.3950148E-002
          4292.81      2.3865565E-002
          4304.10      2.3780914E-002
          4315.39      2.3696190E-002
          4326.68      2.3611388E-002
          4337.97      2.3526502E-002
          4349.26      2.3441529E-002
          4360.55      2.3356462E-002
          4371.84      2.3271298E-002
          4383.12      2.3186031E-002
          4394.41      2.3100657E-002
          4405.70      2.3015171E-002
          4416.99      2.2929568E-002
          4428.28      2.2843842E-002
          4439.57      2.2757990E-002
          4450.86      2.2672006E-002
          4462.15      2.2585886E-002
          4473.44      2.2499624E-002
          4484.73      2.2413216E-002
          4496.02      2.2326656E-002
          4507.30      2.2239941E-002
          4518.59      2.2153064E-002
          4529.88      2.2066021E-002
          4541.17      2.1978808E-002
          4552.46      2.1891418E-002
          4563.75      2.1803848E-002
          4575.04      2.1716091E-002
          4586.33      2.1628144E-002
          4597.62      2.1540000E-002
          4608.91      2.1451656E-002
          4620.20      2.1363105E-002
          4631.48      2.1274343E-002
          4642.77      2.1185365E-002
          4654.06      2.1096165E-002
          4665.35      2.1006739E-002
          4676.64      2.0917081E-002
          4687.93      2.0827185E-002
          4699.22      2.0737047E-002
          4710.51      2.0646661E-002
          4721.80      2.0556021E-002
          4733.09      2.0465124E-002
          4744.38      2.0373962E-002
          4755.66      2.0282531E-002
          4766.95      2.0190825E-002
          4778.24      2.0098838E-002
          4789.53      2.0006566E-002
          4800.82      1.9914002E-002
          4812.11      1.9821140E-002
          4823.40      1.9727976E-002
          4834.69      1.9634502E-002
          4845.98      1.9540715E-002
          4857.27      1.9446606E-002
          4868.55      1.9352172E-002
          4879.84      1.9257405E-002
          4891.13      1.9162299E-002
          4902.42      1.9066850E-002
          4913.71      1.8971050E-002
          4925.00      1.8874893E-002
          4936.29      1.8778373E-002
          4947.58      1.8681485E-002
          4958.87      1.8584220E-002
          4970.16      1.8486574E-002
          4981.45      1.8388539E-002
          4992.73      1.8290109E-002
          5004.02      1.8191277E-002
          5015.31      1.8092038E-002
          5026.60      1.7992383E-002
          5037.89      1.7892306E-002
          5049.18      1.7791800E-002
          5060.47      1.7690858E-002
          5071.76      1.7589473E-002
          5083.05      1.7487639E-002
          5094.34      1.7385347E-002
          5105.62      1.7282590E-002
          5116.91      1.7179361E-002
          5128.20      1.7075653E-002
          5139.49      1.6971457E-002
          5150.78      1.6866767E-002
          5162.07      1.6761574E-002
          5173.36      1.6655871E-002
          5184.65      1.6549649E-002
          5195.94      1.6442901E-002
          5207.23      1.6335618E-002
          5218.52      1.6227792E-002
          5229.80      1.6119415E-002
          5241.09      1.6010478E-002
          5252.38      1.5900973E-002
          5263.67      1.5790891E-002
          5274.96      1.5680222E-002
          5286.25      1.5568959E-002
          5297.54      1.5457092E-002
          5308.83      1.5344612E-002
          5320.12      1.5231509E-002
          5331.41      1.5117774E-002
          5342.70      1.5003397E-002
          5353.98      1.4888369E-002
          5365.27      1.4772680E-002
          5376.56      1.4656320E-002
          5387.85      1.4539279E-002
          5399.14      1.4421546E-002
          5410.43      1.4303111E-002
          5421.72      1.4183963E-002
          5433.01      1.4064091E-002
          5444.30      1.3943485E-002
          5455.59      1.3822134E-002
          5466.88      1.3700026E-002
          5478.16      1.3577150E-002
          5489.45      1.3453494E-002
          5500.74      1.3329046E-002
          5512.03      1.3203795E-002
          5523.32      1.3077728E-002
          5534.61      1.2950832E-002
          5545.90      1.2823096E-002
          5557.19      1.2694507E-002
          5568.48      1.2565051E-002
          5579.77      1.2434716E-002
          5591.05      1.2303487E-002
          5602.34      1.2171352E-002
          5613.63      1.2038296E-002
          5624.92      1.1904306E-002
          5636.21      1.1769367E-002
          5647.50      1.1633465E-002
          5658.79      1.1496584E-002
          5670.08      1.1358711E-002
          5681.37      1.1219828E-002
          5692.66      1.1079922E-002
          5703.95      1.0938975E-002
          5715.23      1.0796973E-002
          5726.52      1.0653898E-002
          5737.81      1.0509733E-002
          5749.10      1.0364463E-002
          5760.39      1.0218069E-002
          5771.68      1.0070534E-002
          5782.97      9.9218394E-003
          5794.26      9.7719679E-003
          5805.55      9.6209005E-003
          5816.84      9.4686183E-003
          5828.12      9.3151020E-003
          5839.41      9.1603319E-003
          5850.70      9.0042880E-003
          5861.99      8.8469497E-003
          5873.28      8.6882967E-003
          5884.57      8.5283075E-003
          5895.86      8.3669603E-003
          5907.15      8.2042336E-003
          5918.44      8.0401047E-003
          5929.73      7.8745507E-003
          5941.02      7.7075483E-003
          5952.30      7.5390735E-003
          5963.59      7.3691025E-003
          5974.88      7.1976103E-003
          5986.17      7.0245715E-003
          5997.46      6.8499606E-003
          6008.75      6.6737512E-003
          6020.04      6.4959165E-003
          6031.33      6.3164292E-003
          6042.62      6.1352610E-003
          6053.91      5.9523839E-003
          6065.20      5.7677684E-003
          6076.48      5.5813847E-003
          6087.77      5.3932028E-003
          6099.06      5.2031915E-003
          6110.35      5.0113190E-003
          6121.64      4.8175530E-003
          6132.93      4.6218602E-003
          6144.22      4.4242072E-003
          6155.51      4.2245591E-003
          6166.80      4.0228807E-003
          6178.09      3.8191360E-003
          6189.38      3.6132879E-003
          6200.66      3.4052988E-003
          6211.95      3.1951300E-003
          6223.24      2.9827418E-003
          6234.53      2.7680942E-003
          6245.82      2.5511456E-003
          6257.11      2.3318536E-003
          6268.40      2.1101753E-003
          6279.69      1.8860661E-003
          6290.98      1.6594806E-003
          6302.27      1.4303725E-003
          6313.55      1.1986939E-003
          6324.84      9.6439647E-004
          6336.13      7.2743018E-004
          6347.42      4.8774364E-004
          6358.71      2.4528488E-004
          6370.00      0.0000000E+000
