          3480.00      0.0000000E+000
          3491.29      5.3226247E-002
          3502.58      5.3096765E-002
          3513.87      5.2970844E-002
          3525.16      5.2848379E-002
          3536.45      5.2729267E-002
          3547.73      5.2613403E-002
          3559.02      5.2500681E-002
          3570.31      5.2390998E-002
          3581.60      5.2284250E-002
          3592.89      5.2180335E-002
          3604.18      5.2079151E-002
          3615.47      5.1980597E-002
          3626.76      5.1884574E-002
          3638.05      5.1790982E-002
          3649.34      5.1699725E-002
          3660.62      5.1610707E-002
          3671.91      5.1523835E-002
          3683.20      5.1439017E-002
          3694.49      5.1356161E-002
          3705.78      5.1275180E-002
          3717.07      5.1195987E-002
          3728.36      5.1118499E-002
          3739.65      5.1042631E-002
          3750.94      5.0968306E-002
          3762.23      5.0895444E-002
          3773.52      5.0823970E-002
          3784.80      5.0753811E-002
          3796.09      5.0684894E-002
          3807.38      5.0617152E-002
          3818.67      5.0550517E-002
          3829.96      5.0484925E-002
          3841.25      5.0420314E-002
          3852.54      5.0356622E-002
          3863.83      5.0293794E-002
          3875.12      5.0231772E-002
          3886.41      5.0170503E-002
          3897.70      5.0109934E-002
          3908.98      5.0050018E-002
          3920.27      4.9990705E-002
          3931.56      4.9931950E-002
          3942.85      4.9873708E-002
          3954.14      4.9815939E-002
          3965.43      4.9758601E-002
          3976.72      4.9701655E-002
          3988.01      4.9645064E-002
          3999.30      4.9588794E-002
          4010.59      4.9532809E-002
          4021.88      4.9477077E-002
          4033.16      4.9421568E-002
          4044.45      4.9366250E-002
          4055.74      4.9311097E-002
          4067.03      4.9256079E-002
          4078.32      4.9201171E-002
          4089.61      4.9146349E-002
          4100.90      4.9091587E-002
          4112.19      4.9036864E-002
          4123.48      4.8982156E-002
          4134.77      4.8927443E-002
          4146.05      4.8872705E-002
          4157.34      4.8817922E-002
          4168.63      4.8763076E-002
          4179.92      4.8708149E-002
          4191.21      4.8653122E-002
          4202.50      4.8597981E-002
          4213.79      4.8542709E-002
          4225.08      4.8487290E-002
          4236.37      4.8431709E-002
          4247.66      4.8375953E-002
          4258.95      4.8320007E-002
          4270.23      4.8263858E-002
          4281.52      4.8207494E-002
          4292.81      4.8150900E-002
          4304.10      4.8094065E-002
          4315.39      4.8036977E-002
          4326.68      4.7979625E-002
          4337.97      4.7921996E-002
          4349.26      4.7864080E-002
          4360.55      4.7805866E-002
          4371.84      4.7747343E-002
          4383.12      4.7688500E-002
          4394.41      4.7629328E-002
          4405.70      4.7569815E-002
          4416.99      4.7509953E-002
          4428.28      4.7449730E-002
          4439.57      4.7389137E-002
          4450.86      4.7328164E-002
          4462.15      4.7266802E-002
          4473.44      4.7205041E-002
          4484.73      4.7142871E-002
          4496.02      4.7080282E-002
          4507.30      4.7017266E-002
          4518.59      4.6953811E-002
          4529.88      4.6889910E-002
          4541.17      4.6825551E-002
          4552.46      4.6760726E-002
          4563.75      4.6695424E-002
          4575.04      4.6629636E-002
          4586.33      4.6563352E-002
          4597.62      4.6496562E-002
          4608.91      4.6429256E-002
          4620.20      4.6361424E-002
          4631.48      4.6293055E-002
          4642.77      4.6224139E-002
          4654.06      4.6154666E-002
          4665.35      4.6084625E-002
          4676.64      4.6014005E-002
          4687.93      4.5942795E-002
          4699.22      4.5870985E-002
          4710.51      4.5798562E-002
          4721.80      4.5725515E-002
          4733.09      4.5651833E-002
          4744.38      4.5577503E-002
          4755.66      4.5502515E-002
          4766.95      4.5426854E-002
          4778.24      4.5350509E-002
          4789.53      4.5273468E-002
          4800.82      4.5195716E-002
          4812.11      4.5117240E-002
          4823.40      4.5038028E-002
          4834.69      4.4958065E-002
          4845.98      4.4877336E-002
          4857.27      4.4795829E-002
          4868.55      4.4713527E-002
          4879.84      4.4630415E-002
          4891.13      4.4546479E-002
          4902.42      4.4461703E-002
          4913.71      4.4376069E-002
          4925.00      4.4289563E-002
          4936.29      4.4202166E-002
          4947.58      4.4113863E-002
          4958.87      4.4024634E-002
          4970.16      4.3934462E-002
          4981.45      4.3843328E-002
          4992.73      4.3751214E-002
          5004.02      4.3658099E-002
          5015.31      4.3563965E-002
          5026.60      4.3468790E-002
          5037.89      4.3372553E-002
          5049.18      4.3275233E-002
          5060.47      4.3176809E-002
          5071.76      4.3077257E-002
          5083.05      4.2976553E-002
          5094.34      4.2874676E-002
          5105.62      4.2771599E-002
          5116.91      4.2667298E-002
          5128.20      4.2561747E-002
          5139.49      4.2454919E-002
          5150.78      4.2346788E-002
          5162.07      4.2237326E-002
          5173.36      4.2126503E-002
          5184.65      4.2014291E-002
          5195.94      4.1900659E-002
          5207.23      4.1785575E-002
          5218.52      4.1669009E-002
          5229.80      4.1550926E-002
          5241.09      4.1431293E-002
          5252.38      4.1310075E-002
          5263.67      4.1187236E-002
          5274.96      4.1062739E-002
          5286.25      4.0936546E-002
          5297.54      4.0808617E-002
          5308.83      4.0678913E-002
          5320.12      4.0547391E-002
          5331.41      4.0414008E-002
          5342.70      4.0278721E-002
          5353.98      4.0141484E-002
          5365.27      4.0002249E-002
          5376.56      3.9860967E-002
          5387.85      3.9717590E-002
          5399.14      3.9572064E-002
          5410.43      3.9424337E-002
          5421.72      3.9274353E-002
          5433.01      3.9122056E-002
          5444.30      3.8967385E-002
          5455.59      3.8810281E-002
          5466.88      3.8650681E-002
          5478.16      3.8488518E-002
          5489.45      3.8323727E-002
          5500.74      3.8156236E-002
          5512.03      3.7985975E-002
          5523.32      3.7812868E-002
          5534.61      3.7636838E-002
          5545.90      3.7457804E-002
          5557.19      3.7275684E-002
          5568.48      3.7090392E-002
          5579.77      3.6901838E-002
          5591.05      3.6709929E-002
          5602.34      3.6514569E-002
          5613.63      3.6315658E-002
          5624.92      3.6113093E-002
          5636.21      3.5906767E-002
          5647.50      3.5696566E-002
          5658.79      3.5482375E-002
          5670.08      3.5264072E-002
          5681.37      3.5041532E-002
          5692.66      3.4814623E-002
          5703.95      3.4583210E-002
          5715.23      3.4347149E-002
          5726.52      3.4106293E-002
          5737.81      3.3860487E-002
          5749.10      3.3609570E-002
          5760.39      3.3353374E-002
          5771.68      3.3091723E-002
          5782.97      3.2824434E-002
          5794.26      3.2551315E-002
          5805.55      3.2272167E-002
          5816.84      3.1986778E-002
          5828.12      3.1694931E-002
          5839.41      3.1396395E-002
          5850.70      3.1090930E-002
          5861.99      3.0778282E-002
          5873.28      3.0458190E-002
          5884.57      3.0130373E-002
          5895.86      2.9794541E-002
          5907.15      2.9450387E-002
          5918.44      2.9097590E-002
          5929.73      2.8735810E-002
          5941.02      2.8364691E-002
          5952.30      2.7983857E-002
          5963.59      2.7592912E-002
          5974.88      2.7191437E-002
          5986.17      2.6778993E-002
          5997.46      2.6355113E-002
          6008.75      2.5919303E-002
          6020.04      2.5471044E-002
          6031.33      2.5009783E-002
          6042.62      2.4534933E-002
          6053.91      2.4045876E-002
          6065.20      2.3541953E-002
          6076.48      2.3022462E-002
          6087.77      2.2486659E-002
          6099.06      2.1933752E-002
          6110.35      2.1362894E-002
          6121.64      2.0773186E-002
          6132.93      2.0163663E-002
          6144.22      1.9533296E-002
          6155.51      1.8880985E-002
          6166.80      1.8205546E-002
          6178.09      1.7505715E-002
          6189.38      1.6780130E-002
          6200.66      1.6027326E-002
          6211.95      1.5245728E-002
          6223.24      1.4433633E-002
          6234.53      1.3589204E-002
          6245.82      1.2710454E-002
          6257.11      1.1795227E-002
          6268.40      1.0841187E-002
          6279.69      9.8457891E-003
          6290.98      8.8062659E-003
          6302.27      7.7195951E-003
          6313.55      6.5824717E-003
          6324.84      5.3912780E-003
          6336.13      4.1420386E-003
          6347.42      2.8303791E-003
          6358.71      1.4514778E-003
          6370.00      0.0000000E+000
