          3480.00      0.0000000E+000
          3491.29      5.2008316E-002
          3502.58      5.1879324E-002
          3513.87      5.1753323E-002
          3525.16      5.1630227E-002
          3536.45      5.1509953E-002
          3547.73      5.1392414E-002
          3559.02      5.1277529E-002
          3570.31      5.1165213E-002
          3581.60      5.1055384E-002
          3592.89      5.0947962E-002
          3604.18      5.0842867E-002
          3615.47      5.0740020E-002
          3626.76      5.0639342E-002
          3638.05      5.0540756E-002
          3649.34      5.0444188E-002
          3660.62      5.0349563E-002
          3671.91      5.0256807E-002
          3683.20      5.0165850E-002
          3694.49      5.0076619E-002
          3705.78      4.9989048E-002
          3717.07      4.9903066E-002
          3728.36      4.9818609E-002
          3739.65      4.9735612E-002
          3750.94      4.9654011E-002
          3762.23      4.9573745E-002
          3773.52      4.9494752E-002
          3784.80      4.9416975E-002
          3796.09      4.9340356E-002
          3807.38      4.9264839E-002
          3818.67      4.9190370E-002
          3829.96      4.9116895E-002
          3841.25      4.9044364E-002
          3852.54      4.8972727E-002
          3863.83      4.8901934E-002
          3875.12      4.8831940E-002
          3886.41      4.8762698E-002
          3897.70      4.8694164E-002
          3908.98      4.8626296E-002
          3920.27      4.8559052E-002
          3931.56      4.8492392E-002
          3942.85      4.8426276E-002
          3954.14      4.8360668E-002
          3965.43      4.8295531E-002
          3976.72      4.8230830E-002
          3988.01      4.8166530E-002
          3999.30      4.8102600E-002
          4010.59      4.8039007E-002
          4021.88      4.7975720E-002
          4033.16      4.7912711E-002
          4044.45      4.7849950E-002
          4055.74      4.7787409E-002
          4067.03      4.7725063E-002
          4078.32      4.7662885E-002
          4089.61      4.7600850E-002
          4100.90      4.7538934E-002
          4112.19      4.7477115E-002
          4123.48      4.7415369E-002
          4134.77      4.7353676E-002
          4146.05      4.7292013E-002
          4157.34      4.7230360E-002
          4168.63      4.7168699E-002
          4179.92      4.7107009E-002
          4191.21      4.7045272E-002
          4202.50      4.6983471E-002
          4213.79      4.6921589E-002
          4225.08      4.6859607E-002
          4236.37      4.6797511E-002
          4247.66      4.6735283E-002
          4258.95      4.6672909E-002
          4270.23      4.6610374E-002
          4281.52      4.6547663E-002
          4292.81      4.6484761E-002
          4304.10      4.6421656E-002
          4315.39      4.6358332E-002
          4326.68      4.6294777E-002
          4337.97      4.6230978E-002
          4349.26      4.6166923E-002
          4360.55      4.6102597E-002
          4371.84      4.6037991E-002
          4383.12      4.5973090E-002
          4394.41      4.5907883E-002
          4405.70      4.5842360E-002
          4416.99      4.5776507E-002
          4428.28      4.5710314E-002
          4439.57      4.5643769E-002
          4450.86      4.5576861E-002
          4462.15      4.5509579E-002
          4473.44      4.5441913E-002
          4484.73      4.5373850E-002
          4496.02      4.5305381E-002
          4507.30      4.5236494E-002
          4518.59      4.5167179E-002
          4529.88      4.5097425E-002
          4541.17      4.5027220E-002
          4552.46      4.4956555E-002
          4563.75      4.4885419E-002
          4575.04      4.4813800E-002
          4586.33      4.4741688E-002
          4597.62      4.4669072E-002
          4608.91      4.4595941E-002
          4620.20      4.4522284E-002
          4631.48      4.4448089E-002
          4642.77      4.4373346E-002
          4654.06      4.4298044E-002
          4665.35      4.4222170E-002
          4676.64      4.4145713E-002
          4687.93      4.4068663E-002
          4699.22      4.3991006E-002
          4710.51      4.3912731E-002
          4721.80      4.3833826E-002
          4733.09      4.3754278E-002
          4744.38      4.3674076E-002
          4755.66      4.3593206E-002
          4766.95      4.3511656E-002
          4778.24      4.3429412E-002
          4789.53      4.3346462E-002
          4800.82      4.3262792E-002
          4812.11      4.3178388E-002
          4823.40      4.3093236E-002
          4834.69      4.3007323E-002
          4845.98      4.2920633E-002
          4857.27      4.2833152E-002
          4868.55      4.2744864E-002
          4879.84      4.2655756E-002
          4891.13      4.2565810E-002
          4902.42      4.2475011E-002
          4913.71      4.2383342E-002
          4925.00      4.2290788E-002
          4936.29      4.2197331E-002
          4947.58      4.2102954E-002
          4958.87      4.2007638E-002
          4970.16      4.1911367E-002
          4981.45      4.1814121E-002
          4992.73      4.1715881E-002
          5004.02      4.1616628E-002
          5015.31      4.1516343E-002
          5026.60      4.1415004E-002
          5037.89      4.1312591E-002
          5049.18      4.1209084E-002
          5060.47      4.1104459E-002
          5071.76      4.0998696E-002
          5083.05      4.0891770E-002
          5094.34      4.0783658E-002
          5105.62      4.0674338E-002
          5116.91      4.0563783E-002
          5128.20      4.0451968E-002
          5139.49      4.0338869E-002
          5150.78      4.0224457E-002
          5162.07      4.0108707E-002
          5173.36      3.9991589E-002
          5184.65      3.9873076E-002
          5195.94      3.9753137E-002
          5207.23      3.9631743E-002
          5218.52      3.9508863E-002
          5229.80      3.9384464E-002
          5241.09      3.9258513E-002
          5252.38      3.9130978E-002
          5263.67      3.9001823E-002
          5274.96      3.8871012E-002
          5286.25      3.8738510E-002
          5297.54      3.8604277E-002
          5308.83      3.8468277E-002
          5320.12      3.8330467E-002
          5331.41      3.8190809E-002
          5342.70      3.8049258E-002
          5353.98      3.7905772E-002
          5365.27      3.7760306E-002
          5376.56      3.7612814E-002
          5387.85      3.7463247E-002
          5399.14      3.7311557E-002
          5410.43      3.7157693E-002
          5421.72      3.7001603E-002
          5433.01      3.6843233E-002
          5444.30      3.6682528E-002
          5455.59      3.6519430E-002
          5466.88      3.6353881E-002
          5478.16      3.6185818E-002
          5489.45      3.6015179E-002
          5500.74      3.5841899E-002
          5512.03      3.5665910E-002
          5523.32      3.5487143E-002
          5534.61      3.5305526E-002
          5545.90      3.5120984E-002
          5557.19      3.4933440E-002
          5568.48      3.4742816E-002
          5579.77      3.4549027E-002
          5591.05      3.4351989E-002
          5602.34      3.4151613E-002
          5613.63      3.3947808E-002
          5624.92      3.3740479E-002
          5636.21      3.3529526E-002
          5647.50      3.3314849E-002
          5658.79      3.3096341E-002
          5670.08      3.2873892E-002
          5681.37      3.2647388E-002
          5692.66      3.2416711E-002
          5703.95      3.2181737E-002
          5715.23      3.1942337E-002
          5726.52      3.1698381E-002
          5737.81      3.1449728E-002
          5749.10      3.1196234E-002
          5760.39      3.0937751E-002
          5771.68      3.0674121E-002
          5782.97      3.0405183E-002
          5794.26      3.0130766E-002
          5805.55      2.9850694E-002
          5816.84      2.9564782E-002
          5828.12      2.9272839E-002
          5839.41      2.8974664E-002
          5850.70      2.8670045E-002
          5861.99      2.8358766E-002
          5873.28      2.8040595E-002
          5884.57      2.7715294E-002
          5895.86      2.7382611E-002
          5907.15      2.7042284E-002
          5918.44      2.6694037E-002
          5929.73      2.6337581E-002
          5941.02      2.5972614E-002
          5952.30      2.5598817E-002
          5963.59      2.5215858E-002
          5974.88      2.4823385E-002
          5986.17      2.4421030E-002
          5997.46      2.4008404E-002
          6008.75      2.3585099E-002
          6020.04      2.3150686E-002
          6031.33      2.2704709E-002
          6042.62      2.2246690E-002
          6053.91      2.1776125E-002
          6065.20      2.1292479E-002
          6076.48      2.0795187E-002
          6087.77      2.0283653E-002
          6099.06      1.9757244E-002
          6110.35      1.9215288E-002
          6121.64      1.8657075E-002
          6132.93      1.8081849E-002
          6144.22      1.7488808E-002
          6155.51      1.6877098E-002
          6166.80      1.6245807E-002
          6178.09      1.5593970E-002
          6189.38      1.4920550E-002
          6200.66      1.4224443E-002
          6211.95      1.3504468E-002
          6223.24      1.2759360E-002
          6234.53      1.1987764E-002
          6245.82      1.1188227E-002
          6257.11      1.0359184E-002
          6268.40      9.4989566E-003
          6279.69      8.6057317E-003
          6290.98      7.6775558E-003
          6302.27      6.7123174E-003
          6313.55      5.7077310E-003
          6324.84      4.6613223E-003
          6336.13      3.5704021E-003
          6347.42      2.4320461E-003
          6358.71      1.2430712E-003
          6370.00      0.0000000E+000
