          3480.00      0.0000000E+000
          3491.29      5.7302043E-002
          3502.58      5.7175550E-002
          3513.87      5.7057153E-002
          3525.16      5.6946522E-002
          3536.45      5.6843298E-002
          3547.73      5.6747099E-002
          3559.02      5.6657527E-002
          3570.31      5.6574172E-002
          3581.60      5.6496617E-002
          3592.89      5.6424445E-002
          3604.18      5.6357246E-002
          3615.47      5.6294615E-002
          3626.76      5.6236162E-002
          3638.05      5.6181511E-002
          3649.34      5.6130306E-002
          3660.62      5.6082209E-002
          3671.91      5.6036902E-002
          3683.20      5.5994093E-002
          3694.49      5.5953507E-002
          3705.78      5.5914893E-002
          3717.07      5.5878021E-002
          3728.36      5.5842683E-002
          3739.65      5.5808687E-002
          3750.94      5.5775862E-002
          3762.23      5.5744054E-002
          3773.52      5.5713124E-002
          3784.80      5.5682948E-002
          3796.09      5.5653416E-002
          3807.38      5.5624430E-002
          3818.67      5.5595903E-002
          3829.96      5.5567757E-002
          3841.25      5.5539924E-002
          3852.54      5.5512345E-002
          3863.83      5.5484966E-002
          3875.12      5.5457741E-002
          3886.41      5.5430629E-002
          3897.70      5.5403593E-002
          3908.98      5.5376602E-002
          3920.27      5.5349628E-002
          3931.56      5.5322647E-002
          3942.85      5.5295636E-002
          3954.14      5.5268577E-002
          3965.43      5.5241453E-002
          3976.72      5.5214248E-002
          3988.01      5.5186951E-002
          3999.30      5.5159548E-002
          4010.59      5.5132030E-002
          4021.88      5.5104387E-002
          4033.16      5.5076610E-002
          4044.45      5.5048692E-002
          4055.74      5.5020626E-002
          4067.03      5.4992405E-002
          4078.32      5.4964023E-002
          4089.61      5.4935476E-002
          4100.90      5.4906757E-002
          4112.19      5.4877863E-002
          4123.48      5.4848788E-002
          4134.77      5.4819528E-002
          4146.05      5.4790079E-002
          4157.34      5.4760436E-002
          4168.63      5.4730597E-002
          4179.92      5.4700557E-002
          4191.21      5.4670312E-002
          4202.50      5.4639858E-002
          4213.79      5.4609193E-002
          4225.08      5.4578312E-002
          4236.37      5.4547211E-002
          4247.66      5.4515887E-002
          4258.95      5.4484336E-002
          4270.23      5.4452554E-002
          4281.52      5.4420538E-002
          4292.81      5.4388284E-002
          4304.10      5.4355787E-002
          4315.39      5.4323045E-002
          4326.68      5.4290052E-002
          4337.97      5.4256806E-002
          4349.26      5.4223301E-002
          4360.55      5.4189534E-002
          4371.84      5.4155501E-002
          4383.12      5.4121196E-002
          4394.41      5.4086616E-002
          4405.70      5.4051756E-002
          4416.99      5.4016611E-002
          4428.28      5.3981178E-002
          4439.57      5.3945450E-002
          4450.86      5.3909423E-002
          4462.15      5.3873093E-002
          4473.44      5.3836453E-002
          4484.73      5.3799499E-002
          4496.02      5.3762225E-002
          4507.30      5.3724626E-002
          4518.59      5.3686697E-002
          4529.88      5.3648431E-002
          4541.17      5.3609823E-002
          4552.46      5.3570866E-002
          4563.75      5.3531555E-002
          4575.04      5.3491884E-002
          4586.33      5.3451845E-002
          4597.62      5.3411433E-002
          4608.91      5.3370641E-002
          4620.20      5.3329461E-002
          4631.48      5.3287888E-002
          4642.77      5.3245913E-002
          4654.06      5.3203529E-002
          4665.35      5.3160729E-002
          4676.64      5.3117505E-002
          4687.93      5.3073849E-002
          4699.22      5.3029753E-002
          4710.51      5.2985209E-002
          4721.80      5.2940208E-002
          4733.09      5.2894742E-002
          4744.38      5.2848801E-002
          4755.66      5.2802376E-002
          4766.95      5.2755459E-002
          4778.24      5.2708038E-002
          4789.53      5.2660106E-002
          4800.82      5.2611650E-002
          4812.11      5.2562662E-002
          4823.40      5.2513130E-002
          4834.69      5.2463043E-002
          4845.98      5.2412390E-002
          4857.27      5.2361160E-002
          4868.55      5.2309341E-002
          4879.84      5.2256921E-002
          4891.13      5.2203886E-002
          4902.42      5.2150225E-002
          4913.71      5.2095924E-002
          4925.00      5.2040970E-002
          4936.29      5.1985348E-002
          4947.58      5.1929045E-002
          4958.87      5.1872045E-002
          4970.16      5.1814335E-002
          4981.45      5.1755897E-002
          4992.73      5.1696716E-002
          5004.02      5.1636777E-002
          5015.31      5.1576061E-002
          5026.60      5.1514551E-002
          5037.89      5.1452230E-002
          5049.18      5.1389079E-002
          5060.47      5.1325078E-002
          5071.76      5.1260210E-002
          5083.05      5.1194452E-002
          5094.34      5.1127785E-002
          5105.62      5.1060187E-002
          5116.91      5.0991636E-002
          5128.20      5.0922109E-002
          5139.49      5.0851583E-002
          5150.78      5.0780033E-002
          5162.07      5.0707435E-002
          5173.36      5.0633762E-002
          5184.65      5.0558988E-002
          5195.94      5.0483086E-002
          5207.23      5.0406027E-002
          5218.52      5.0327781E-002
          5229.80      5.0248319E-002
          5241.09      5.0167609E-002
          5252.38      5.0085618E-002
          5263.67      5.0002312E-002
          5274.96      4.9917658E-002
          5286.25      4.9831619E-002
          5297.54      4.9744158E-002
          5308.83      4.9655236E-002
          5320.12      4.9564814E-002
          5331.41      4.9472849E-002
          5342.70      4.9379300E-002
          5353.98      4.9284121E-002
          5365.27      4.9187266E-002
          5376.56      4.9088688E-002
          5387.85      4.8988337E-002
          5399.14      4.8886161E-002
          5410.43      4.8782107E-002
          5421.72      4.8676118E-002
          5433.01      4.8568137E-002
          5444.30      4.8458104E-002
          5455.59      4.8345957E-002
          5466.88      4.8231629E-002
          5478.16      4.8115053E-002
          5489.45      4.7996158E-002
          5500.74      4.7874871E-002
          5512.03      4.7751115E-002
          5523.32      4.7624809E-002
          5534.61      4.7495871E-002
          5545.90      4.7364212E-002
          5557.19      4.7229743E-002
          5568.48      4.7092367E-002
          5579.77      4.6951986E-002
          5591.05      4.6808494E-002
          5602.34      4.6661785E-002
          5613.63      4.6511742E-002
          5624.92      4.6358248E-002
          5636.21      4.6201176E-002
          5647.50      4.6040396E-002
          5658.79      4.5875771E-002
          5670.08      4.5707155E-002
          5681.37      4.5534396E-002
          5692.66      4.5357336E-002
          5703.95      4.5175807E-002
          5715.23      4.4989631E-002
          5726.52      4.4798623E-002
          5737.81      4.4602587E-002
          5749.10      4.4401316E-002
          5760.39      4.4194592E-002
          5771.68      4.3982185E-002
          5782.97      4.3763850E-002
          5794.26      4.3539331E-002
          5805.55      4.3308355E-002
          5816.84      4.3070633E-002
          5828.12      4.2825858E-002
          5839.41      4.2573706E-002
          5850.70      4.2313831E-002
          5861.99      4.2045865E-002
          5873.28      4.1769419E-002
          5884.57      4.1484076E-002
          5895.86      4.1189391E-002
          5907.15      4.0884892E-002
          5918.44      4.0570071E-002
          5929.73      4.0244387E-002
          5941.02      3.9907259E-002
          5952.30      3.9558065E-002
          5963.59      3.9196137E-002
          5974.88      3.8820756E-002
          5986.17      3.8431149E-002
          5997.46      3.8026482E-002
          6008.75      3.7605855E-002
          6020.04      3.7168295E-002
          6031.33      3.6712747E-002
          6042.62      3.6238068E-002
          6053.91      3.5743017E-002
          6065.20      3.5226241E-002
          6076.48      3.4686266E-002
          6087.77      3.4121481E-002
          6099.06      3.3530125E-002
          6110.35      3.2910263E-002
          6121.64      3.2259769E-002
          6132.93      3.1576299E-002
          6144.22      3.0857267E-002
          6155.51      3.0099807E-002
          6166.80      2.9300735E-002
          6178.09      2.8456512E-002
          6189.38      2.7563178E-002
          6200.66      2.6616301E-002
          6211.95      2.5610898E-002
          6223.24      2.4541348E-002
          6234.53      2.3401288E-002
          6245.82      2.2183484E-002
          6257.11      2.0879676E-002
          6268.40      1.9480394E-002
          6279.69      1.7974723E-002
          6290.98      1.6350019E-002
          6302.27      1.4591552E-002
          6313.55      1.2682056E-002
          6324.84      1.0601167E-002
          6336.13      8.3246788E-003
          6347.42      5.8236047E-003
          6358.71      3.0629403E-003
          6370.00      0.0000000E+000
