          3480.00      0.0000000E+000
          3491.29      4.9256196E-002
          3502.58      4.9129223E-002
          3513.87      4.9004388E-002
          3525.16      4.8881633E-002
          3536.45      4.8760897E-002
          3547.73      4.8642125E-002
          3559.02      4.8525259E-002
          3570.31      4.8410245E-002
          3581.60      4.8297026E-002
          3592.89      4.8185551E-002
          3604.18      4.8075765E-002
          3615.47      4.7967617E-002
          3626.76      4.7861056E-002
          3638.05      4.7756032E-002
          3649.34      4.7652496E-002
          3660.62      4.7550399E-002
          3671.91      4.7449694E-002
          3683.20      4.7350335E-002
          3694.49      4.7252276E-002
          3705.78      4.7155471E-002
          3717.07      4.7059878E-002
          3728.36      4.6965453E-002
          3739.65      4.6872154E-002
          3750.94      4.6779939E-002
          3762.23      4.6688769E-002
          3773.52      4.6598602E-002
          3784.80      4.6509401E-002
          3796.09      4.6421128E-002
          3807.38      4.6333745E-002
          3818.67      4.6247215E-002
          3829.96      4.6161503E-002
          3841.25      4.6076575E-002
          3852.54      4.5992395E-002
          3863.83      4.5908931E-002
          3875.12      4.5826150E-002
          3886.41      4.5744020E-002
          3897.70      4.5662509E-002
          3908.98      4.5581588E-002
          3920.27      4.5501226E-002
          3931.56      4.5421395E-002
          3942.85      4.5342065E-002
          3954.14      4.5263210E-002
          3965.43      4.5184801E-002
          3976.72      4.5106812E-002
          3988.01      4.5029218E-002
          3999.30      4.4951993E-002
          4010.59      4.4875112E-002
          4021.88      4.4798550E-002
          4033.16      4.4722286E-002
          4044.45      4.4646294E-002
          4055.74      4.4570553E-002
          4067.03      4.4495041E-002
          4078.32      4.4419736E-002
          4089.61      4.4344616E-002
          4100.90      4.4269662E-002
          4112.19      4.4194854E-002
          4123.48      4.4120170E-002
          4134.77      4.4045594E-002
          4146.05      4.3971104E-002
          4157.34      4.3896683E-002
          4168.63      4.3822313E-002
          4179.92      4.3747977E-002
          4191.21      4.3673656E-002
          4202.50      4.3599334E-002
          4213.79      4.3524994E-002
          4225.08      4.3450620E-002
          4236.37      4.3376196E-002
          4247.66      4.3301706E-002
          4258.95      4.3227134E-002
          4270.23      4.3152467E-002
          4281.52      4.3077687E-002
          4292.81      4.3002782E-002
          4304.10      4.2927736E-002
          4315.39      4.2852536E-002
          4326.68      4.2777166E-002
          4337.97      4.2701615E-002
          4349.26      4.2625867E-002
          4360.55      4.2549910E-002
          4371.84      4.2473730E-002
          4383.12      4.2397314E-002
          4394.41      4.2320650E-002
          4405.70      4.2243724E-002
          4416.99      4.2166524E-002
          4428.28      4.2089037E-002
          4439.57      4.2011250E-002
          4450.86      4.1933152E-002
          4462.15      4.1854730E-002
          4473.44      4.1775973E-002
          4484.73      4.1696866E-002
          4496.02      4.1617400E-002
          4507.30      4.1537561E-002
          4518.59      4.1457338E-002
          4529.88      4.1376718E-002
          4541.17      4.1295691E-002
          4552.46      4.1214243E-002
          4563.75      4.1132363E-002
          4575.04      4.1050039E-002
          4586.33      4.0967260E-002
          4597.62      4.0884012E-002
          4608.91      4.0800285E-002
          4620.20      4.0716065E-002
          4631.48      4.0631342E-002
          4642.77      4.0546103E-002
          4654.06      4.0460336E-002
          4665.35      4.0374028E-002
          4676.64      4.0287167E-002
          4687.93      4.0199741E-002
          4699.22      4.0111737E-002
          4710.51      4.0023142E-002
          4721.80      3.9933945E-002
          4733.09      3.9844131E-002
          4744.38      3.9753689E-002
          4755.66      3.9662604E-002
          4766.95      3.9570864E-002
          4778.24      3.9478455E-002
          4789.53      3.9385363E-002
          4800.82      3.9291576E-002
          4812.11      3.9197078E-002
          4823.40      3.9101855E-002
          4834.69      3.9005895E-002
          4845.98      3.8909180E-002
          4857.27      3.8811698E-002
          4868.55      3.8713433E-002
          4879.84      3.8614370E-002
          4891.13      3.8514493E-002
          4902.42      3.8413787E-002
          4913.71      3.8312235E-002
          4925.00      3.8209822E-002
          4936.29      3.8106530E-002
          4947.58      3.8002343E-002
          4958.87      3.7897244E-002
          4970.16      3.7791216E-002
          4981.45      3.7684240E-002
          4992.73      3.7576298E-002
          5004.02      3.7467372E-002
          5015.31      3.7357443E-002
          5026.60      3.7246492E-002
          5037.89      3.7134499E-002
          5049.18      3.7021444E-002
          5060.47      3.6907306E-002
          5071.76      3.6792065E-002
          5083.05      3.6675700E-002
          5094.34      3.6558188E-002
          5105.62      3.6439508E-002
          5116.91      3.6319636E-002
          5128.20      3.6198549E-002
          5139.49      3.6076223E-002
          5150.78      3.5952635E-002
          5162.07      3.5827759E-002
          5173.36      3.5701570E-002
          5184.65      3.5574041E-002
          5195.94      3.5445147E-002
          5207.23      3.5314859E-002
          5218.52      3.5183149E-002
          5229.80      3.5049989E-002
          5241.09      3.4915350E-002
          5252.38      3.4779202E-002
          5263.67      3.4641513E-002
          5274.96      3.4502252E-002
          5286.25      3.4361386E-002
          5297.54      3.4218883E-002
          5308.83      3.4074707E-002
          5320.12      3.3928825E-002
          5331.41      3.3781200E-002
          5342.70      3.3631795E-002
          5353.98      3.3480572E-002
          5365.27      3.3327493E-002
          5376.56      3.3172517E-002
          5387.85      3.3015604E-002
          5399.14      3.2856710E-002
          5410.43      3.2695794E-002
          5421.72      3.2532810E-002
          5433.01      3.2367713E-002
          5444.30      3.2200455E-002
          5455.59      3.2030988E-002
          5466.88      3.1859262E-002
          5478.16      3.1685225E-002
          5489.45      3.1508826E-002
          5500.74      3.1330009E-002
          5512.03      3.1148719E-002
          5523.32      3.0964897E-002
          5534.61      3.0778484E-002
          5545.90      3.0589420E-002
          5557.19      3.0397641E-002
          5568.48      3.0203081E-002
          5579.77      3.0005674E-002
          5591.05      2.9805351E-002
          5602.34      2.9602039E-002
          5613.63      2.9395665E-002
          5624.92      2.9186153E-002
          5636.21      2.8973425E-002
          5647.50      2.8757399E-002
          5658.79      2.8537991E-002
          5670.08      2.8315114E-002
          5681.37      2.8088679E-002
          5692.66      2.7858593E-002
          5703.95      2.7624760E-002
          5715.23      2.7387080E-002
          5726.52      2.7145452E-002
          5737.81      2.6899769E-002
          5749.10      2.6649920E-002
          5760.39      2.6395792E-002
          5771.68      2.6137267E-002
          5782.97      2.5874221E-002
          5794.26      2.5606528E-002
          5805.55      2.5334055E-002
          5816.84      2.5056667E-002
          5828.12      2.4774221E-002
          5839.41      2.4486570E-002
          5850.70      2.4193560E-002
          5861.99      2.3895032E-002
          5873.28      2.3590822E-002
          5884.57      2.3280756E-002
          5895.86      2.2964657E-002
          5907.15      2.2642337E-002
          5918.44      2.2313602E-002
          5929.73      2.1978251E-002
          5941.02      2.1636074E-002
          5952.30      2.1286849E-002
          5963.59      2.0930350E-002
          5974.88      2.0566337E-002
          5986.17      2.0194559E-002
          5997.46      1.9814758E-002
          6008.75      1.9426661E-002
          6020.04      1.9029984E-002
          6031.33      1.8624429E-002
          6042.62      1.8209683E-002
          6053.91      1.7785423E-002
          6065.20      1.7351306E-002
          6076.48      1.6906974E-002
          6087.77      1.6452052E-002
          6099.06      1.5986145E-002
          6110.35      1.5508841E-002
          6121.64      1.5019705E-002
          6132.93      1.4518279E-002
          6144.22      1.4004083E-002
          6155.51      1.3476612E-002
          6166.80      1.2935332E-002
          6178.09      1.2379682E-002
          6189.38      1.1809070E-002
          6200.66      1.1222871E-002
          6211.95      1.0620423E-002
          6223.24      1.0001029E-002
          6234.53      9.3639508E-003
          6245.82      8.7084055E-003
          6257.11      8.0335639E-003
          6268.40      7.3385483E-003
          6279.69      6.6224251E-003
          6290.98      5.8842030E-003
          6302.27      5.1228277E-003
          6313.55      4.3371762E-003
          6324.84      3.5260542E-003
          6336.13      2.6881854E-003
          6347.42      1.8222071E-003
          6358.71      9.2666486E-004
          6370.00      0.0000000E+000
