          3480.00      0.0000000E+000
          3491.29      8.9866521E+001
          3502.58      8.9690405E+001
          3513.87      8.9522421E+001
          3525.16      8.9362298E+001
          3536.45      8.9209754E+001
          3547.73      8.9064496E+001
          3559.02      8.8926226E+001
          3570.31      8.8794637E+001
          3581.60      8.8669418E+001
          3592.89      8.8550257E+001
          3604.18      8.8436824E+001
          3615.47      8.8328783E+001
          3626.76      8.8225827E+001
          3638.05      8.8127656E+001
          3649.34      8.8033970E+001
          3660.62      8.7944482E+001
          3671.91      8.7858908E+001
          3683.20      8.7776976E+001
          3694.49      8.7698424E+001
          3705.78      8.7623001E+001
          3717.07      8.7550466E+001
          3728.36      8.7480590E+001
          3739.65      8.7413158E+001
          3750.94      8.7347962E+001
          3762.23      8.7284810E+001
          3773.52      8.7223520E+001
          3784.80      8.7163920E+001
          3796.09      8.7105852E+001
          3807.38      8.7049171E+001
          3818.67      8.6993738E+001
          3829.96      8.6939425E+001
          3841.25      8.6886109E+001
          3852.54      8.6833681E+001
          3863.83      8.6782036E+001
          3875.12      8.6731079E+001
          3886.41      8.6680722E+001
          3897.70      8.6630883E+001
          3908.98      8.6581487E+001
          3920.27      8.6532465E+001
          3931.56      8.6483754E+001
          3942.85      8.6435294E+001
          3954.14      8.6387037E+001
          3965.43      8.6338934E+001
          3976.72      8.6290940E+001
          3988.01      8.6243012E+001
          3999.30      8.6195112E+001
          4010.59      8.6147205E+001
          4021.88      8.6099257E+001
          4033.16      8.6051238E+001
          4044.45      8.6003121E+001
          4055.74      8.5954879E+001
          4067.03      8.5906488E+001
          4078.32      8.5857926E+001
          4089.61      8.5809173E+001
          4100.90      8.5760208E+001
          4112.19      8.5711015E+001
          4123.48      8.5661576E+001
          4134.77      8.5611875E+001
          4146.05      8.5561897E+001
          4157.34      8.5511629E+001
          4168.63      8.5461057E+001
          4179.92      8.5410167E+001
          4191.21      8.5358949E+001
          4202.50      8.5307389E+001
          4213.79      8.5255478E+001
          4225.08      8.5203203E+001
          4236.37      8.5150555E+001
          4247.66      8.5097523E+001
          4258.95      8.5044096E+001
          4270.23      8.4990265E+001
          4281.52      8.4936019E+001
          4292.81      8.4881351E+001
          4304.10      8.4826249E+001
          4315.39      8.4770705E+001
          4326.68      8.4714710E+001
          4337.97      8.4658254E+001
          4349.26      8.4601328E+001
          4360.55      8.4543923E+001
          4371.84      8.4486042E+001
          4383.12      8.4427663E+001
          4394.41      8.4368777E+001
          4405.70      8.4309373E+001
          4416.99      8.4249441E+001
          4428.28      8.4188973E+001
          4439.57      8.4127958E+001
          4450.86      8.4066387E+001
          4462.15      8.4004249E+001
          4473.44      8.3941535E+001
          4484.73      8.3878233E+001
          4496.02      8.3814334E+001
          4507.30      8.3749827E+001
          4518.59      8.3684701E+001
          4529.88      8.3618946E+001
          4541.17      8.3552549E+001
          4552.46      8.3485500E+001
          4563.75      8.3417787E+001
          4575.04      8.3349399E+001
          4586.33      8.3280323E+001
          4597.62      8.3210548E+001
          4608.91      8.3140059E+001
          4620.20      8.3068845E+001
          4631.48      8.2996892E+001
          4642.77      8.2924187E+001
          4654.06      8.2850715E+001
          4665.35      8.2776464E+001
          4676.64      8.2701417E+001
          4687.93      8.2625561E+001
          4699.22      8.2548880E+001
          4710.51      8.2471359E+001
          4721.80      8.2392981E+001
          4733.09      8.2313731E+001
          4744.38      8.2233592E+001
          4755.66      8.2152546E+001
          4766.95      8.2070578E+001
          4778.24      8.1987667E+001
          4789.53      8.1903797E+001
          4800.82      8.1818948E+001
          4812.11      8.1733102E+001
          4823.40      8.1646238E+001
          4834.69      8.1558336E+001
          4845.98      8.1469376E+001
          4857.27      8.1379334E+001
          4868.55      8.1288189E+001
          4879.84      8.1195919E+001
          4891.13      8.1102499E+001
          4902.42      8.1007908E+001
          4913.71      8.0912120E+001
          4925.00      8.0815111E+001
          4936.29      8.0716854E+001
          4947.58      8.0617325E+001
          4958.87      8.0516495E+001
          4970.16      8.0414338E+001
          4981.45      8.0310824E+001
          4992.73      8.0205925E+001
          5004.02      8.0099608E+001
          5015.31      7.9991842E+001
          5026.60      7.9882594E+001
          5037.89      7.9771833E+001
          5049.18      7.9659524E+001
          5060.47      7.9545633E+001
          5071.76      7.9430123E+001
          5083.05      7.9312959E+001
          5094.34      7.9194102E+001
          5105.62      7.9073513E+001
          5116.91      7.8951153E+001
          5128.20      7.8826978E+001
          5139.49      7.8700948E+001
          5150.78      7.8573016E+001
          5162.07      7.8443136E+001
          5173.36      7.8311260E+001
          5184.65      7.8177341E+001
          5195.94      7.8041329E+001
          5207.23      7.7903171E+001
          5218.52      7.7762815E+001
          5229.80      7.7620206E+001
          5241.09      7.7475287E+001
          5252.38      7.7327999E+001
          5263.67      7.7178281E+001
          5274.96      7.7026072E+001
          5286.25      7.6871305E+001
          5297.54      7.6713914E+001
          5308.83      7.6553826E+001
          5320.12      7.6390970E+001
          5331.41      7.6225271E+001
          5342.70      7.6056652E+001
          5353.98      7.5885033E+001
          5365.27      7.5710332E+001
          5376.56      7.5532463E+001
          5387.85      7.5351335E+001
          5399.14      7.5166857E+001
          5410.43      7.4978931E+001
          5421.72      7.4787459E+001
          5433.01      7.4592336E+001
          5444.30      7.4393456E+001
          5455.59      7.4190701E+001
          5466.88      7.3983955E+001
          5478.16      7.3773096E+001
          5489.45      7.3557999E+001
          5500.74      7.3338533E+001
          5512.03      7.3114562E+001
          5523.32      7.2885944E+001
          5534.61      7.2652530E+001
          5545.90      7.2414166E+001
          5557.19      7.2170691E+001
          5568.48      7.1921938E+001
          5579.77      7.1667641E+001
          5591.05      7.1407602E+001
          5602.34      7.1141625E+001
          5613.63      7.0869511E+001
          5624.92      7.0591048E+001
          5636.21      7.0306017E+001
          5647.50      7.0014190E+001
          5658.79      6.9715328E+001
          5670.08      6.9409174E+001
          5681.37      6.9094783E+001
          5692.66      6.8771860E+001
          5703.95      6.8440100E+001
          5715.23      6.8099190E+001
          5726.52      6.7748810E+001
          5737.81      6.7388625E+001
          5749.10      6.7018289E+001
          5760.39      6.6637444E+001
          5771.68      6.6245713E+001
          5782.97      6.5842775E+001
          5794.26      6.5428940E+001
          5805.55      6.5003811E+001
          5816.84      6.4566962E+001
          5828.12      6.4117939E+001
          5839.41      6.3656257E+001
          5850.70      6.3181399E+001
          5861.99      6.2692813E+001
          5873.28      6.2189914E+001
          5884.57      6.1672077E+001
          5895.86      6.1138637E+001
          5907.15      6.0588882E+001
          5918.44      6.0021713E+001
          5929.73      5.9436310E+001
          5941.02      5.8831805E+001
          5952.30      5.8207279E+001
          5963.59      5.7561753E+001
          5974.88      5.6894115E+001
          5986.17      5.6203155E+001
          5997.46      5.5487685E+001
          6008.75      5.4746437E+001
          6020.04      5.3978059E+001
          6031.33      5.3181632E+001
          6042.62      5.2355634E+001
          6053.91      5.1498428E+001
          6065.20      5.0608248E+001
          6076.48      4.9683374E+001
          6087.77      4.8721900E+001
          6099.06      4.7721609E+001
          6110.35      4.6680094E+001
          6121.64      4.5594622E+001
          6132.93      4.4461654E+001
          6144.22      4.3278033E+001
          6155.51      4.2040612E+001
          6166.80      4.0745690E+001
          6178.09      3.9389891E+001
          6189.38      3.7969083E+001
          6200.66      3.6478416E+001
          6211.95      3.4912529E+001
          6223.24      3.3265477E+001
          6234.53      3.1530657E+001
          6245.82      2.9700725E+001
          6257.11      2.7767474E+001
          6268.40      2.5721732E+001
          6279.69      2.3553268E+001
          6290.98      2.1250497E+001
          6302.27      1.8800283E+001
          6313.55      1.6187731E+001
          6324.84      1.3395897E+001
          6336.13      1.0405389E+001
          6347.42      7.1938410E+000
          6358.71      3.7354152E+000
          6370.00      0.0000000E+000
