          3480.00      0.0000000E+000
          3491.29      7.1256126E+001
          3502.58      7.1088542E+001
          3513.87      7.0922887E+001
          3525.16      7.0759112E+001
          3536.45      7.0597168E+001
          3547.73      7.0437010E+001
          3559.02      7.0278589E+001
          3570.31      7.0121862E+001
          3581.60      6.9966783E+001
          3592.89      6.9813308E+001
          3604.18      6.9661282E+001
          3615.47      6.9510507E+001
          3626.76      6.9360986E+001
          3638.05      6.9212712E+001
          3649.34      6.9065667E+001
          3660.62      6.8919830E+001
          3671.91      6.8775172E+001
          3683.20      6.8631666E+001
          3694.49      6.8489281E+001
          3705.78      6.8347984E+001
          3717.07      6.8207745E+001
          3728.36      6.8068529E+001
          3739.65      6.7930305E+001
          3750.94      6.7793039E+001
          3762.23      6.7656698E+001
          3773.52      6.7521250E+001
          3784.80      6.7386663E+001
          3796.09      6.7252906E+001
          3807.38      6.7119972E+001
          3818.67      6.6987828E+001
          3829.96      6.6856442E+001
          3841.25      6.6725783E+001
          3852.54      6.6595819E+001
          3863.83      6.6466521E+001
          3875.12      6.6337859E+001
          3886.41      6.6209803E+001
          3897.70      6.6082325E+001
          3908.98      6.5955396E+001
          3920.27      6.5828989E+001
          3931.56      6.5703075E+001
          3942.85      6.5577629E+001
          3954.14      6.5452639E+001
          3965.43      6.5328083E+001
          3976.72      6.5203936E+001
          3988.01      6.5080171E+001
          3999.30      6.4956763E+001
          4010.59      6.4833687E+001
          4021.88      6.4710919E+001
          4033.16      6.4588435E+001
          4044.45      6.4466210E+001
          4055.74      6.4344221E+001
          4067.03      6.4222446E+001
          4078.32      6.4100861E+001
          4089.61      6.3979444E+001
          4100.90      6.3858173E+001
          4112.19      6.3737026E+001
          4123.48      6.3615983E+001
          4134.77      6.3495021E+001
          4146.05      6.3374120E+001
          4157.34      6.3253258E+001
          4168.63      6.3132415E+001
          4179.92      6.3011571E+001
          4191.21      6.2890705E+001
          4202.50      6.2769797E+001
          4213.79      6.2648828E+001
          4225.08      6.2527777E+001
          4236.37      6.2406626E+001
          4247.66      6.2285355E+001
          4258.95      6.2163942E+001
          4270.23      6.2042369E+001
          4281.52      6.1920617E+001
          4292.81      6.1798667E+001
          4304.10      6.1676501E+001
          4315.39      6.1554100E+001
          4326.68      6.1431446E+001
          4337.97      6.1308521E+001
          4349.26      6.1185306E+001
          4360.55      6.1061784E+001
          4371.84      6.0937966E+001
          4383.12      6.0813804E+001
          4394.41      6.0689280E+001
          4405.70      6.0564374E+001
          4416.99      6.0439066E+001
          4428.28      6.0313341E+001
          4439.57      6.0187180E+001
          4450.86      6.0060565E+001
          4462.15      5.9933479E+001
          4473.44      5.9805904E+001
          4484.73      5.9677822E+001
          4496.02      5.9549217E+001
          4507.30      5.9420070E+001
          4518.59      5.9290363E+001
          4529.88      5.9160079E+001
          4541.17      5.9029200E+001
          4552.46      5.8897709E+001
          4563.75      5.8765590E+001
          4575.04      5.8632825E+001
          4586.33      5.8499394E+001
          4597.62      5.8365281E+001
          4608.91      5.8230468E+001
          4620.20      5.8094936E+001
          4631.48      5.7958667E+001
          4642.77      5.7821642E+001
          4654.06      5.7683844E+001
          4665.35      5.7545254E+001
          4676.64      5.7405852E+001
          4687.93      5.7265621E+001
          4699.22      5.7124541E+001
          4710.51      5.6982592E+001
          4721.80      5.6839756E+001
          4733.09      5.6696013E+001
          4744.38      5.6551343E+001
          4755.66      5.6405727E+001
          4766.95      5.6259145E+001
          4778.24      5.6111576E+001
          4789.53      5.5963000E+001
          4800.82      5.5813396E+001
          4812.11      5.5662744E+001
          4823.40      5.5511022E+001
          4834.69      5.5358210E+001
          4845.98      5.5204285E+001
          4857.27      5.5049222E+001
          4868.55      5.4892999E+001
          4879.84      5.4735593E+001
          4891.13      5.4576983E+001
          4902.42      5.4417144E+001
          4913.71      5.4256053E+001
          4925.00      5.4093687E+001
          4936.29      5.3930022E+001
          4947.58      5.3765033E+001
          4958.87      5.3598695E+001
          4970.16      5.3430984E+001
          4981.45      5.3261874E+001
          4992.73      5.3091338E+001
          5004.02      5.2919347E+001
          5015.31      5.2745872E+001
          5026.60      5.2570886E+001
          5037.89      5.2394361E+001
          5049.18      5.2216270E+001
          5060.47      5.2036582E+001
          5071.76      5.1855271E+001
          5083.05      5.1672304E+001
          5094.34      5.1487653E+001
          5105.62      5.1301286E+001
          5116.91      5.1113173E+001
          5128.20      5.0923281E+001
          5139.49      5.0731578E+001
          5150.78      5.0538027E+001
          5162.07      5.0342593E+001
          5173.36      5.0145241E+001
          5184.65      4.9945935E+001
          5195.94      4.9744640E+001
          5207.23      4.9541319E+001
          5218.52      4.9335936E+001
          5229.80      4.9128450E+001
          5241.09      4.8918825E+001
          5252.38      4.8707020E+001
          5263.67      4.8492994E+001
          5274.96      4.8276707E+001
          5286.25      4.8058116E+001
          5297.54      4.7837177E+001
          5308.83      4.7613841E+001
          5320.12      4.7388063E+001
          5331.41      4.7159796E+001
          5342.70      4.6928995E+001
          5353.98      4.6695609E+001
          5365.27      4.6459591E+001
          5376.56      4.6220893E+001
          5387.85      4.5979458E+001
          5399.14      4.5735233E+001
          5410.43      4.5488164E+001
          5421.72      4.5238197E+001
          5433.01      4.4985274E+001
          5444.30      4.4729336E+001
          5455.59      4.4470316E+001
          5466.88      4.4208149E+001
          5478.16      4.3942774E+001
          5489.45      4.3674126E+001
          5500.74      4.3402140E+001
          5512.03      4.3126748E+001
          5523.32      4.2847880E+001
          5534.61      4.2565467E+001
          5545.90      4.2279435E+001
          5557.19      4.1989709E+001
          5568.48      4.1696213E+001
          5579.77      4.1398697E+001
          5591.05      4.1097051E+001
          5602.34      4.0791187E+001
          5613.63      4.0481017E+001
          5624.92      4.0166448E+001
          5636.21      3.9847387E+001
          5647.50      3.9523737E+001
          5658.79      3.9195398E+001
          5670.08      3.8862261E+001
          5681.37      3.8522964E+001
          5692.66      3.8177370E+001
          5703.95      3.7825340E+001
          5715.23      3.7466730E+001
          5726.52      3.7101393E+001
          5737.81      3.6729179E+001
          5749.10      3.6349932E+001
          5760.39      3.5963491E+001
          5771.68      3.5569693E+001
          5782.97      3.5168486E+001
          5794.26      3.4760950E+001
          5805.55      3.4346945E+001
          5816.84      3.3926322E+001
          5828.12      3.3498931E+001
          5839.41      3.3064616E+001
          5850.70      3.2623216E+001
          5861.99      3.2174563E+001
          5873.28      3.1718486E+001
          5884.57      3.1254810E+001
          5895.86      3.0783348E+001
          5907.15      3.0303907E+001
          5918.44      2.9815727E+001
          5929.73      2.9318589E+001
          5941.02      2.8812267E+001
          5952.30      2.8296527E+001
          5963.59      2.7771130E+001
          5974.88      2.7235712E+001
          5986.17      2.6689862E+001
          5997.46      2.6133306E+001
          6008.75      2.5565758E+001
          6020.04      2.4986929E+001
          6031.33      2.4397302E+001
          6042.62      2.3796589E+001
          6053.91      2.3184492E+001
          6065.20      2.2560700E+001
          6076.48      2.1925166E+001
          6087.77      2.1277775E+001
          6099.06      2.0618196E+001
          6110.35      1.9946089E+001
          6121.64      1.9260941E+001
          6132.93      1.8561446E+001
          6144.22      1.7847182E+001
          6155.51      1.7118095E+001
          6166.80      1.6373772E+001
          6178.09      1.5614660E+001
          6189.38      1.4840680E+001
          6200.66      1.4051380E+001
          6211.95      1.3246290E+001
          6223.24      1.2424916E+001
          6234.53      1.1586738E+001
          6245.82      1.0731222E+001
          6257.11      9.8578022E+000
          6268.40      8.9658988E+000
          6279.69      8.0549847E+000
          6290.98      7.1244413E+000
          6302.27      6.1735838E+000
          6313.55      5.2017057E+000
          6324.84      4.2080931E+000
          6336.13      3.1920004E+000
          6347.42      2.1525737E+000
          6358.71      1.0889171E+000
          6370.00      0.0000000E+000
