          3480.00      0.0000000E+000
          3491.29      8.9111426E+001
          3502.58      8.8934633E+001
          3513.87      8.8765199E+001
          3525.16      8.8602890E+001
          3536.45      8.8447464E+001
          3547.73      8.8298672E+001
          3559.02      8.8156262E+001
          3570.31      8.8019974E+001
          3581.60      8.7889551E+001
          3592.89      8.7764729E+001
          3604.18      8.7645228E+001
          3615.47      8.7530759E+001
          3626.76      8.7421067E+001
          3638.05      8.7315897E+001
          3649.34      8.7215000E+001
          3660.62      8.7118130E+001
          3671.91      8.7025045E+001
          3683.20      8.6935512E+001
          3694.49      8.6849304E+001
          3705.78      8.6766201E+001
          3717.07      8.6685992E+001
          3728.36      8.6608474E+001
          3739.65      8.6533453E+001
          3750.94      8.6460743E+001
          3762.23      8.6390168E+001
          3773.52      8.6321559E+001
          3784.80      8.6254758E+001
          3796.09      8.6189614E+001
          3807.38      8.6125991E+001
          3818.67      8.6063756E+001
          3829.96      8.6002782E+001
          3841.25      8.5942951E+001
          3852.54      8.5884152E+001
          3863.83      8.5826280E+001
          3875.12      8.5769238E+001
          3886.41      8.5712935E+001
          3897.70      8.5657287E+001
          3908.98      8.5602214E+001
          3920.27      8.5547642E+001
          3931.56      8.5493503E+001
          3942.85      8.5439732E+001
          3954.14      8.5386275E+001
          3965.43      8.5333079E+001
          3976.72      8.5280092E+001
          3988.01      8.5227266E+001
          3999.30      8.5174556E+001
          4010.59      8.5121922E+001
          4021.88      8.5069324E+001
          4033.16      8.5016728E+001
          4044.45      8.4964099E+001
          4055.74      8.4911406E+001
          4067.03      8.4858621E+001
          4078.32      8.4805717E+001
          4089.61      8.4752667E+001
          4100.90      8.4699448E+001
          4112.19      8.4646038E+001
          4123.48      8.4592417E+001
          4134.77      8.4538564E+001
          4146.05      8.4484461E+001
          4157.34      8.4430089E+001
          4168.63      8.4375434E+001
          4179.92      8.4320477E+001
          4191.21      8.4265205E+001
          4202.50      8.4209603E+001
          4213.79      8.4153656E+001
          4225.08      8.4097353E+001
          4236.37      8.4040679E+001
          4247.66      8.3983622E+001
          4258.95      8.3926169E+001
          4270.23      8.3868309E+001
          4281.52      8.3810030E+001
          4292.81      8.3751321E+001
          4304.10      8.3692171E+001
          4315.39      8.3632568E+001
          4326.68      8.3572503E+001
          4337.97      8.3511964E+001
          4349.26      8.3450942E+001
          4360.55      8.3389425E+001
          4371.84      8.3327416E+001
          4383.12      8.3264891E+001
          4394.41      8.3201841E+001
          4405.70      8.3138253E+001
          4416.99      8.3074116E+001
          4428.28      8.3009421E+001
          4439.57      8.2944157E+001
          4450.86      8.2878313E+001
          4462.15      8.2811877E+001
          4473.44      8.2744840E+001
          4484.73      8.2677190E+001
          4496.02      8.2608915E+001
          4507.30      8.2540005E+001
          4518.59      8.2470447E+001
          4529.88      8.2400231E+001
          4541.17      8.2329344E+001
          4552.46      8.2257775E+001
          4563.75      8.2185511E+001
          4575.04      8.2112540E+001
          4586.33      8.2038849E+001
          4597.62      8.1964425E+001
          4608.91      8.1889255E+001
          4620.20      8.1813325E+001
          4631.48      8.1736621E+001
          4642.77      8.1659130E+001
          4654.06      8.1580837E+001
          4665.35      8.1501727E+001
          4676.64      8.1421785E+001
          4687.93      8.1340995E+001
          4699.22      8.1259342E+001
          4710.51      8.1176810E+001
          4721.80      8.1093382E+001
          4733.09      8.1009042E+001
          4744.38      8.0923771E+001
          4755.66      8.0837553E+001
          4766.95      8.0750370E+001
          4778.24      8.0662202E+001
          4789.53      8.0573031E+001
          4800.82      8.0482838E+001
          4812.11      8.0391602E+001
          4823.40      8.0299303E+001
          4834.69      8.0205921E+001
          4845.98      8.0111434E+001
          4857.27      8.0015818E+001
          4868.55      7.9919051E+001
          4879.84      7.9821110E+001
          4891.13      7.9721971E+001
          4902.42      7.9621610E+001
          4913.71      7.9520001E+001
          4925.00      7.9417120E+001
          4936.29      7.9312940E+001
          4947.58      7.9207434E+001
          4958.87      7.9100574E+001
          4970.16      7.8992332E+001
          4981.45      7.8882679E+001
          4992.73      7.8771585E+001
          5004.02      7.8659016E+001
          5015.31      7.8544941E+001
          5026.60      7.8429327E+001
          5037.89      7.8312140E+001
          5049.18      7.8193345E+001
          5060.47      7.8072908E+001
          5071.76      7.7950792E+001
          5083.05      7.7826959E+001
          5094.34      7.7701370E+001
          5105.62      7.7573987E+001
          5116.91      7.7444767E+001
          5128.20      7.7313668E+001
          5139.49      7.7180648E+001
          5150.78      7.7045659E+001
          5162.07      7.6908655E+001
          5173.36      7.6769587E+001
          5184.65      7.6628406E+001
          5195.94      7.6485062E+001
          5207.23      7.6339502E+001
          5218.52      7.6191673E+001
          5229.80      7.6041518E+001
          5241.09      7.5888980E+001
          5252.38      7.5734000E+001
          5263.67      7.5576516E+001
          5274.96      7.5416465E+001
          5286.25      7.5253781E+001
          5297.54      7.5088396E+001
          5308.83      7.4920238E+001
          5320.12      7.4749234E+001
          5331.41      7.4575308E+001
          5342.70      7.4398384E+001
          5353.98      7.4218381E+001
          5365.27      7.4035215E+001
          5376.56      7.3848802E+001
          5387.85      7.3659050E+001
          5399.14      7.3465866E+001
          5410.43      7.3269154E+001
          5421.72      7.3068815E+001
          5433.01      7.2864744E+001
          5444.30      7.2656834E+001
          5455.59      7.2444969E+001
          5466.88      7.2229031E+001
          5478.16      7.2008900E+001
          5489.45      7.1784451E+001
          5500.74      7.1555553E+001
          5512.03      7.1322071E+001
          5523.32      7.1083864E+001
          5534.61      7.0840784E+001
          5545.90      7.0592679E+001
          5557.19      7.0339390E+001
          5568.48      7.0080750E+001
          5579.77      6.9816492E+001
          5591.05      6.9546415E+001
          5602.34      6.9270330E+001
          5613.63      6.8988037E+001
          5624.92      6.8699330E+001
          5636.21      6.8403991E+001
          5647.50      6.8101797E+001
          5658.79      6.7792511E+001
          5670.08      6.7475882E+001
          5681.37      6.7150928E+001
          5692.66      6.6817358E+001
          5703.95      6.6474871E+001
          5715.23      6.6123158E+001
          5726.52      6.5761902E+001
          5737.81      6.5390772E+001
          5749.10      6.5009428E+001
          5760.39      6.4617515E+001
          5771.68      6.4214663E+001
          5782.97      6.3800559E+001
          5794.26      6.3375563E+001
          5805.55      6.2939287E+001
          5816.84      6.2491317E+001
          5828.12      6.2031214E+001
          5839.41      6.1558510E+001
          5850.70      6.1072707E+001
          5861.99      6.0573276E+001
          5873.28      6.0059657E+001
          5884.57      5.9531253E+001
          5895.86      5.8987430E+001
          5907.15      5.8427512E+001
          5918.44      5.7850419E+001
          5929.73      5.7255376E+001
          5941.02      5.6641560E+001
          5952.30      5.6008102E+001
          5963.59      5.5354080E+001
          5974.88      5.4678439E+001
          5986.17      5.3980031E+001
          5997.46      5.3257743E+001
          6008.75      5.2510388E+001
          6020.04      5.1736704E+001
          6031.33      5.0935896E+001
          6042.62      5.0106554E+001
          6053.91      4.9247166E+001
          6065.20      4.8356105E+001
          6076.48      4.7431820E+001
          6087.77      4.6472586E+001
          6099.06      4.5476387E+001
          6110.35      4.4441043E+001
          6121.64      4.3364071E+001
          6132.93      4.2242196E+001
          6144.22      4.1072585E+001
          6155.51      3.9852467E+001
          6166.80      3.8578552E+001
          6178.09      3.7247958E+001
          6189.38      3.5857092E+001
          6200.66      3.4401713E+001
          6211.95      3.2877158E+001
          6223.24      3.1278288E+001
          6234.53      2.9599427E+001
          6245.82      2.7834301E+001
          6257.11      2.5975947E+001
          6268.40      2.4016636E+001
          6279.69      2.1947825E+001
          6290.98      1.9759899E+001
          6302.27      1.7442044E+001
          6313.55      1.4982102E+001
          6324.84      1.2366377E+001
          6336.13      9.5793495E+000
          6347.42      6.6032900E+000
          6358.71      3.4179517E+000
          6370.00      0.0000000E+000
