          3480.00      0.0000000E+000
          3491.29      5.1245731E-002
          3502.58      5.1117191E-002
          3513.87      5.0991357E-002
          3525.16      5.0868153E-002
          3536.45      5.0747504E-002
          3547.73      5.0629333E-002
          3559.02      5.0513568E-002
          3570.31      5.0400134E-002
          3581.60      5.0288960E-002
          3592.89      5.0179974E-002
          3604.18      5.0073106E-002
          3615.47      4.9968286E-002
          3626.76      4.9865447E-002
          3638.05      4.9764521E-002
          3649.34      4.9665442E-002
          3660.62      4.9568145E-002
          3671.91      4.9472566E-002
          3683.20      4.9378642E-002
          3694.49      4.9286312E-002
          3705.78      4.9195516E-002
          3717.07      4.9106194E-002
          3728.36      4.9018289E-002
          3739.65      4.8931743E-002
          3750.94      4.8846502E-002
          3762.23      4.8762510E-002
          3773.52      4.8679715E-002
          3784.80      4.8598065E-002
          3796.09      4.8517509E-002
          3807.38      4.8437998E-002
          3818.67      4.8359484E-002
          3829.96      4.8281920E-002
          3841.25      4.8205260E-002
          3852.54      4.8129459E-002
          3863.83      4.8054474E-002
          3875.12      4.7980262E-002
          3886.41      4.7906784E-002
          3897.70      4.7833998E-002
          3908.98      4.7761866E-002
          3920.27      4.7690349E-002
          3931.56      4.7619412E-002
          3942.85      4.7549019E-002
          3954.14      4.7479135E-002
          3965.43      4.7409726E-002
          3976.72      4.7340760E-002
          3988.01      4.7272205E-002
          3999.30      4.7204030E-002
          4010.59      4.7136206E-002
          4021.88      4.7068704E-002
          4033.16      4.7001496E-002
          4044.45      4.6934554E-002
          4055.74      4.6867852E-002
          4067.03      4.6801365E-002
          4078.32      4.6735067E-002
          4089.61      4.6668935E-002
          4100.90      4.6602945E-002
          4112.19      4.6537075E-002
          4123.48      4.6471302E-002
          4134.77      4.6405605E-002
          4146.05      4.6339964E-002
          4157.34      4.6274359E-002
          4168.63      4.6208768E-002
          4179.92      4.6143175E-002
          4191.21      4.6077560E-002
          4202.50      4.6011904E-002
          4213.79      4.5946192E-002
          4225.08      4.5880405E-002
          4236.37      4.5814527E-002
          4247.66      4.5748541E-002
          4258.95      4.5682433E-002
          4270.23      4.5616186E-002
          4281.52      4.5549785E-002
          4292.81      4.5483216E-002
          4304.10      4.5416464E-002
          4315.39      4.5349515E-002
          4326.68      4.5282356E-002
          4337.97      4.5214972E-002
          4349.26      4.5147350E-002
          4360.55      4.5079478E-002
          4371.84      4.5011342E-002
          4383.12      4.4942930E-002
          4394.41      4.4874229E-002
          4405.70      4.4805227E-002
          4416.99      4.4735911E-002
          4428.28      4.4666271E-002
          4439.57      4.4596293E-002
          4450.86      4.4525966E-002
          4462.15      4.4455279E-002
          4473.44      4.4384219E-002
          4484.73      4.4312776E-002
          4496.02      4.4240938E-002
          4507.30      4.4168693E-002
          4518.59      4.4096031E-002
          4529.88      4.4022939E-002
          4541.17      4.3949407E-002
          4552.46      4.3875423E-002
          4563.75      4.3800976E-002
          4575.04      4.3726054E-002
          4586.33      4.3650647E-002
          4597.62      4.3574743E-002
          4608.91      4.3498331E-002
          4620.20      4.3421399E-002
          4631.48      4.3343935E-002
          4642.77      4.3265928E-002
          4654.06      4.3187366E-002
          4665.35      4.3108238E-002
          4676.64      4.3028532E-002
          4687.93      4.2948235E-002
          4699.22      4.2867336E-002
          4710.51      4.2785821E-002
          4721.80      4.2703680E-002
          4733.09      4.2620899E-002
          4744.38      4.2537466E-002
          4755.66      4.2453367E-002
          4766.95      4.2368590E-002
          4778.24      4.2283121E-002
          4789.53      4.2196947E-002
          4800.82      4.2110054E-002
          4812.11      4.2022429E-002
          4823.40      4.1934058E-002
          4834.69      4.1844925E-002
          4845.98      4.1755017E-002
          4857.27      4.1664318E-002
          4868.55      4.1572814E-002
          4879.84      4.1480489E-002
          4891.13      4.1387327E-002
          4902.42      4.1293313E-002
          4913.71      4.1198430E-002
          4925.00      4.1102661E-002
          4936.29      4.1005991E-002
          4947.58      4.0908400E-002
          4958.87      4.0809872E-002
          4970.16      4.0710389E-002
          4981.45      4.0609932E-002
          4992.73      4.0508483E-002
          5004.02      4.0406022E-002
          5015.31      4.0302529E-002
          5026.60      4.0197985E-002
          5037.89      4.0092369E-002
          5049.18      3.9985659E-002
          5060.47      3.9877836E-002
          5071.76      3.9768875E-002
          5083.05      3.9658756E-002
          5094.34      3.9547454E-002
          5105.62      3.9434947E-002
          5116.91      3.9321210E-002
          5128.20      3.9206218E-002
          5139.49      3.9089946E-002
          5150.78      3.8972367E-002
          5162.07      3.8853456E-002
          5173.36      3.8733185E-002
          5184.65      3.8611526E-002
          5195.94      3.8488449E-002
          5207.23      3.8363926E-002
          5218.52      3.8237926E-002
          5229.80      3.8110418E-002
          5241.09      3.7981370E-002
          5252.38      3.7850749E-002
          5263.67      3.7718521E-002
          5274.96      3.7584653E-002
          5286.25      3.7449108E-002
          5297.54      3.7311850E-002
          5308.83      3.7172841E-002
          5320.12      3.7032042E-002
          5331.41      3.6889414E-002
          5342.70      3.6744916E-002
          5353.98      3.6598506E-002
          5365.27      3.6450141E-002
          5376.56      3.6299775E-002
          5387.85      3.6147364E-002
          5399.14      3.5992860E-002
          5410.43      3.5836214E-002
          5421.72      3.5677376E-002
          5433.01      3.5516294E-002
          5444.30      3.5352916E-002
          5455.59      3.5187186E-002
          5466.88      3.5019048E-002
          5478.16      3.4848443E-002
          5489.45      3.4675311E-002
          5500.74      3.4499590E-002
          5512.03      3.4321216E-002
          5523.32      3.4140123E-002
          5534.61      3.3956241E-002
          5545.90      3.3769500E-002
          5557.19      3.3579828E-002
          5568.48      3.3387148E-002
          5579.77      3.3191383E-002
          5591.05      3.2992451E-002
          5602.34      3.2790269E-002
          5613.63      3.2584751E-002
          5624.92      3.2375807E-002
          5636.21      3.2163344E-002
          5647.50      3.1947267E-002
          5658.79      3.1727475E-002
          5670.08      3.1503865E-002
          5681.37      3.1276332E-002
          5692.66      3.1044762E-002
          5703.95      3.0809043E-002
          5715.23      3.0569053E-002
          5726.52      3.0324669E-002
          5737.81      3.0075763E-002
          5749.10      2.9822199E-002
          5760.39      2.9563840E-002
          5771.68      2.9300540E-002
          5782.97      2.9032150E-002
          5794.26      2.8758511E-002
          5805.55      2.8479462E-002
          5816.84      2.8194833E-002
          5828.12      2.7904446E-002
          5839.41      2.7608118E-002
          5850.70      2.7305655E-002
          5861.99      2.6996858E-002
          5873.28      2.6681517E-002
          5884.57      2.6359413E-002
          5895.86      2.6030318E-002
          5907.15      2.5693993E-002
          5918.44      2.5350189E-002
          5929.73      2.4998645E-002
          5941.02      2.4639086E-002
          5952.30      2.4271227E-002
          5963.59      2.3894767E-002
          5974.88      2.3509393E-002
          5986.17      2.3114772E-002
          5997.46      2.2710560E-002
          6008.75      2.2296392E-002
          6020.04      2.1871885E-002
          6031.33      2.1436638E-002
          6042.62      2.0990226E-002
          6053.91      2.0532204E-002
          6065.20      2.0062102E-002
          6076.48      1.9579424E-002
          6087.77      1.9083649E-002
          6099.06      1.8574223E-002
          6110.35      1.8050564E-002
          6121.64      1.7512054E-002
          6132.93      1.6958039E-002
          6144.22      1.6387829E-002
          6155.51      1.5800690E-002
          6166.80      1.5195843E-002
          6178.09      1.4572462E-002
          6189.38      1.3929667E-002
          6200.66      1.3266523E-002
          6211.95      1.2582035E-002
          6223.24      1.1875138E-002
          6234.53      1.1144702E-002
          6245.82      1.0389513E-002
          6257.11      9.6082749E-003
          6268.40      8.7996021E-003
          6279.69      7.9620058E-003
          6290.98      7.0938886E-003
          6302.27      6.1935336E-003
          6313.55      5.2590918E-003
          6324.84      4.2885732E-003
          6336.13      3.2798269E-003
          6347.42      2.2305280E-003
          6358.71      1.1381622E-003
          6370.00      0.0000000E+000
