          3480.00      0.0000000E+000
          3491.29      8.9506334E+001
          3502.58      8.9329867E+001
          3513.87      8.9161146E+001
          3525.16      8.8999918E+001
          3536.45      8.8845922E+001
          3547.73      8.8698889E+001
          3559.02      8.8558542E+001
          3570.31      8.8424600E+001
          3581.60      8.8296779E+001
          3592.89      8.8174793E+001
          3604.18      8.8058337E+001
          3615.47      8.7947099E+001
          3626.76      8.7840798E+001
          3638.05      8.7739158E+001
          3649.34      8.7641905E+001
          3660.62      8.7548771E+001
          3671.91      8.7459495E+001
          3683.20      8.7373825E+001
          3694.49      8.7291514E+001
          3705.78      8.7212328E+001
          3717.07      8.7136040E+001
          3728.36      8.7062435E+001
          3739.65      8.6991307E+001
          3750.94      8.6922458E+001
          3762.23      8.6855705E+001
          3773.52      8.6790871E+001
          3784.80      8.6727791E+001
          3796.09      8.6666309E+001
          3807.38      8.6606286E+001
          3818.67      8.6547583E+001
          3829.96      8.6490072E+001
          3841.25      8.6433635E+001
          3852.54      8.6378157E+001
          3863.83      8.6323537E+001
          3875.12      8.6269676E+001
          3886.41      8.6216484E+001
          3897.70      8.6163879E+001
          3908.98      8.6111782E+001
          3920.27      8.6060122E+001
          3931.56      8.6008832E+001
          3942.85      8.5957851E+001
          3954.14      8.5907126E+001
          3965.43      8.5856607E+001
          3976.72      8.5806245E+001
          3988.01      8.5755995E+001
          3999.30      8.5705815E+001
          4010.59      8.5655667E+001
          4021.88      8.5605515E+001
          4033.16      8.5555325E+001
          4044.45      8.5505068E+001
          4055.74      8.5454714E+001
          4067.03      8.5404237E+001
          4078.32      8.5353613E+001
          4089.61      8.5302818E+001
          4100.90      8.5251831E+001
          4112.19      8.5200632E+001
          4123.48      8.5149203E+001
          4134.77      8.5097525E+001
          4146.05      8.5045581E+001
          4157.34      8.4993357E+001
          4168.63      8.4940836E+001
          4179.92      8.4888005E+001
          4191.21      8.4834850E+001
          4202.50      8.4781358E+001
          4213.79      8.4727516E+001
          4225.08      8.4673313E+001
          4236.37      8.4618737E+001
          4247.66      8.4563777E+001
          4258.95      8.4508420E+001
          4270.23      8.4452656E+001
          4281.52      8.4396474E+001
          4292.81      8.4339865E+001
          4304.10      8.4282818E+001
          4315.39      8.4225324E+001
          4326.68      8.4167371E+001
          4337.97      8.4108951E+001
          4349.26      8.4050053E+001
          4360.55      8.3990668E+001
          4371.84      8.3930798E+001
          4383.12      8.3870422E+001
          4394.41      8.3809528E+001
          4405.70      8.3748106E+001
          4416.99      8.3686147E+001
          4428.28      8.3623639E+001
          4439.57      8.3560573E+001
          4450.86      8.3496938E+001
          4462.15      8.3432725E+001
          4473.44      8.3367922E+001
          4484.73      8.3302519E+001
          4496.02      8.3236505E+001
          4507.30      8.3169870E+001
          4518.59      8.3102601E+001
          4529.88      8.3034688E+001
          4541.17      8.2966119E+001
          4552.46      8.2896882E+001
          4563.75      8.2826967E+001
          4575.04      8.2756361E+001
          4586.33      8.2685051E+001
          4597.62      8.2613024E+001
          4608.91      8.2540268E+001
          4620.20      8.2466770E+001
          4631.48      8.2392515E+001
          4642.77      8.2317491E+001
          4654.06      8.2241683E+001
          4665.35      8.2165076E+001
          4676.64      8.2087656E+001
          4687.93      8.2009408E+001
          4699.22      8.1930316E+001
          4710.51      8.1850364E+001
          4721.80      8.1769536E+001
          4733.09      8.1687816E+001
          4744.38      8.1605187E+001
          4755.66      8.1521631E+001
          4766.95      8.1437131E+001
          4778.24      8.1351668E+001
          4789.53      8.1265225E+001
          4800.82      8.1177780E+001
          4812.11      8.1089316E+001
          4823.40      8.0999812E+001
          4834.69      8.0909248E+001
          4845.98      8.0817602E+001
          4857.27      8.0724852E+001
          4868.55      8.0630974E+001
          4879.84      8.0535947E+001
          4891.13      8.0439746E+001
          4902.42      8.0342349E+001
          4913.71      8.0243730E+001
          4925.00      8.0143864E+001
          4936.29      8.0042726E+001
          4947.58      7.9940288E+001
          4958.87      7.9836524E+001
          4970.16      7.9731404E+001
          4981.45      7.9624902E+001
          4992.73      7.9516985E+001
          5004.02      7.9407624E+001
          5015.31      7.9296784E+001
          5026.60      7.9184435E+001
          5037.89      7.9070542E+001
          5049.18      7.8955072E+001
          5060.47      7.8837990E+001
          5071.76      7.8719259E+001
          5083.05      7.8598842E+001
          5094.34      7.8476702E+001
          5105.62      7.8352798E+001
          5116.91      7.8227090E+001
          5128.20      7.8099536E+001
          5139.49      7.7970093E+001
          5150.78      7.7838716E+001
          5162.07      7.7705356E+001
          5173.36      7.7569967E+001
          5184.65      7.7432499E+001
          5195.94      7.7292904E+001
          5207.23      7.7151127E+001
          5218.52      7.7007117E+001
          5229.80      7.6860816E+001
          5241.09      7.6712170E+001
          5252.38      7.6561117E+001
          5263.67      7.6407598E+001
          5274.96      7.6251549E+001
          5286.25      7.6092905E+001
          5297.54      7.5931597E+001
          5308.83      7.5767554E+001
          5320.12      7.5600704E+001
          5331.41      7.5430971E+001
          5342.70      7.5258278E+001
          5353.98      7.5082545E+001
          5365.27      7.4903688E+001
          5376.56      7.4721624E+001
          5387.85      7.4536260E+001
          5399.14      7.4347504E+001
          5410.43      7.4155259E+001
          5421.72      7.3959426E+001
          5433.01      7.3759902E+001
          5444.30      7.3556578E+001
          5455.59      7.3349337E+001
          5466.88      7.3138063E+001
          5478.16      7.2922636E+001
          5489.45      7.2702928E+001
          5500.74      7.2478809E+001
          5512.03      7.2250145E+001
          5523.32      7.2016792E+001
          5534.61      7.1778603E+001
          5545.90      7.1535424E+001
          5557.19      7.1287096E+001
          5568.48      7.1033450E+001
          5579.77      7.0774221E+001
          5591.05      7.0509208E+001
          5602.34      7.0238220E+001
          5613.63      6.9961056E+001
          5624.92      6.9677507E+001
          5636.21      6.9387355E+001
          5647.50      6.9090373E+001
          5658.79      6.8786323E+001
          5670.08      6.8474952E+001
          5681.37      6.8155297E+001
          5692.66      6.7827062E+001
          5703.95      6.7489946E+001
          5715.23      6.7143638E+001
          5726.52      6.6787817E+001
          5737.81      6.6422152E+001
          5749.10      6.6046297E+001
          5760.39      6.5659897E+001
          5771.68      6.5262579E+001
          5782.97      6.4854023E+001
          5794.26      6.4434564E+001
          5805.55      6.4003810E+001
          5816.84      6.3561340E+001
          5828.12      6.3106706E+001
          5839.41      6.2639431E+001
          5850.70      6.2159008E+001
          5861.99      6.1664896E+001
          5873.28      6.1156521E+001
          5884.57      6.0633272E+001
          5895.86      6.0094498E+001
          5907.15      5.9539504E+001
          5918.44      5.8967201E+001
          5929.73      5.8376789E+001
          5941.02      5.7767424E+001
          5952.30      5.7138209E+001
          5963.59      5.6488192E+001
          5974.88      5.5816289E+001
          5986.17      5.5121320E+001
          5997.46      5.4402133E+001
          6008.75      5.3657498E+001
          6020.04      5.2886109E+001
          6031.33      5.2087104E+001
          6042.62      5.1259017E+001
          6053.91      5.0400271E+001
          6065.20      4.9509168E+001
          6076.48      4.8584070E+001
          6087.77      4.7623160E+001
          6099.06      4.6624319E+001
          6110.35      4.5585251E+001
          6121.64      4.4503347E+001
          6132.93      4.3375196E+001
          6144.22      4.2197802E+001
          6155.51      4.0968203E+001
          6166.80      3.9682902E+001
          6178.09      3.8338767E+001
          6189.38      3.6931934E+001
          6200.66      3.5457857E+001
          6211.95      3.3911521E+001
          6223.24      3.2287386E+001
          6234.53      3.0579313E+001
          6245.82      2.8780496E+001
          6257.11      2.6883353E+001
          6268.40      2.4879442E+001
          6279.69      2.2759386E+001
          6290.98      2.0512599E+001
          6302.27      1.8127129E+001
          6313.55      1.5589477E+001
          6324.84      1.2884362E+001
          6336.13      9.9943845E+000
          6347.42      6.8995678E+000
          6358.71      3.5769695E+000
          6370.00      0.0000000E+000
