          3480.00      0.0000000E+000
          3491.29      5.9860579E+001
          3502.58      5.9710469E+001
          3513.87      5.9561474E+001
          3525.16      5.9413567E+001
          3536.45      5.9266722E+001
          3547.73      5.9120914E+001
          3559.02      5.8976116E+001
          3570.31      5.8832304E+001
          3581.60      5.8689453E+001
          3592.89      5.8547539E+001
          3604.18      5.8406335E+001
          3615.47      5.8265538E+001
          3626.76      5.8125217E+001
          3638.05      5.7985413E+001
          3649.34      5.7846152E+001
          3660.62      5.7707447E+001
          3671.91      5.7569301E+001
          3683.20      5.7431714E+001
          3694.49      5.7294680E+001
          3705.78      5.7158191E+001
          3717.07      5.7022235E+001
          3728.36      5.6886800E+001
          3739.65      5.6751873E+001
          3750.94      5.6617438E+001
          3762.23      5.6483481E+001
          3773.52      5.6349985E+001
          3784.80      5.6216933E+001
          3796.09      5.6084314E+001
          3807.38      5.5952149E+001
          3818.67      5.5820418E+001
          3829.96      5.5689103E+001
          3841.25      5.5558184E+001
          3852.54      5.5427644E+001
          3863.83      5.5297463E+001
          3875.12      5.5167624E+001
          3886.41      5.5038109E+001
          3897.70      5.4908901E+001
          3908.98      5.4779983E+001
          3920.27      5.4651337E+001
          3931.56      5.4522946E+001
          3942.85      5.4394795E+001
          3954.14      5.4266891E+001
          3965.43      5.4139225E+001
          3976.72      5.4011779E+001
          3988.01      5.3884537E+001
          3999.30      5.3757482E+001
          4010.59      5.3630598E+001
          4021.88      5.3503869E+001
          4033.16      5.3377280E+001
          4044.45      5.3250815E+001
          4055.74      5.3124458E+001
          4067.03      5.2998194E+001
          4078.32      5.2872010E+001
          4089.61      5.2745889E+001
          4100.90      5.2619817E+001
          4112.19      5.2493781E+001
          4123.48      5.2367767E+001
          4134.77      5.2241760E+001
          4146.05      5.2115745E+001
          4157.34      5.1989710E+001
          4168.63      5.1863640E+001
          4179.92      5.1737520E+001
          4191.21      5.1611339E+001
          4202.50      5.1485081E+001
          4213.79      5.1358734E+001
          4225.08      5.1232284E+001
          4236.37      5.1105718E+001
          4247.66      5.0979021E+001
          4258.95      5.0852178E+001
          4270.23      5.0725175E+001
          4281.52      5.0598001E+001
          4292.81      5.0470641E+001
          4304.10      5.0343083E+001
          4315.39      5.0215314E+001
          4326.68      5.0087320E+001
          4337.97      4.9959089E+001
          4349.26      4.9830608E+001
          4360.55      4.9701865E+001
          4371.84      4.9572886E+001
          4383.12      4.9443618E+001
          4394.41      4.9314048E+001
          4405.70      4.9184159E+001
          4416.99      4.9053937E+001
          4428.28      4.8923371E+001
          4439.57      4.8792446E+001
          4450.86      4.8661152E+001
          4462.15      4.8529474E+001
          4473.44      4.8397400E+001
          4484.73      4.8264917E+001
          4496.02      4.8132012E+001
          4507.30      4.7998672E+001
          4518.59      4.7864884E+001
          4529.88      4.7730636E+001
          4541.17      4.7595913E+001
          4552.46      4.7460706E+001
          4563.75      4.7325000E+001
          4575.04      4.7188784E+001
          4586.33      4.7052043E+001
          4597.62      4.6914764E+001
          4608.91      4.6776934E+001
          4620.20      4.6638540E+001
          4631.48      4.6499568E+001
          4642.77      4.6360005E+001
          4654.06      4.6219837E+001
          4665.35      4.6079050E+001
          4676.64      4.5937630E+001
          4687.93      4.5795564E+001
          4699.22      4.5652837E+001
          4710.51      4.5509434E+001
          4721.80      4.5365342E+001
          4733.09      4.5220547E+001
          4744.38      4.5075033E+001
          4755.66      4.4928787E+001
          4766.95      4.4781793E+001
          4778.24      4.4634037E+001
          4789.53      4.4485503E+001
          4800.82      4.4336178E+001
          4812.11      4.4186044E+001
          4823.40      4.4035089E+001
          4834.69      4.3883294E+001
          4845.98      4.3730646E+001
          4857.27      4.3577123E+001
          4868.55      4.3422710E+001
          4879.84      4.3267390E+001
          4891.13      4.3111147E+001
          4902.42      4.2953964E+001
          4913.71      4.2795826E+001
          4925.00      4.2636714E+001
          4936.29      4.2476612E+001
          4947.58      4.2315502E+001
          4958.87      4.2153368E+001
          4970.16      4.1990190E+001
          4981.45      4.1825952E+001
          4992.73      4.1660634E+001
          5004.02      4.1494214E+001
          5015.31      4.1326670E+001
          5026.60      4.1157985E+001
          5037.89      4.0988138E+001
          5049.18      4.0817111E+001
          5060.47      4.0644883E+001
          5071.76      4.0471435E+001
          5083.05      4.0296745E+001
          5094.34      4.0120795E+001
          5105.62      3.9943562E+001
          5116.91      3.9765025E+001
          5128.20      3.9585163E+001
          5139.49      3.9403955E+001
          5150.78      3.9221373E+001
          5162.07      3.9037393E+001
          5173.36      3.8851992E+001
          5184.65      3.8665146E+001
          5195.94      3.8476831E+001
          5207.23      3.8287024E+001
          5218.52      3.8095700E+001
          5229.80      3.7902834E+001
          5241.09      3.7708401E+001
          5252.38      3.7512376E+001
          5263.67      3.7314731E+001
          5274.96      3.7115442E+001
          5286.25      3.6914480E+001
          5297.54      3.6711816E+001
          5308.83      3.6507419E+001
          5320.12      3.6301259E+001
          5331.41      3.6093306E+001
          5342.70      3.5883533E+001
          5353.98      3.5671908E+001
          5365.27      3.5458401E+001
          5376.56      3.5242985E+001
          5387.85      3.5025622E+001
          5399.14      3.4806280E+001
          5410.43      3.4584927E+001
          5421.72      3.4361528E+001
          5433.01      3.4136049E+001
          5444.30      3.3908456E+001
          5455.59      3.3678701E+001
          5466.88      3.3446747E+001
          5478.16      3.3212557E+001
          5489.45      3.2976092E+001
          5500.74      3.2737315E+001
          5512.03      3.2496187E+001
          5523.32      3.2252666E+001
          5534.61      3.2006713E+001
          5545.90      3.1758285E+001
          5557.19      3.1507340E+001
          5568.48      3.1253834E+001
          5579.77      3.0997531E+001
          5591.05      3.0738351E+001
          5602.34      3.0476245E+001
          5613.63      3.0211163E+001
          5624.92      2.9943052E+001
          5636.21      2.9671859E+001
          5647.50      2.9397530E+001
          5658.79      2.9120009E+001
          5670.08      2.8839230E+001
          5681.37      2.8553738E+001
          5692.66      2.8263448E+001
          5703.95      2.7968275E+001
          5715.23      2.7668129E+001
          5726.52      2.7362921E+001
          5737.81      2.7052557E+001
          5749.10      2.6736942E+001
          5760.39      2.6415979E+001
          5771.68      2.6089565E+001
          5782.97      2.5757726E+001
          5794.26      2.5421728E+001
          5805.55      2.5081494E+001
          5816.84      2.4736947E+001
          5828.12      2.4388005E+001
          5839.41      2.4034588E+001
          5850.70      2.3676610E+001
          5861.99      2.3313985E+001
          5873.28      2.2946625E+001
          5884.57      2.2574441E+001
          5895.86      2.2197337E+001
          5907.15      2.1815211E+001
          5918.44      2.1427363E+001
          5929.73      2.1033676E+001
          5941.02      2.0634033E+001
          5952.30      2.0228314E+001
          5963.59      1.9816393E+001
          5974.88      1.9398024E+001
          5986.17      1.8972914E+001
          5997.46      1.8540920E+001
          6008.75      1.8101898E+001
          6020.04      1.7655699E+001
          6031.33      1.7203000E+001
          6042.62      1.6743664E+001
          6053.91      1.6277551E+001
          6065.20      1.5804518E+001
          6076.48      1.5324704E+001
          6087.77      1.4838180E+001
          6099.06      1.4344803E+001
          6110.35      1.3844429E+001
          6121.64      1.3336745E+001
          6132.93      1.2820636E+001
          6144.22      1.2295909E+001
          6155.51      1.1762763E+001
          6166.80      1.1221035E+001
          6178.09      1.0671453E+001
          6189.38      1.0114212E+001
          6200.66      9.5491372E+000
          6211.95      8.9760533E+000
          6223.24      8.3947739E+000
          6234.53      7.8051017E+000
          6245.82      7.2068439E+000
          6257.11      6.5997911E+000
          6268.40      5.9837397E+000
          6279.69      5.3585575E+000
          6290.98      4.7240414E+000
          6302.27      4.0799445E+000
          6313.55      3.4260217E+000
          6324.84      2.7620444E+000
          6336.13      2.0877797E+000
          6347.42      1.4029160E+000
          6358.71      7.0712984E-001
          6370.00      0.0000000E+000
