          3480.00      0.0000000E+000
          3491.29      5.5201409E-002
          3502.58      5.5072053E-002
          3513.87      5.4947684E-002
          3525.16      5.4828144E-002
          3536.45      5.4713269E-002
          3547.73      5.4602892E-002
          3559.02      5.4496845E-002
          3570.31      5.4394957E-002
          3581.60      5.4297055E-002
          3592.89      5.4202967E-002
          3604.18      5.4112521E-002
          3615.47      5.4025545E-002
          3626.76      5.3941870E-002
          3638.05      5.3861328E-002
          3649.34      5.3783754E-002
          3660.62      5.3708987E-002
          3671.91      5.3636869E-002
          3683.20      5.3567246E-002
          3694.49      5.3499968E-002
          3705.78      5.3434891E-002
          3717.07      5.3371874E-002
          3728.36      5.3310784E-002
          3739.65      5.3251491E-002
          3750.94      5.3193870E-002
          3762.23      5.3137803E-002
          3773.52      5.3083177E-002
          3784.80      5.3029883E-002
          3796.09      5.2977820E-002
          3807.38      5.2926891E-002
          3818.67      5.2877002E-002
          3829.96      5.2828068E-002
          3841.25      5.2780005E-002
          3852.54      5.2732737E-002
          3863.83      5.2686190E-002
          3875.12      5.2640296E-002
          3886.41      5.2594990E-002
          3897.70      5.2550212E-002
          3908.98      5.2505906E-002
          3920.27      5.2462019E-002
          3931.56      5.2418500E-002
          3942.85      5.2375304E-002
          3954.14      5.2332387E-002
          3965.43      5.2289709E-002
          3976.72      5.2247232E-002
          3988.01      5.2204921E-002
          3999.30      5.2162743E-002
          4010.59      5.2120666E-002
          4021.88      5.2078664E-002
          4033.16      5.2036708E-002
          4044.45      5.1994774E-002
          4055.74      5.1952838E-002
          4067.03      5.1910879E-002
          4078.32      5.1868876E-002
          4089.61      5.1826810E-002
          4100.90      5.1784664E-002
          4112.19      5.1742420E-002
          4123.48      5.1700062E-002
          4134.77      5.1657577E-002
          4146.05      5.1614949E-002
          4157.34      5.1572166E-002
          4168.63      5.1529215E-002
          4179.92      5.1486084E-002
          4191.21      5.1442763E-002
          4202.50      5.1399239E-002
          4213.79      5.1355504E-002
          4225.08      5.1311547E-002
          4236.37      5.1267359E-002
          4247.66      5.1222931E-002
          4258.95      5.1178254E-002
          4270.23      5.1133320E-002
          4281.52      5.1088121E-002
          4292.81      5.1042648E-002
          4304.10      5.0996895E-002
          4315.39      5.0950853E-002
          4326.68      5.0904515E-002
          4337.97      5.0857873E-002
          4349.26      5.0810922E-002
          4360.55      5.0763652E-002
          4371.84      5.0716058E-002
          4383.12      5.0668133E-002
          4394.41      5.0619868E-002
          4405.70      5.0571259E-002
          4416.99      5.0522297E-002
          4428.28      5.0472975E-002
          4439.57      5.0423287E-002
          4450.86      5.0373225E-002
          4462.15      5.0322784E-002
          4473.44      5.0271954E-002
          4484.73      5.0220730E-002
          4496.02      5.0169104E-002
          4507.30      5.0117068E-002
          4518.59      5.0064616E-002
          4529.88      5.0011740E-002
          4541.17      4.9958432E-002
          4552.46      4.9904685E-002
          4563.75      4.9850490E-002
          4575.04      4.9795839E-002
          4586.33      4.9740726E-002
          4597.62      4.9685140E-002
          4608.91      4.9629075E-002
          4620.20      4.9572520E-002
          4631.48      4.9515469E-002
          4642.77      4.9457911E-002
          4654.06      4.9399837E-002
          4665.35      4.9341239E-002
          4676.64      4.9282107E-002
          4687.93      4.9222431E-002
          4699.22      4.9162201E-002
          4710.51      4.9101408E-002
          4721.80      4.9040041E-002
          4733.09      4.8978089E-002
          4744.38      4.8915542E-002
          4755.66      4.8852388E-002
          4766.95      4.8788617E-002
          4778.24      4.8724217E-002
          4789.53      4.8659176E-002
          4800.82      4.8593482E-002
          4812.11      4.8527123E-002
          4823.40      4.8460086E-002
          4834.69      4.8392358E-002
          4845.98      4.8323925E-002
          4857.27      4.8254775E-002
          4868.55      4.8184893E-002
          4879.84      4.8114266E-002
          4891.13      4.8042877E-002
          4902.42      4.7970713E-002
          4913.71      4.7897758E-002
          4925.00      4.7823997E-002
          4936.29      4.7749412E-002
          4947.58      4.7673988E-002
          4958.87      4.7597707E-002
          4970.16      4.7520552E-002
          4981.45      4.7442506E-002
          4992.73      4.7363548E-002
          5004.02      4.7283662E-002
          5015.31      4.7202826E-002
          5026.60      4.7121022E-002
          5037.89      4.7038229E-002
          5049.18      4.6954425E-002
          5060.47      4.6869590E-002
          5071.76      4.6783700E-002
          5083.05      4.6696733E-002
          5094.34      4.6608666E-002
          5105.62      4.6519474E-002
          5116.91      4.6429132E-002
          5128.20      4.6337615E-002
          5139.49      4.6244896E-002
          5150.78      4.6150949E-002
          5162.07      4.6055745E-002
          5173.36      4.5959255E-002
          5184.65      4.5861450E-002
          5195.94      4.5762300E-002
          5207.23      4.5661773E-002
          5218.52      4.5559836E-002
          5229.80      4.5456456E-002
          5241.09      4.5351599E-002
          5252.38      4.5245229E-002
          5263.67      4.5137310E-002
          5274.96      4.5027803E-002
          5286.25      4.4916669E-002
          5297.54      4.4803869E-002
          5308.83      4.4689360E-002
          5320.12      4.4573100E-002
          5331.41      4.4455044E-002
          5342.70      4.4335147E-002
          5353.98      4.4213359E-002
          5365.27      4.4089634E-002
          5376.56      4.3963919E-002
          5387.85      4.3836163E-002
          5399.14      4.3706311E-002
          5410.43      4.3574306E-002
          5421.72      4.3440090E-002
          5433.01      4.3303604E-002
          5444.30      4.3164783E-002
          5455.59      4.3023564E-002
          5466.88      4.2879879E-002
          5478.16      4.2733659E-002
          5489.45      4.2584830E-002
          5500.74      4.2433319E-002
          5512.03      4.2279046E-002
          5523.32      4.2121931E-002
          5534.61      4.1961889E-002
          5545.90      4.1798834E-002
          5557.19      4.1632673E-002
          5568.48      4.1463313E-002
          5579.77      4.1290655E-002
          5591.05      4.1114596E-002
          5602.34      4.0935029E-002
          5613.63      4.0751843E-002
          5624.92      4.0564922E-002
          5636.21      4.0374146E-002
          5647.50      4.0179387E-002
          5658.79      3.9980514E-002
          5670.08      3.9777389E-002
          5681.37      3.9569869E-002
          5692.66      3.9357804E-002
          5703.95      3.9141035E-002
          5715.23      3.8919400E-002
          5726.52      3.8692725E-002
          5737.81      3.8460830E-002
          5749.10      3.8223527E-002
          5760.39      3.7980618E-002
          5771.68      3.7731893E-002
          5782.97      3.7477136E-002
          5794.26      3.7216117E-002
          5805.55      3.6948595E-002
          5816.84      3.6674317E-002
          5828.12      3.6393016E-002
          5839.41      3.6104412E-002
          5850.70      3.5808208E-002
          5861.99      3.5504092E-002
          5873.28      3.5191735E-002
          5884.57      3.4870790E-002
          5895.86      3.4540888E-002
          5907.15      3.4201642E-002
          5918.44      3.3852640E-002
          5929.73      3.3493445E-002
          5941.02      3.3123596E-002
          5952.30      3.2742602E-002
          5963.59      3.2349942E-002
          5974.88      3.1945062E-002
          5986.17      3.1527372E-002
          5997.46      3.1096246E-002
          6008.75      3.0651014E-002
          6020.04      3.0190960E-002
          6031.33      2.9715321E-002
          6042.62      2.9223281E-002
          6053.91      2.8713964E-002
          6065.20      2.8186432E-002
          6076.48      2.7639678E-002
          6087.77      2.7072620E-002
          6099.06      2.6484091E-002
          6110.35      2.5872836E-002
          6121.64      2.5237498E-002
          6132.93      2.4576611E-002
          6144.22      2.3888588E-002
          6155.51      2.3171707E-002
          6166.80      2.2424097E-002
          6178.09      2.1643725E-002
          6189.38      2.0828370E-002
          6200.66      1.9975608E-002
          6211.95      1.9082787E-002
          6223.24      1.8146997E-002
          6234.53      1.7165041E-002
          6245.82      1.6133394E-002
          6257.11      1.5048165E-002
          6268.40      1.3905047E-002
          6279.69      1.2699257E-002
          6290.98      1.1425470E-002
          6302.27      1.0077744E-002
          6313.55      8.6494183E-003
          6324.84      7.1330144E-003
          6336.13      5.5200943E-003
          6347.42      3.8011072E-003
          6358.71      1.9652043E-003
          6370.00      0.0000000E+000
