          3480.00      0.0000000E+000
          3491.29      5.6736144E-002
          3502.58      5.6608397E-002
          3513.87      5.6487624E-002
          3525.16      5.6373565E-002
          3536.45      5.6265946E-002
          3547.73      5.6164479E-002
          3559.02      5.6068863E-002
          3570.31      5.5978791E-002
          3581.60      5.5893952E-002
          3592.89      5.5814032E-002
          3604.18      5.5738719E-002
          3615.47      5.5667703E-002
          3626.76      5.5600682E-002
          3638.05      5.5537360E-002
          3649.34      5.5477453E-002
          3660.62      5.5420684E-002
          3671.91      5.5366793E-002
          3683.20      5.5315529E-002
          3694.49      5.5266659E-002
          3705.78      5.5219958E-002
          3717.07      5.5175222E-002
          3728.36      5.5132255E-002
          3739.65      5.5090878E-002
          3750.94      5.5050925E-002
          3762.23      5.5012242E-002
          3773.52      5.4974689E-002
          3784.80      5.4938136E-002
          3796.09      5.4902464E-002
          3807.38      5.4867568E-002
          3818.67      5.4833347E-002
          3829.96      5.4799714E-002
          3841.25      5.4766588E-002
          3852.54      5.4733895E-002
          3863.83      5.4701571E-002
          3875.12      5.4669555E-002
          3886.41      5.4637794E-002
          3897.70      5.4606240E-002
          3908.98      5.4574849E-002
          3920.27      5.4543583E-002
          3931.56      5.4512407E-002
          3942.85      5.4481289E-002
          3954.14      5.4450200E-002
          3965.43      5.4419115E-002
          3976.72      5.4388012E-002
          3988.01      5.4356869E-002
          3999.30      5.4325669E-002
          4010.59      5.4294393E-002
          4021.88      5.4263028E-002
          4033.16      5.4231559E-002
          4044.45      5.4199973E-002
          4055.74      5.4168260E-002
          4067.03      5.4136408E-002
          4078.32      5.4104409E-002
          4089.61      5.4072252E-002
          4100.90      5.4039931E-002
          4112.19      5.4007438E-002
          4123.48      5.3974765E-002
          4134.77      5.3941905E-002
          4146.05      5.3908853E-002
          4157.34      5.3875603E-002
          4168.63      5.3842149E-002
          4179.92      5.3808484E-002
          4191.21      5.3774606E-002
          4202.50      5.3740507E-002
          4213.79      5.3706183E-002
          4225.08      5.3671630E-002
          4236.37      5.3636842E-002
          4247.66      5.3601816E-002
          4258.95      5.3566545E-002
          4270.23      5.3531027E-002
          4281.52      5.3495256E-002
          4292.81      5.3459227E-002
          4304.10      5.3422937E-002
          4315.39      5.3386380E-002
          4326.68      5.3349553E-002
          4337.97      5.3312449E-002
          4349.26      5.3275066E-002
          4360.55      5.3237397E-002
          4371.84      5.3199439E-002
          4383.12      5.3161186E-002
          4394.41      5.3122633E-002
          4405.70      5.3083776E-002
          4416.99      5.3044609E-002
          4428.28      5.3005127E-002
          4439.57      5.2965325E-002
          4450.86      5.2925197E-002
          4462.15      5.2884739E-002
          4473.44      5.2843944E-002
          4484.73      5.2802806E-002
          4496.02      5.2761321E-002
          4507.30      5.2719481E-002
          4518.59      5.2677282E-002
          4529.88      5.2634716E-002
          4541.17      5.2591778E-002
          4552.46      5.2548460E-002
          4563.75      5.2504758E-002
          4575.04      5.2460662E-002
          4586.33      5.2416168E-002
          4597.62      5.2371267E-002
          4608.91      5.2325953E-002
          4620.20      5.2280218E-002
          4631.48      5.2234054E-002
          4642.77      5.2187454E-002
          4654.06      5.2140411E-002
          4665.35      5.2092915E-002
          4676.64      5.2044959E-002
          4687.93      5.1996533E-002
          4699.22      5.1947631E-002
          4710.51      5.1898242E-002
          4721.80      5.1848357E-002
          4733.09      5.1797967E-002
          4744.38      5.1747063E-002
          4755.66      5.1695635E-002
          4766.95      5.1643673E-002
          4778.24      5.1591166E-002
          4789.53      5.1538104E-002
          4800.82      5.1484476E-002
          4812.11      5.1430271E-002
          4823.40      5.1375478E-002
          4834.69      5.1320084E-002
          4845.98      5.1264079E-002
          4857.27      5.1207450E-002
          4868.55      5.1150184E-002
          4879.84      5.1092268E-002
          4891.13      5.1033689E-002
          4902.42      5.0974434E-002
          4913.71      5.0914487E-002
          4925.00      5.0853837E-002
          4936.29      5.0792466E-002
          4947.58      5.0730360E-002
          4958.87      5.0667505E-002
          4970.16      5.0603882E-002
          4981.45      5.0539477E-002
          4992.73      5.0474272E-002
          5004.02      5.0408250E-002
          5015.31      5.0341393E-002
          5026.60      5.0273683E-002
          5037.89      5.0205100E-002
          5049.18      5.0135625E-002
          5060.47      5.0065239E-002
          5071.76      4.9993920E-002
          5083.05      4.9921647E-002
          5094.34      4.9848399E-002
          5105.62      4.9774152E-002
          5116.91      4.9698884E-002
          5128.20      4.9622571E-002
          5139.49      4.9545188E-002
          5150.78      4.9466709E-002
          5162.07      4.9387109E-002
          5173.36      4.9306360E-002
          5184.65      4.9224434E-002
          5195.94      4.9141303E-002
          5207.23      4.9056937E-002
          5218.52      4.8971305E-002
          5229.80      4.8884375E-002
          5241.09      4.8796115E-002
          5252.38      4.8706490E-002
          5263.67      4.8615467E-002
          5274.96      4.8523007E-002
          5286.25      4.8429075E-002
          5297.54      4.8333632E-002
          5308.83      4.8236636E-002
          5320.12      4.8138048E-002
          5331.41      4.8037824E-002
          5342.70      4.7935919E-002
          5353.98      4.7832287E-002
          5365.27      4.7726881E-002
          5376.56      4.7619652E-002
          5387.85      4.7510547E-002
          5399.14      4.7399514E-002
          5410.43      4.7286497E-002
          5421.72      4.7171439E-002
          5433.01      4.7054280E-002
          5444.30      4.6934959E-002
          5455.59      4.6813412E-002
          5466.88      4.6689570E-002
          5478.16      4.6563366E-002
          5489.45      4.6434726E-002
          5500.74      4.6303575E-002
          5512.03      4.6169835E-002
          5523.32      4.6033424E-002
          5534.61      4.5894257E-002
          5545.90      4.5752245E-002
          5557.19      4.5607297E-002
          5568.48      4.5459314E-002
          5579.77      4.5308197E-002
          5591.05      4.5153840E-002
          5602.34      4.4996133E-002
          5613.63      4.4834962E-002
          5624.92      4.4670205E-002
          5636.21      4.4501737E-002
          5647.50      4.4329426E-002
          5658.79      4.4153134E-002
          5670.08      4.3972716E-002
          5681.37      4.3788021E-002
          5692.66      4.3598889E-002
          5703.95      4.3405152E-002
          5715.23      4.3206636E-002
          5726.52      4.3003154E-002
          5737.81      4.2794514E-002
          5749.10      4.2580510E-002
          5760.39      4.2360926E-002
          5771.68      4.2135536E-002
          5782.97      4.1904100E-002
          5794.26      4.1666365E-002
          5805.55      4.1422064E-002
          5816.84      4.1170914E-002
          5828.12      4.0912616E-002
          5839.41      4.0646855E-002
          5850.70      4.0373294E-002
          5861.99      4.0091577E-002
          5873.28      3.9801328E-002
          5884.57      3.9502146E-002
          5895.86      3.9193602E-002
          5907.15      3.8875244E-002
          5918.44      3.8546587E-002
          5929.73      3.8207116E-002
          5941.02      3.7856277E-002
          5952.30      3.7493483E-002
          5963.59      3.7118102E-002
          5974.88      3.6729459E-002
          5986.17      3.6326829E-002
          5997.46      3.5909432E-002
          6008.75      3.5476431E-002
          6020.04      3.5026925E-002
          6031.33      3.4559940E-002
          6042.62      3.4074425E-002
          6053.91      3.3569244E-002
          6065.20      3.3043166E-002
          6076.48      3.2494854E-002
          6087.77      3.1922856E-002
          6099.06      3.1325589E-002
          6110.35      3.0701329E-002
          6121.64      3.0048189E-002
          6132.93      2.9364101E-002
          6144.22      2.8646799E-002
          6155.51      2.7893788E-002
          6166.80      2.7102315E-002
          6178.09      2.6269340E-002
          6189.38      2.5391493E-002
          6200.66      2.4465029E-002
          6211.95      2.3485773E-002
          6223.24      2.2449060E-002
          6234.53      2.1349659E-002
          6245.82      2.0181684E-002
          6257.11      1.8938487E-002
          6268.40      1.7612535E-002
          6279.69      1.6195252E-002
          6290.98      1.4676836E-002
          6302.27      1.3046032E-002
          6313.55      1.1289846E-002
          6324.84      9.3932094E-003
          6336.13      7.3385314E-003
          6347.42      5.1051562E-003
          6358.71      2.6686717E-003
          6370.00      0.0000000E+000
