          3480.00      0.0000000E+000
          3491.29      9.1709982E+001
          3502.58      9.1536791E+001
          3513.87      9.1374418E+001
          3525.16      9.1222440E+001
          3536.45      9.1080396E+001
          3547.73      9.0947798E+001
          3559.02      9.0824135E+001
          3570.31      9.0708881E+001
          3581.60      9.0601502E+001
          3592.89      9.0501462E+001
          3604.18      9.0408217E+001
          3615.47      9.0321224E+001
          3626.76      9.0239975E+001
          3638.05      9.0163980E+001
          3649.34      9.0092767E+001
          3660.62      9.0025890E+001
          3671.91      8.9962927E+001
          3683.20      8.9903483E+001
          3694.49      8.9847190E+001
          3705.78      8.9793707E+001
          3717.07      8.9742721E+001
          3728.36      8.9693943E+001
          3739.65      8.9647111E+001
          3750.94      8.9601987E+001
          3762.23      8.9558353E+001
          3773.52      8.9516014E+001
          3784.80      8.9474795E+001
          3796.09      8.9434539E+001
          3807.38      8.9395109E+001
          3818.67      8.9356377E+001
          3829.96      8.9318233E+001
          3841.25      8.9280576E+001
          3852.54      8.9243317E+001
          3863.83      8.9206378E+001
          3875.12      8.9169687E+001
          3886.41      8.9133183E+001
          3897.70      8.9096811E+001
          3908.98      8.9060523E+001
          3920.27      8.9024274E+001
          3931.56      8.8988028E+001
          3942.85      8.8951749E+001
          3954.14      8.8915412E+001
          3965.43      8.8878991E+001
          3976.72      8.8842462E+001
          3988.01      8.8805803E+001
          3999.30      8.8768996E+001
          4010.59      8.8732023E+001
          4021.88      8.8694868E+001
          4033.16      8.8657518E+001
          4044.45      8.8619960E+001
          4055.74      8.8582181E+001
          4067.03      8.8544172E+001
          4078.32      8.8505921E+001
          4089.61      8.8467420E+001
          4100.90      8.8428660E+001
          4112.19      8.8389633E+001
          4123.48      8.8350331E+001
          4134.77      8.8310747E+001
          4146.05      8.8270872E+001
          4157.34      8.8230702E+001
          4168.63      8.8190228E+001
          4179.92      8.8149444E+001
          4191.21      8.8108344E+001
          4202.50      8.8066921E+001
          4213.79      8.8025169E+001
          4225.08      8.7983081E+001
          4236.37      8.7940653E+001
          4247.66      8.7897876E+001
          4258.95      8.7854744E+001
          4270.23      8.7811252E+001
          4281.52      8.7767392E+001
          4292.81      8.7723158E+001
          4304.10      8.7678544E+001
          4315.39      8.7633543E+001
          4326.68      8.7588149E+001
          4337.97      8.7542355E+001
          4349.26      8.7496153E+001
          4360.55      8.7449537E+001
          4371.84      8.7402510E+001
          4383.12      8.7355054E+001
          4394.41      8.7307162E+001
          4405.70      8.7258825E+001
          4416.99      8.7210037E+001
          4428.28      8.7160789E+001
          4439.57      8.7111072E+001
          4450.86      8.7060880E+001
          4462.15      8.7010204E+001
          4473.44      8.6959035E+001
          4484.73      8.6907365E+001
          4496.02      8.6855184E+001
          4507.30      8.6802485E+001
          4518.59      8.6749257E+001
          4529.88      8.6695492E+001
          4541.17      8.6641179E+001
          4552.46      8.6586310E+001
          4563.75      8.6530874E+001
          4575.04      8.6474862E+001
          4586.33      8.6418262E+001
          4597.62      8.6361064E+001
          4608.91      8.6303257E+001
          4620.20      8.6244829E+001
          4631.48      8.6185770E+001
          4642.77      8.6126067E+001
          4654.06      8.6065708E+001
          4665.35      8.6004681E+001
          4676.64      8.5942973E+001
          4687.93      8.5880571E+001
          4699.22      8.5817462E+001
          4710.51      8.5753631E+001
          4721.80      8.5689066E+001
          4733.09      8.5623751E+001
          4744.38      8.5557672E+001
          4755.66      8.5490814E+001
          4766.95      8.5423161E+001
          4778.24      8.5354697E+001
          4789.53      8.5285407E+001
          4800.82      8.5215273E+001
          4812.11      8.5144278E+001
          4823.40      8.5072405E+001
          4834.69      8.4999635E+001
          4845.98      8.4925951E+001
          4857.27      8.4851332E+001
          4868.55      8.4775757E+001
          4879.84      8.4699208E+001
          4891.13      8.4621663E+001
          4902.42      8.4543101E+001
          4913.71      8.4463501E+001
          4925.00      8.4382840E+001
          4936.29      8.4301095E+001
          4947.58      8.4218243E+001
          4958.87      8.4134258E+001
          4970.16      8.4049117E+001
          4981.45      8.3962792E+001
          4992.73      8.3875258E+001
          5004.02      8.3786486E+001
          5015.31      8.3696447E+001
          5026.60      8.3605112E+001
          5037.89      8.3512451E+001
          5049.18      8.3418434E+001
          5060.47      8.3323028E+001
          5071.76      8.3226202E+001
          5083.05      8.3127921E+001
          5094.34      8.3028150E+001
          5105.62      8.2926855E+001
          5116.91      8.2823998E+001
          5128.20      8.2719540E+001
          5139.49      8.2613443E+001
          5150.78      8.2505664E+001
          5162.07      8.2396161E+001
          5173.36      8.2284890E+001
          5184.65      8.2171807E+001
          5195.94      8.2056864E+001
          5207.23      8.1940014E+001
          5218.52      8.1821208E+001
          5229.80      8.1700394E+001
          5241.09      8.1577519E+001
          5252.38      8.1452528E+001
          5263.67      8.1325364E+001
          5274.96      8.1195968E+001
          5286.25      8.1064280E+001
          5297.54      8.0930235E+001
          5308.83      8.0793767E+001
          5320.12      8.0654806E+001
          5331.41      8.0513283E+001
          5342.70      8.0369124E+001
          5353.98      8.0222253E+001
          5365.27      8.0072591E+001
          5376.56      7.9920057E+001
          5387.85      7.9764565E+001
          5399.14      7.9606025E+001
          5410.43      7.9444344E+001
          5421.72      7.9279428E+001
          5433.01      7.9111177E+001
          5444.30      7.8939485E+001
          5455.59      7.8764241E+001
          5466.88      7.8585331E+001
          5478.16      7.8402637E+001
          5489.45      7.8216037E+001
          5500.74      7.8025402E+001
          5512.03      7.7830598E+001
          5523.32      7.7631486E+001
          5534.61      7.7427920E+001
          5545.90      7.7219747E+001
          5557.19      7.7006807E+001
          5568.48      7.6788934E+001
          5579.77      7.6565878E+001
          5591.05      7.6337443E+001
          5602.34      7.6103436E+001
          5613.63      7.5863654E+001
          5624.92      7.5617888E+001
          5636.21      7.5365917E+001
          5647.50      7.5107511E+001
          5658.79      7.4842427E+001
          5670.08      7.4570407E+001
          5681.37      7.4290618E+001
          5692.66      7.4002761E+001
          5703.95      7.3706535E+001
          5715.23      7.3401627E+001
          5726.52      7.3087719E+001
          5737.81      7.2764481E+001
          5749.10      7.2431568E+001
          5760.39      7.2088623E+001
          5771.68      7.1735273E+001
          5782.97      7.1371181E+001
          5794.26      7.0996541E+001
          5805.55      7.0610943E+001
          5816.84      7.0213942E+001
          5828.12      6.9805058E+001
          5839.41      6.9383772E+001
          5850.70      6.8949527E+001
          5861.99      6.8501724E+001
          5873.28      6.8039721E+001
          5884.57      6.7562832E+001
          5895.86      6.7070319E+001
          5907.15      6.6561390E+001
          5918.44      6.6034908E+001
          5929.73      6.5489953E+001
          5941.02      6.4925550E+001
          5952.30      6.4340659E+001
          5963.59      6.3734170E+001
          5974.88      6.3104833E+001
          5986.17      6.2451290E+001
          5997.46      6.1772170E+001
          6008.75      6.1066002E+001
          6020.04      6.0331210E+001
          6031.33      5.9566548E+001
          6042.62      5.8770204E+001
          6053.91      5.7940210E+001
          6065.20      5.7074418E+001
          6076.48      5.6170652E+001
          6087.77      5.5226489E+001
          6099.06      5.4239145E+001
          6110.35      5.3205558E+001
          6121.64      5.2122258E+001
          6132.93      5.0984924E+001
          6144.22      4.9789419E+001
          6155.51      4.8531447E+001
          6166.80      4.7206023E+001
          6178.09      4.5808227E+001
          6189.38      4.4332189E+001
          6200.66      4.2771065E+001
          6211.95      4.1117162E+001
          6223.24      3.9361798E+001
          6234.53      3.7495155E+001
          6245.82      3.5506094E+001
          6257.11      3.3381917E+001
          6268.40      3.1108117E+001
          6279.69      2.8668086E+001
          6290.98      2.6042596E+001
          6302.27      2.3209296E+001
          6313.55      2.0142106E+001
          6324.84      1.6810429E+001
          6336.13      1.3178089E+001
          6347.42      9.2019335E+000
          6358.71      4.8301736E+000
          6370.00      0.0000000E+000
