          3480.00      0.0000000E+000
          3491.29      8.7060102E+001
          3502.58      8.6882365E+001
          3513.87      8.6710440E+001
          3525.16      8.6544156E+001
          3536.45      8.6383340E+001
          3547.73      8.6227816E+001
          3559.02      8.6077408E+001
          3570.31      8.5931939E+001
          3581.60      8.5791233E+001
          3592.89      8.5655113E+001
          3604.18      8.5523378E+001
          3615.47      8.5395812E+001
          3626.76      8.5272249E+001
          3638.05      8.5152519E+001
          3649.34      8.5036456E+001
          3660.62      8.4923893E+001
          3671.91      8.4814666E+001
          3683.20      8.4708613E+001
          3694.49      8.4605577E+001
          3705.78      8.4505401E+001
          3717.07      8.4407936E+001
          3728.36      8.4313034E+001
          3739.65      8.4220553E+001
          3750.94      8.4130354E+001
          3762.23      8.4042303E+001
          3773.52      8.3956271E+001
          3784.80      8.3872133E+001
          3796.09      8.3789768E+001
          3807.38      8.3709069E+001
          3818.67      8.3629925E+001
          3829.96      8.3552229E+001
          3841.25      8.3475878E+001
          3852.54      8.3400774E+001
          3863.83      8.3326825E+001
          3875.12      8.3253939E+001
          3886.41      8.3182033E+001
          3897.70      8.3111024E+001
          3908.98      8.3040834E+001
          3920.27      8.2971391E+001
          3931.56      8.2902623E+001
          3942.85      8.2834464E+001
          3954.14      8.2766856E+001
          3965.43      8.2699741E+001
          3976.72      8.2633061E+001
          3988.01      8.2566762E+001
          3999.30      8.2500792E+001
          4010.59      8.2435103E+001
          4021.88      8.2369647E+001
          4033.16      8.2304381E+001
          4044.45      8.2239262E+001
          4055.74      8.2174251E+001
          4067.03      8.2109309E+001
          4078.32      8.2044402E+001
          4089.61      8.1979494E+001
          4100.90      8.1914554E+001
          4112.19      8.1849551E+001
          4123.48      8.1784455E+001
          4134.77      8.1719238E+001
          4146.05      8.1653873E+001
          4157.34      8.1588336E+001
          4168.63      8.1522601E+001
          4179.92      8.1456646E+001
          4191.21      8.1390447E+001
          4202.50      8.1323984E+001
          4213.79      8.1257236E+001
          4225.08      8.1190183E+001
          4236.37      8.1122805E+001
          4247.66      8.1055085E+001
          4258.95      8.0987003E+001
          4270.23      8.0918543E+001
          4281.52      8.0849686E+001
          4292.81      8.0780418E+001
          4304.10      8.0710722E+001
          4315.39      8.0640582E+001
          4326.68      8.0569984E+001
          4337.97      8.0498912E+001
          4349.26      8.0427352E+001
          4360.55      8.0355289E+001
          4371.84      8.0282724E+001
          4383.12      8.0209628E+001
          4394.41      8.0135987E+001
          4405.70      8.0061787E+001
          4416.99      7.9987012E+001
          4428.28      7.9911649E+001
          4439.57      7.9835685E+001
          4450.86      7.9759107E+001
          4462.15      7.9681900E+001
          4473.44      7.9604051E+001
          4484.73      7.9525547E+001
          4496.02      7.9446374E+001
          4507.30      7.9366518E+001
          4518.59      7.9285966E+001
          4529.88      7.9204703E+001
          4541.17      7.9122716E+001
          4552.46      7.9039990E+001
          4563.75      7.8956513E+001
          4575.04      7.8872269E+001
          4586.33      7.8787244E+001
          4597.62      7.8701423E+001
          4608.91      7.8614791E+001
          4620.20      7.8527333E+001
          4631.48      7.8439032E+001
          4642.77      7.8349875E+001
          4654.06      7.8259843E+001
          4665.35      7.8168922E+001
          4676.64      7.8077095E+001
          4687.93      7.7984344E+001
          4699.22      7.7890652E+001
          4710.51      7.7796002E+001
          4721.80      7.7700375E+001
          4733.09      7.7603754E+001
          4744.38      7.7506120E+001
          4755.66      7.7407454E+001
          4766.95      7.7307736E+001
          4778.24      7.7206947E+001
          4789.53      7.7105065E+001
          4800.82      7.7002072E+001
          4812.11      7.6897944E+001
          4823.40      7.6792661E+001
          4834.69      7.6686201E+001
          4845.98      7.6578540E+001
          4857.27      7.6469654E+001
          4868.55      7.6359519E+001
          4879.84      7.6248109E+001
          4891.13      7.6135402E+001
          4902.42      7.6021370E+001
          4913.71      7.5905988E+001
          4925.00      7.5789228E+001
          4936.29      7.5671064E+001
          4947.58      7.5551467E+001
          4958.87      7.5430409E+001
          4970.16      7.5307859E+001
          4981.45      7.5183788E+001
          4992.73      7.5058163E+001
          5004.02      7.4930951E+001
          5015.31      7.4802118E+001
          5026.60      7.4671630E+001
          5037.89      7.4539452E+001
          5049.18      7.4405550E+001
          5060.47      7.4269885E+001
          5071.76      7.4132422E+001
          5083.05      7.3993120E+001
          5094.34      7.3851941E+001
          5105.62      7.3708843E+001
          5116.91      7.3563785E+001
          5128.20      7.3416723E+001
          5139.49      7.3267613E+001
          5150.78      7.3116408E+001
          5162.07      7.2963059E+001
          5173.36      7.2807517E+001
          5184.65      7.2649733E+001
          5195.94      7.2489655E+001
          5207.23      7.2327230E+001
          5218.52      7.2162404E+001
          5229.80      7.1995121E+001
          5241.09      7.1825322E+001
          5252.38      7.1652948E+001
          5263.67      7.1477937E+001
          5274.96      7.1300226E+001
          5286.25      7.1119749E+001
          5297.54      7.0936438E+001
          5308.83      7.0750221E+001
          5320.12      7.0561024E+001
          5331.41      7.0368774E+001
          5342.70      7.0173393E+001
          5353.98      6.9974802E+001
          5365.27      6.9772919E+001
          5376.56      6.9567660E+001
          5387.85      6.9358935E+001
          5399.14      6.9146652E+001
          5410.43      6.8930717E+001
          5421.72      6.8711034E+001
          5433.01      6.8487499E+001
          5444.30      6.8260010E+001
          5455.59      6.8028451E+001
          5466.88      6.7792708E+001
          5478.16      6.7552667E+001
          5489.45      6.7308204E+001
          5500.74      6.7059195E+001
          5512.03      6.6805510E+001
          5523.32      6.6547013E+001
          5534.61      6.6283564E+001
          5545.90      6.6015017E+001
          5557.19      6.5741220E+001
          5568.48      6.5462015E+001
          5579.77      6.5177130E+001
          5591.05      6.4886374E+001
          5602.34      6.4589566E+001
          5613.63      6.4286518E+001
          5624.92      6.3977034E+001
          5636.21      6.3660914E+001
          5647.50      6.3337945E+001
          5658.79      6.3007907E+001
          5670.08      6.2670567E+001
          5681.37      6.2324857E+001
          5692.66      6.1970504E+001
          5703.95      6.1607224E+001
          5715.23      6.1234726E+001
          5726.52      6.0852711E+001
          5737.81      6.0460868E+001
          5749.10      6.0058875E+001
          5760.39      5.9646399E+001
          5771.68      5.9223093E+001
          5782.97      5.8788679E+001
          5794.26      5.8343643E+001
          5805.55      5.7887629E+001
          5816.84      5.7420263E+001
          5828.12      5.6941148E+001
          5839.41      5.6449866E+001
          5850.70      5.5945976E+001
          5861.99      5.5429009E+001
          5873.28      5.4898474E+001
          5884.57      5.4353852E+001
          5895.86      5.3794591E+001
          5907.15      5.3220107E+001
          5918.44      5.2629380E+001
          5929.73      5.2021743E+001
          5941.02      5.1396494E+001
          5952.30      5.0752893E+001
          5963.59      5.0090161E+001
          5974.88      4.9407387E+001
          5986.17      4.8703583E+001
          5997.46      4.7977818E+001
          6008.75      4.7229108E+001
          6020.04      4.6456411E+001
          6031.33      4.5659227E+001
          6042.62      4.4836413E+001
          6053.91      4.3986753E+001
          6065.20      4.3108948E+001
          6076.48      4.2201826E+001
          6087.77      4.1264084E+001
          6099.06      4.0294154E+001
          6110.35      3.9290357E+001
          6121.64      3.8250763E+001
          6132.93      3.7172664E+001
          6144.22      3.6053928E+001
          6155.51      3.4892583E+001
          6166.80      3.3686208E+001
          6178.09      3.2432942E+001
          6189.38      3.1130303E+001
          6200.66      2.9775279E+001
          6211.95      2.8364603E+001
          6223.24      2.6894715E+001
          6234.53      2.5361737E+001
          6245.82      2.3761441E+001
          6257.11      2.2089201E+001
          6268.40      2.0339963E+001
          6279.69      1.8508253E+001
          6290.98      1.6587992E+001
          6302.27      1.4572444E+001
          6313.55      1.2454179E+001
          6324.84      1.0225000E+001
          6336.13      7.8758099E+000
          6347.42      5.3964090E+000
          6358.71      2.7754181E+000
          6370.00      0.0000000E+000
