          3480.00      0.0000000E+000
          3491.29      5.6567491E-002
          3502.58      5.6439459E-002
          3513.87      5.6318118E-002
          3525.16      5.6203226E-002
          3536.45      5.6094526E-002
          3547.73      5.5991750E-002
          3559.02      5.5894620E-002
          3570.31      5.5802852E-002
          3581.60      5.5716158E-002
          3592.89      5.5634246E-002
          3604.18      5.5556829E-002
          3615.47      5.5483618E-002
          3626.76      5.5414332E-002
          3638.05      5.5348695E-002
          3649.34      5.5286440E-002
          3660.62      5.5227309E-002
          3671.91      5.5171055E-002
          3683.20      5.5117440E-002
          3694.49      5.5066242E-002
          3705.78      5.5017248E-002
          3717.07      5.4970257E-002
          3728.36      5.4925084E-002
          3739.65      5.4881552E-002
          3750.94      5.4839501E-002
          3762.23      5.4798777E-002
          3773.52      5.4759243E-002
          3784.80      5.4720768E-002
          3796.09      5.4683236E-002
          3807.38      5.4646537E-002
          3818.67      5.4610572E-002
          3829.96      5.4575250E-002
          3841.25      5.4540489E-002
          3852.54      5.4506212E-002
          3863.83      5.4472353E-002
          3875.12      5.4438847E-002
          3886.41      5.4405640E-002
          3897.70      5.4372680E-002
          3908.98      5.4339921E-002
          3920.27      5.4307322E-002
          3931.56      5.4274844E-002
          3942.85      5.4242453E-002
          3954.14      5.4210119E-002
          3965.43      5.4177813E-002
          3976.72      5.4145512E-002
          3988.01      5.4113190E-002
          3999.30      5.4080829E-002
          4010.59      5.4048410E-002
          4021.88      5.4015914E-002
          4033.16      5.3983328E-002
          4044.45      5.3950636E-002
          4055.74      5.3917826E-002
          4067.03      5.3884886E-002
          4078.32      5.3851806E-002
          4089.61      5.3818574E-002
          4100.90      5.3785183E-002
          4112.19      5.3751623E-002
          4123.48      5.3717887E-002
          4134.77      5.3683967E-002
          4146.05      5.3649855E-002
          4157.34      5.3615546E-002
          4168.63      5.3581033E-002
          4179.92      5.3546309E-002
          4191.21      5.3511370E-002
          4202.50      5.3476209E-002
          4213.79      5.3440822E-002
          4225.08      5.3405202E-002
          4236.37      5.3369345E-002
          4247.66      5.3333246E-002
          4258.95      5.3296900E-002
          4270.23      5.3260302E-002
          4281.52      5.3223446E-002
          4292.81      5.3186330E-002
          4304.10      5.3148946E-002
          4315.39      5.3111291E-002
          4326.68      5.3073360E-002
          4337.97      5.3035149E-002
          4349.26      5.2996651E-002
          4360.55      5.2957862E-002
          4371.84      5.2918778E-002
          4383.12      5.2879393E-002
          4394.41      5.2839701E-002
          4405.70      5.2799699E-002
          4416.99      5.2759381E-002
          4428.28      5.2718741E-002
          4439.57      5.2677773E-002
          4450.86      5.2636474E-002
          4462.15      5.2594836E-002
          4473.44      5.2552854E-002
          4484.73      5.2510522E-002
          4496.02      5.2467835E-002
          4507.30      5.2424785E-002
          4518.59      5.2381368E-002
          4529.88      5.2337577E-002
          4541.17      5.2293405E-002
          4552.46      5.2248845E-002
          4563.75      5.2203892E-002
          4575.04      5.2158538E-002
          4586.33      5.2112775E-002
          4597.62      5.2066598E-002
          4608.91      5.2019998E-002
          4620.20      5.1972968E-002
          4631.48      5.1925500E-002
          4642.77      5.1877587E-002
          4654.06      5.1829220E-002
          4665.35      5.1780392E-002
          4676.64      5.1731093E-002
          4687.93      5.1681315E-002
          4699.22      5.1631049E-002
          4710.51      5.1580287E-002
          4721.80      5.1529019E-002
          4733.09      5.1477235E-002
          4744.38      5.1424926E-002
          4755.66      5.1372082E-002
          4766.95      5.1318692E-002
          4778.24      5.1264747E-002
          4789.53      5.1210235E-002
          4800.82      5.1155146E-002
          4812.11      5.1099467E-002
          4823.40      5.1043189E-002
          4834.69      5.0986298E-002
          4845.98      5.0928783E-002
          4857.27      5.0870631E-002
          4868.55      5.0811830E-002
          4879.84      5.0752366E-002
          4891.13      5.0692226E-002
          4902.42      5.0631396E-002
          4913.71      5.0569861E-002
          4925.00      5.0507609E-002
          4936.29      5.0444622E-002
          4947.58      5.0380886E-002
          4958.87      5.0316386E-002
          4970.16      5.0251104E-002
          4981.45      5.0185025E-002
          4992.73      5.0118131E-002
          5004.02      5.0050404E-002
          5015.31      4.9981827E-002
          5026.60      4.9912380E-002
          5037.89      4.9842045E-002
          5049.18      4.9770802E-002
          5060.47      4.9698630E-002
          5071.76      4.9625509E-002
          5083.05      4.9551418E-002
          5094.34      4.9476333E-002
          5105.62      4.9400232E-002
          5116.91      4.9323092E-002
          5128.20      4.9244889E-002
          5139.49      4.9165597E-002
          5150.78      4.9085191E-002
          5162.07      4.9003644E-002
          5173.36      4.8920929E-002
          5184.65      4.8837017E-002
          5195.94      4.8751881E-002
          5207.23      4.8665488E-002
          5218.52      4.8577810E-002
          5229.80      4.8488812E-002
          5241.09      4.8398463E-002
          5252.38      4.8306728E-002
          5263.67      4.8213572E-002
          5274.96      4.8118959E-002
          5286.25      4.8022850E-002
          5297.54      4.7925206E-002
          5308.83      4.7825988E-002
          5320.12      4.7725153E-002
          5331.41      4.7622658E-002
          5342.70      4.7518458E-002
          5353.98      4.7412507E-002
          5365.27      4.7304757E-002
          5376.56      4.7195158E-002
          5387.85      4.7083658E-002
          5399.14      4.6970204E-002
          5410.43      4.6854740E-002
          5421.72      4.6737208E-002
          5433.01      4.6617549E-002
          5444.30      4.6495700E-002
          5455.59      4.6371597E-002
          5466.88      4.6245173E-002
          5478.16      4.6116357E-002
          5489.45      4.5985077E-002
          5500.74      4.5851257E-002
          5512.03      4.5714820E-002
          5523.32      4.5575682E-002
          5534.61      4.5433759E-002
          5545.90      4.5288962E-002
          5557.19      4.5141198E-002
          5568.48      4.4990370E-002
          5579.77      4.4836377E-002
          5591.05      4.4679115E-002
          5602.34      4.4518472E-002
          5613.63      4.4354335E-002
          5624.92      4.4186581E-002
          5636.21      4.4015087E-002
          5647.50      4.3839721E-002
          5658.79      4.3660343E-002
          5670.08      4.3476811E-002
          5681.37      4.3288971E-002
          5692.66      4.3096667E-002
          5703.95      4.2899730E-002
          5715.23      4.2697986E-002
          5726.52      4.2491251E-002
          5737.81      4.2279332E-002
          5749.10      4.2062025E-002
          5760.39      4.1839116E-002
          5771.68      4.1610378E-002
          5782.97      4.1375575E-002
          5794.26      4.1134455E-002
          5805.55      4.0886754E-002
          5816.84      4.0632191E-002
          5828.12      4.0370470E-002
          5839.41      4.0101279E-002
          5850.70      3.9824285E-002
          5861.99      3.9539136E-002
          5873.28      3.9245462E-002
          5884.57      3.8942864E-002
          5895.86      3.8630922E-002
          5907.15      3.8309189E-002
          5918.44      3.7977188E-002
          5929.73      3.7634411E-002
          5941.02      3.7280317E-002
          5952.30      3.6914326E-002
          5963.59      3.6535819E-002
          5974.88      3.6144135E-002
          5986.17      3.5738562E-002
          5997.46      3.5318340E-002
          6008.75      3.4882649E-002
          6020.04      3.4430609E-002
          6031.33      3.3961272E-002
          6042.62      3.3473613E-002
          6053.91      3.2966529E-002
          6065.20      3.2438821E-002
          6076.48      3.1889194E-002
          6087.77      3.1316241E-002
          6099.06      3.0718430E-002
          6110.35      3.0094096E-002
          6121.64      2.9441419E-002
          6132.93      2.8758408E-002
          6144.22      2.8042884E-002
          6155.51      2.7292454E-002
          6166.80      2.6504481E-002
          6178.09      2.5676061E-002
          6189.38      2.4803978E-002
          6200.66      2.3884668E-002
          6211.95      2.2914168E-002
          6223.24      2.1888058E-002
          6234.53      2.0801400E-002
          6245.82      1.9648645E-002
          6257.11      1.8423550E-002
          6268.40      1.7119061E-002
          6279.69      1.5727174E-002
          6290.98      1.4238772E-002
          6302.27      1.2643427E-002
          6313.55      1.0929148E-002
          6324.84      9.0820904E-003
          6336.13      7.0861663E-003
          6347.42      4.9225813E-003
          6358.71      2.5692446E-003
          6370.00      0.0000000E+000
