          3480.00      0.0000000E+000
          3491.29      5.3720411E-002
          3502.58      5.3590831E-002
          3513.87      5.3465099E-002
          3525.16      5.3343099E-002
          3536.45      5.3224715E-002
          3547.73      5.3109833E-002
          3559.02      5.2998336E-002
          3570.31      5.2890108E-002
          3581.60      5.2785035E-002
          3592.89      5.2683001E-002
          3604.18      5.2583892E-002
          3615.47      5.2487596E-002
          3626.76      5.2394000E-002
          3638.05      5.2302993E-002
          3649.34      5.2214468E-002
          3660.62      5.2128317E-002
          3671.91      5.2044434E-002
          3683.20      5.1962716E-002
          3694.49      5.1883062E-002
          3705.78      5.1805373E-002
          3717.07      5.1729552E-002
          3728.36      5.1655506E-002
          3739.65      5.1583142E-002
          3750.94      5.1512373E-002
          3762.23      5.1443111E-002
          3773.52      5.1375273E-002
          3784.80      5.1308779E-002
          3796.09      5.1243549E-002
          3807.38      5.1179509E-002
          3818.67      5.1116586E-002
          3829.96      5.1054710E-002
          3841.25      5.0993813E-002
          3852.54      5.0933831E-002
          3863.83      5.0874701E-002
          3875.12      5.0816364E-002
          3886.41      5.0758763E-002
          3897.70      5.0701842E-002
          3908.98      5.0645551E-002
          3920.27      5.0589837E-002
          3931.56      5.0534654E-002
          3942.85      5.0479956E-002
          3954.14      5.0425700E-002
          3965.43      5.0371843E-002
          3976.72      5.0318346E-002
          3988.01      5.0265171E-002
          3999.30      5.0212282E-002
          4010.59      5.0159645E-002
          4021.88      5.0107227E-002
          4033.16      5.0054997E-002
          4044.45      5.0002925E-002
          4055.74      4.9950982E-002
          4067.03      4.9899143E-002
          4078.32      4.9847381E-002
          4089.61      4.9795672E-002
          4100.90      4.9743992E-002
          4112.19      4.9692320E-002
          4123.48      4.9640634E-002
          4134.77      4.9588913E-002
          4146.05      4.9537140E-002
          4157.34      4.9485294E-002
          4168.63      4.9433358E-002
          4179.92      4.9381316E-002
          4191.21      4.9329152E-002
          4202.50      4.9276849E-002
          4213.79      4.9224392E-002
          4225.08      4.9171769E-002
          4236.37      4.9118963E-002
          4247.66      4.9065963E-002
          4258.95      4.9012756E-002
          4270.23      4.8959328E-002
          4281.52      4.8905668E-002
          4292.81      4.8851765E-002
          4304.10      4.8797606E-002
          4315.39      4.8743182E-002
          4326.68      4.8688480E-002
          4337.97      4.8633491E-002
          4349.26      4.8578205E-002
          4360.55      4.8522611E-002
          4371.84      4.8466699E-002
          4383.12      4.8410460E-002
          4394.41      4.8353884E-002
          4405.70      4.8296962E-002
          4416.99      4.8239684E-002
          4428.28      4.8182041E-002
          4439.57      4.8124024E-002
          4450.86      4.8065624E-002
          4462.15      4.8006832E-002
          4473.44      4.7947639E-002
          4484.73      4.7888035E-002
          4496.02      4.7828012E-002
          4507.30      4.7767561E-002
          4518.59      4.7706672E-002
          4529.88      4.7645337E-002
          4541.17      4.7583546E-002
          4552.46      4.7521290E-002
          4563.75      4.7458561E-002
          4575.04      4.7395348E-002
          4586.33      4.7331641E-002
          4597.62      4.7267433E-002
          4608.91      4.7202713E-002
          4620.20      4.7137470E-002
          4631.48      4.7071697E-002
          4642.77      4.7005381E-002
          4654.06      4.6938514E-002
          4665.35      4.6871085E-002
          4676.64      4.6803083E-002
          4687.93      4.6734498E-002
          4699.22      4.6665318E-002
          4710.51      4.6595534E-002
          4721.80      4.6525134E-002
          4733.09      4.6454105E-002
          4744.38      4.6382438E-002
          4755.66      4.6310119E-002
          4766.95      4.6237137E-002
          4778.24      4.6163480E-002
          4789.53      4.6089134E-002
          4800.82      4.6014088E-002
          4812.11      4.5938327E-002
          4823.40      4.5861839E-002
          4834.69      4.5784609E-002
          4845.98      4.5706625E-002
          4857.27      4.5627871E-002
          4868.55      4.5548333E-002
          4879.84      4.5467996E-002
          4891.13      4.5386844E-002
          4902.42      4.5304863E-002
          4913.71      4.5222036E-002
          4925.00      4.5138346E-002
          4936.29      4.5053777E-002
          4947.58      4.4968312E-002
          4958.87      4.4881933E-002
          4970.16      4.4794622E-002
          4981.45      4.4706361E-002
          4992.73      4.4617130E-002
          5004.02      4.4526910E-002
          5015.31      4.4435682E-002
          5026.60      4.4343424E-002
          5037.89      4.4250117E-002
          5049.18      4.4155737E-002
          5060.47      4.4060264E-002
          5071.76      4.3963675E-002
          5083.05      4.3865945E-002
          5094.34      4.3767053E-002
          5105.62      4.3666973E-002
          5116.91      4.3565679E-002
          5128.20      4.3463146E-002
          5139.49      4.3359348E-002
          5150.78      4.3254257E-002
          5162.07      4.3147845E-002
          5173.36      4.3040083E-002
          5184.65      4.2930942E-002
          5195.94      4.2820390E-002
          5207.23      4.2708397E-002
          5218.52      4.2594931E-002
          5229.80      4.2479957E-002
          5241.09      4.2363442E-002
          5252.38      4.2245350E-002
          5263.67      4.2125645E-002
          5274.96      4.2004290E-002
          5286.25      4.1881246E-002
          5297.54      4.1756473E-002
          5308.83      4.1629931E-002
          5320.12      4.1501577E-002
          5331.41      4.1371368E-002
          5342.70      4.1239258E-002
          5353.98      4.1105201E-002
          5365.27      4.0969150E-002
          5376.56      4.0831055E-002
          5387.85      4.0690866E-002
          5399.14      4.0548528E-002
          5410.43      4.0403988E-002
          5421.72      4.0257190E-002
          5433.01      4.0108076E-002
          5444.30      3.9956585E-002
          5455.59      3.9802655E-002
          5466.88      3.9646222E-002
          5478.16      3.9487219E-002
          5489.45      3.9325577E-002
          5500.74      3.9161225E-002
          5512.03      3.8994089E-002
          5523.32      3.8824093E-002
          5534.61      3.8651156E-002
          5545.90      3.8475197E-002
          5557.19      3.8296130E-002
          5568.48      3.8113867E-002
          5579.77      3.7928315E-002
          5591.05      3.7739380E-002
          5602.34      3.7546961E-002
          5613.63      3.7350956E-002
          5624.92      3.7151257E-002
          5636.21      3.6947754E-002
          5647.50      3.6740331E-002
          5658.79      3.6528866E-002
          5670.08      3.6313235E-002
          5681.37      3.6093306E-002
          5692.66      3.5868945E-002
          5703.95      3.5640007E-002
          5715.23      3.5406347E-002
          5726.52      3.5167808E-002
          5737.81      3.4924231E-002
          5749.10      3.4675446E-002
          5760.39      3.4421279E-002
          5771.68      3.4161544E-002
          5782.97      3.3896051E-002
          5794.26      3.3624598E-002
          5805.55      3.3346975E-002
          5816.84      3.3062961E-002
          5828.12      3.2772325E-002
          5839.41      3.2474825E-002
          5850.70      3.2170208E-002
          5861.99      3.1858206E-002
          5873.28      3.1538539E-002
          5884.57      3.1210914E-002
          5895.86      3.0875019E-002
          5907.15      3.0530531E-002
          5918.44      3.0177106E-002
          5929.73      2.9814382E-002
          5941.02      2.9441978E-002
          5952.30      2.9059492E-002
          5963.59      2.8666500E-002
          5974.88      2.8262552E-002
          5986.17      2.7847175E-002
          5997.46      2.7419865E-002
          6008.75      2.6980092E-002
          6020.04      2.6527290E-002
          6031.33      2.6060861E-002
          6042.62      2.5580170E-002
          6053.91      2.5084540E-002
          6065.20      2.4573253E-002
          6076.48      2.4045543E-002
          6087.77      2.3500593E-002
          6099.06      2.2937533E-002
          6110.35      2.2355430E-002
          6121.64      2.1753289E-002
          6132.93      2.1130044E-002
          6144.22      2.0484551E-002
          6155.51      1.9815584E-002
          6166.80      1.9121822E-002
          6178.09      1.8401847E-002
          6189.38      1.7654128E-002
          6200.66      1.6877015E-002
          6211.95      1.6068721E-002
          6223.24      1.5227315E-002
          6234.53      1.4350703E-002
          6245.82      1.3436608E-002
          6257.11      1.2482554E-002
          6268.40      1.1485844E-002
          6279.69      1.0443531E-002
          6290.98      9.3523908E-003
          6302.27      8.2088873E-003
          6313.55      7.0091347E-003
          6324.84      5.7488562E-003
          6336.13      4.4233269E-003
          6347.42      3.0273172E-003
          6358.71      1.5550275E-003
          6370.00      0.0000000E+000
