          3480.00      0.0000000E+000
          3491.29      5.0342777E-002
          3502.58      5.0214886E-002
          3513.87      5.0089417E-002
          3525.16      4.9966302E-002
          3536.45      4.9845475E-002
          3547.73      4.9726869E-002
          3559.02      4.9610420E-002
          3570.31      4.9496062E-002
          3581.60      4.9383734E-002
          3592.89      4.9273372E-002
          3604.18      4.9164916E-002
          3615.47      4.9058305E-002
          3626.76      4.8953479E-002
          3638.05      4.8850382E-002
          3649.34      4.8748954E-002
          3660.62      4.8649141E-002
          3671.91      4.8550886E-002
          3683.20      4.8454135E-002
          3694.49      4.8358835E-002
          3705.78      4.8264935E-002
          3717.07      4.8172381E-002
          3728.36      4.8081125E-002
          3739.65      4.7991117E-002
          3750.94      4.7902309E-002
          3762.23      4.7814654E-002
          3773.52      4.7728105E-002
          3784.80      4.7642617E-002
          3796.09      4.7558147E-002
          3807.38      4.7474651E-002
          3818.67      4.7392086E-002
          3829.96      4.7310413E-002
          3841.25      4.7229589E-002
          3852.54      4.7149577E-002
          3863.83      4.7070337E-002
          3875.12      4.6991833E-002
          3886.41      4.6914027E-002
          3897.70      4.6836884E-002
          3908.98      4.6760370E-002
          3920.27      4.6684451E-002
          3931.56      4.6609093E-002
          3942.85      4.6534265E-002
          3954.14      4.6459934E-002
          3965.43      4.6386072E-002
          3976.72      4.6312647E-002
          3988.01      4.6239631E-002
          3999.30      4.6166996E-002
          4010.59      4.6094714E-002
          4021.88      4.6022759E-002
          4033.16      4.5951105E-002
          4044.45      4.5879726E-002
          4055.74      4.5808597E-002
          4067.03      4.5737696E-002
          4078.32      4.5666997E-002
          4089.61      4.5596479E-002
          4100.90      4.5526118E-002
          4112.19      4.5455895E-002
          4123.48      4.5385787E-002
          4134.77      4.5315774E-002
          4146.05      4.5245835E-002
          4157.34      4.5175953E-002
          4168.63      4.5106106E-002
          4179.92      4.5036277E-002
          4191.21      4.4966448E-002
          4202.50      4.4896601E-002
          4213.79      4.4826719E-002
          4225.08      4.4756784E-002
          4236.37      4.4686780E-002
          4247.66      4.4616692E-002
          4258.95      4.4546502E-002
          4270.23      4.4476196E-002
          4281.52      4.4405759E-002
          4292.81      4.4335176E-002
          4304.10      4.4264431E-002
          4315.39      4.4193511E-002
          4326.68      4.4122401E-002
          4337.97      4.4051088E-002
          4349.26      4.3979559E-002
          4360.55      4.3907799E-002
          4371.84      4.3835795E-002
          4383.12      4.3763535E-002
          4394.41      4.3691005E-002
          4405.70      4.3618193E-002
          4416.99      4.3545087E-002
          4428.28      4.3471673E-002
          4439.57      4.3397940E-002
          4450.86      4.3323875E-002
          4462.15      4.3249467E-002
          4473.44      4.3174703E-002
          4484.73      4.3099571E-002
          4496.02      4.3024060E-002
          4507.30      4.2948157E-002
          4518.59      4.2871851E-002
          4529.88      4.2795131E-002
          4541.17      4.2717984E-002
          4552.46      4.2640398E-002
          4563.75      4.2562363E-002
          4575.04      4.2483866E-002
          4586.33      4.2404896E-002
          4597.62      4.2325441E-002
          4608.91      4.2245488E-002
          4620.20      4.2165028E-002
          4631.48      4.2084046E-002
          4642.77      4.2002532E-002
          4654.06      4.1920474E-002
          4665.35      4.1837859E-002
          4676.64      4.1754675E-002
          4687.93      4.1670911E-002
          4699.22      4.1586552E-002
          4710.51      4.1501588E-002
          4721.80      4.1416006E-002
          4733.09      4.1329792E-002
          4744.38      4.1242934E-002
          4755.66      4.1155418E-002
          4766.95      4.1067232E-002
          4778.24      4.0978362E-002
          4789.53      4.0888795E-002
          4800.82      4.0798516E-002
          4812.11      4.0707512E-002
          4823.40      4.0615768E-002
          4834.69      4.0523271E-002
          4845.98      4.0430005E-002
          4857.27      4.0335956E-002
          4868.55      4.0241109E-002
          4879.84      4.0145448E-002
          4891.13      4.0048957E-002
          4902.42      3.9951621E-002
          4913.71      3.9853424E-002
          4925.00      3.9754348E-002
          4936.29      3.9654378E-002
          4947.58      3.9553496E-002
          4958.87      3.9451684E-002
          4970.16      3.9348924E-002
          4981.45      3.9245200E-002
          4992.73      3.9140491E-002
          5004.02      3.9034779E-002
          5015.31      3.8928045E-002
          5026.60      3.8820269E-002
          5037.89      3.8711430E-002
          5049.18      3.8601509E-002
          5060.47      3.8490483E-002
          5071.76      3.8378332E-002
          5083.05      3.8265034E-002
          5094.34      3.8150565E-002
          5105.62      3.8034904E-002
          5116.91      3.7918025E-002
          5128.20      3.7799906E-002
          5139.49      3.7680521E-002
          5150.78      3.7559846E-002
          5162.07      3.7437853E-002
          5173.36      3.7314517E-002
          5184.65      3.7189811E-002
          5195.94      3.7063706E-002
          5207.23      3.6936174E-002
          5218.52      3.6807186E-002
          5229.80      3.6676711E-002
          5241.09      3.6544720E-002
          5252.38      3.6411179E-002
          5263.67      3.6276057E-002
          5274.96      3.6139320E-002
          5286.25      3.6000935E-002
          5297.54      3.5860866E-002
          5308.83      3.5719077E-002
          5320.12      3.5575531E-002
          5331.41      3.5430189E-002
          5342.70      3.5283014E-002
          5353.98      3.5133965E-002
          5365.27      3.4983000E-002
          5376.56      3.4830076E-002
          5387.85      3.4675152E-002
          5399.14      3.4518180E-002
          5410.43      3.4359115E-002
          5421.72      3.4197910E-002
          5433.01      3.4034515E-002
          5444.30      3.3868880E-002
          5455.59      3.3700953E-002
          5466.88      3.3530680E-002
          5478.16      3.3358007E-002
          5489.45      3.3182876E-002
          5500.74      3.3005228E-002
          5512.03      3.2825004E-002
          5523.32      3.2642141E-002
          5534.61      3.2456575E-002
          5545.90      3.2268239E-002
          5557.19      3.2077065E-002
          5568.48      3.1882982E-002
          5579.77      3.1685918E-002
          5591.05      3.1485795E-002
          5602.34      3.1282538E-002
          5613.63      3.1076065E-002
          5624.92      3.0866292E-002
          5636.21      3.0653134E-002
          5647.50      3.0436502E-002
          5658.79      3.0216303E-002
          5670.08      2.9992442E-002
          5681.37      2.9764820E-002
          5692.66      2.9533334E-002
          5703.95      2.9297880E-002
          5715.23      2.9058346E-002
          5726.52      2.8814619E-002
          5737.81      2.8566580E-002
          5749.10      2.8314108E-002
          5760.39      2.8057075E-002
          5771.68      2.7795348E-002
          5782.97      2.7528791E-002
          5794.26      2.7257261E-002
          5805.55      2.6980611E-002
          5816.84      2.6698685E-002
          5828.12      2.6411325E-002
          5839.41      2.6118364E-002
          5850.70      2.5819627E-002
          5861.99      2.5514935E-002
          5873.28      2.5204100E-002
          5884.57      2.4886926E-002
          5895.86      2.4563207E-002
          5907.15      2.4232732E-002
          5918.44      2.3895277E-002
          5929.73      2.3550610E-002
          5941.02      2.3198490E-002
          5952.30      2.2838661E-002
          5963.59      2.2470859E-002
          5974.88      2.2094808E-002
          5986.17      2.1710216E-002
          5997.46      2.1316779E-002
          6008.75      2.0914181E-002
          6020.04      2.0502085E-002
          6031.33      2.0080144E-002
          6042.62      1.9647988E-002
          6053.91      1.9205232E-002
          6065.20      1.8751471E-002
          6076.48      1.8286279E-002
          6087.77      1.7809206E-002
          6099.06      1.7319782E-002
          6110.35      1.6817507E-002
          6121.64      1.6301859E-002
          6132.93      1.5772283E-002
          6144.22      1.5228196E-002
          6155.51      1.4668980E-002
          6166.80      1.4093983E-002
          6178.09      1.3502516E-002
          6189.38      1.2893846E-002
          6200.66      1.2267198E-002
          6211.95      1.1621752E-002
          6223.24      1.0956632E-002
          6234.53      1.0270913E-002
          6245.82      9.5636075E-003
          6257.11      8.8336641E-003
          6268.40      8.0799643E-003
          6279.69      7.3013128E-003
          6290.98      6.4964335E-003
          6302.27      5.6639620E-003
          6313.55      4.8024369E-003
          6324.84      3.9102943E-003
          6336.13      2.9858539E-003
          6347.42      2.0273100E-003
          6358.71      1.0327228E-003
          6370.00      0.0000000E+000
