          3480.00      0.0000000E+000
          3491.29      4.6243070E-002
          3502.58      4.6119271E-002
          3513.87      4.5997043E-002
          3525.16      4.5876342E-002
          3536.45      4.5757126E-002
          3547.73      4.5639355E-002
          3559.02      4.5522988E-002
          3570.31      4.5407986E-002
          3581.60      4.5294309E-002
          3592.89      4.5181921E-002
          3604.18      4.5070783E-002
          3615.47      4.4960859E-002
          3626.76      4.4852114E-002
          3638.05      4.4744511E-002
          3649.34      4.4638016E-002
          3660.62      4.4532596E-002
          3671.91      4.4428218E-002
          3683.20      4.4324847E-002
          3694.49      4.4222454E-002
          3705.78      4.4121005E-002
          3717.07      4.4020471E-002
          3728.36      4.3920821E-002
          3739.65      4.3822026E-002
          3750.94      4.3724056E-002
          3762.23      4.3626883E-002
          3773.52      4.3530479E-002
          3784.80      4.3434816E-002
          3796.09      4.3339868E-002
          3807.38      4.3245608E-002
          3818.67      4.3152010E-002
          3829.96      4.3059049E-002
          3841.25      4.2966700E-002
          3852.54      4.2874938E-002
          3863.83      4.2783740E-002
          3875.12      4.2693081E-002
          3886.41      4.2602939E-002
          3897.70      4.2513291E-002
          3908.98      4.2424115E-002
          3920.27      4.2335389E-002
          3931.56      4.2247092E-002
          3942.85      4.2159201E-002
          3954.14      4.2071698E-002
          3965.43      4.1984561E-002
          3976.72      4.1897770E-002
          3988.01      4.1811307E-002
          3999.30      4.1725151E-002
          4010.59      4.1639285E-002
          4021.88      4.1553688E-002
          4033.16      4.1468344E-002
          4044.45      4.1383234E-002
          4055.74      4.1298341E-002
          4067.03      4.1213647E-002
          4078.32      4.1129136E-002
          4089.61      4.1044790E-002
          4100.90      4.0960593E-002
          4112.19      4.0876530E-002
          4123.48      4.0792583E-002
          4134.77      4.0708738E-002
          4146.05      4.0624979E-002
          4157.34      4.0541290E-002
          4168.63      4.0457658E-002
          4179.92      4.0374066E-002
          4191.21      4.0290501E-002
          4202.50      4.0206948E-002
          4213.79      4.0123393E-002
          4225.08      4.0039822E-002
          4236.37      3.9956221E-002
          4247.66      3.9872577E-002
          4258.95      3.9788876E-002
          4270.23      3.9705104E-002
          4281.52      3.9621250E-002
          4292.81      3.9537299E-002
          4304.10      3.9453239E-002
          4315.39      3.9369056E-002
          4326.68      3.9284740E-002
          4337.97      3.9200276E-002
          4349.26      3.9115653E-002
          4360.55      3.9030859E-002
          4371.84      3.8945880E-002
          4383.12      3.8860706E-002
          4394.41      3.8775324E-002
          4405.70      3.8689722E-002
          4416.99      3.8603888E-002
          4428.28      3.8517811E-002
          4439.57      3.8431478E-002
          4450.86      3.8344879E-002
          4462.15      3.8258001E-002
          4473.44      3.8170833E-002
          4484.73      3.8083364E-002
          4496.02      3.7995581E-002
          4507.30      3.7907473E-002
          4518.59      3.7819029E-002
          4529.88      3.7730238E-002
          4541.17      3.7641087E-002
          4552.46      3.7551565E-002
          4563.75      3.7461662E-002
          4575.04      3.7371365E-002
          4586.33      3.7280662E-002
          4597.62      3.7189543E-002
          4608.91      3.7097996E-002
          4620.20      3.7006008E-002
          4631.48      3.6913569E-002
          4642.77      3.6820667E-002
          4654.06      3.6727289E-002
          4665.35      3.6633425E-002
          4676.64      3.6539062E-002
          4687.93      3.6444187E-002
          4699.22      3.6348790E-002
          4710.51      3.6252858E-002
          4721.80      3.6156379E-002
          4733.09      3.6059340E-002
          4744.38      3.5961729E-002
          4755.66      3.5863533E-002
          4766.95      3.5764740E-002
          4778.24      3.5665337E-002
          4789.53      3.5565311E-002
          4800.82      3.5464648E-002
          4812.11      3.5363336E-002
          4823.40      3.5261362E-002
          4834.69      3.5158712E-002
          4845.98      3.5055371E-002
          4857.27      3.4951327E-002
          4868.55      3.4846564E-002
          4879.84      3.4741070E-002
          4891.13      3.4634830E-002
          4902.42      3.4527828E-002
          4913.71      3.4420050E-002
          4925.00      3.4311481E-002
          4936.29      3.4202106E-002
          4947.58      3.4091909E-002
          4958.87      3.3980875E-002
          4970.16      3.3868987E-002
          4981.45      3.3756229E-002
          4992.73      3.3642584E-002
          5004.02      3.3528037E-002
          5015.31      3.3412569E-002
          5026.60      3.3296164E-002
          5037.89      3.3178803E-002
          5049.18      3.3060469E-002
          5060.47      3.2941143E-002
          5071.76      3.2820807E-002
          5083.05      3.2699441E-002
          5094.34      3.2577026E-002
          5105.62      3.2453543E-002
          5116.91      3.2328971E-002
          5128.20      3.2203289E-002
          5139.49      3.2076478E-002
          5150.78      3.1948515E-002
          5162.07      3.1819378E-002
          5173.36      3.1689046E-002
          5184.65      3.1557495E-002
          5195.94      3.1424703E-002
          5207.23      3.1290646E-002
          5218.52      3.1155299E-002
          5229.80      3.1018638E-002
          5241.09      3.0880638E-002
          5252.38      3.0741273E-002
          5263.67      3.0600516E-002
          5274.96      3.0458341E-002
          5286.25      3.0314721E-002
          5297.54      3.0169626E-002
          5308.83      3.0023028E-002
          5320.12      2.9874897E-002
          5331.41      2.9725204E-002
          5342.70      2.9573917E-002
          5353.98      2.9421005E-002
          5365.27      2.9266436E-002
          5376.56      2.9110175E-002
          5387.85      2.8952190E-002
          5399.14      2.8792446E-002
          5410.43      2.8630905E-002
          5421.72      2.8467534E-002
          5433.01      2.8302293E-002
          5444.30      2.8135143E-002
          5455.59      2.7966047E-002
          5466.88      2.7794963E-002
          5478.16      2.7621850E-002
          5489.45      2.7446665E-002
          5500.74      2.7269365E-002
          5512.03      2.7089904E-002
          5523.32      2.6908237E-002
          5534.61      2.6724316E-002
          5545.90      2.6538093E-002
          5557.19      2.6349518E-002
          5568.48      2.6158538E-002
          5579.77      2.5965103E-002
          5591.05      2.5769157E-002
          5602.34      2.5570644E-002
          5613.63      2.5369508E-002
          5624.92      2.5165689E-002
          5636.21      2.4959127E-002
          5647.50      2.4749759E-002
          5658.79      2.4537521E-002
          5670.08      2.4322346E-002
          5681.37      2.4104167E-002
          5692.66      2.3882912E-002
          5703.95      2.3658510E-002
          5715.23      2.3430887E-002
          5726.52      2.3199964E-002
          5737.81      2.2965663E-002
          5749.10      2.2727903E-002
          5760.39      2.2486597E-002
          5771.68      2.2241661E-002
          5782.97      2.1993002E-002
          5794.26      2.1740530E-002
          5805.55      2.1484148E-002
          5816.84      2.1223756E-002
          5828.12      2.0959253E-002
          5839.41      2.0690533E-002
          5850.70      2.0417487E-002
          5861.99      2.0140001E-002
          5873.28      1.9857958E-002
          5884.57      1.9571238E-002
          5895.86      1.9279715E-002
          5907.15      1.8983260E-002
          5918.44      1.8681737E-002
          5929.73      1.8375009E-002
          5941.02      1.8062931E-002
          5952.30      1.7745352E-002
          5963.59      1.7422118E-002
          5974.88      1.7093069E-002
          5986.17      1.6758037E-002
          5997.46      1.6416848E-002
          6008.75      1.6069323E-002
          6020.04      1.5715275E-002
          6031.33      1.5354510E-002
          6042.62      1.4986824E-002
          6053.91      1.4612008E-002
          6065.20      1.4229844E-002
          6076.48      1.3840102E-002
          6087.77      1.3442548E-002
          6099.06      1.3036933E-002
          6110.35      1.2623000E-002
          6121.64      1.2200481E-002
          6132.93      1.1769095E-002
          6144.22      1.1328551E-002
          6155.51      1.0878543E-002
          6166.80      1.0418753E-002
          6178.09      9.9488471E-003
          6189.38      9.4684779E-003
          6200.66      8.9772808E-003
          6211.95      8.4748743E-003
          6223.24      7.9608587E-003
          6234.53      7.4348165E-003
          6245.82      6.8963084E-003
          6257.11      6.3448740E-003
          6268.40      5.7800310E-003
          6279.69      5.2012718E-003
          6290.98      4.6080634E-003
          6302.27      3.9998453E-003
          6313.55      3.3760271E-003
          6324.84      2.7359891E-003
          6336.13      2.0790764E-003
          6347.42      1.4045987E-003
          6358.71      7.1182957E-004
          6370.00      0.0000000E+000
