          3480.00      0.0000000E+000
          3491.29      5.6385353E-002
          3502.58      5.6257051E-002
          3513.87      5.6135156E-002
          3525.16      5.6019443E-002
          3536.45      5.5909672E-002
          3547.73      5.5805594E-002
          3559.02      5.5706954E-002
          3570.31      5.5613487E-002
          3581.60      5.5524928E-002
          3592.89      5.5441009E-002
          3604.18      5.5361461E-002
          3615.47      5.5286021E-002
          3626.76      5.5214425E-002
          3638.05      5.5146419E-002
          3649.34      5.5081752E-002
          3660.62      5.5020183E-002
          3671.91      5.4961480E-002
          3683.20      5.4905421E-002
          3694.49      5.4851791E-002
          3705.78      5.4800390E-002
          3717.07      5.4751027E-002
          3728.36      5.4703520E-002
          3739.65      5.4657703E-002
          3750.94      5.4613415E-002
          3762.23      5.4570510E-002
          3773.52      5.4528850E-002
          3784.80      5.4488308E-002
          3796.09      5.4448767E-002
          3807.38      5.4410117E-002
          3818.67      5.4372258E-002
          3829.96      5.4335100E-002
          3841.25      5.4298556E-002
          3852.54      5.4262550E-002
          3863.83      5.4227011E-002
          3875.12      5.4191875E-002
          3886.41      5.4157083E-002
          3897.70      5.4122581E-002
          3908.98      5.4088320E-002
          3920.27      5.4054257E-002
          3931.56      5.4020350E-002
          3942.85      5.3986563E-002
          3954.14      5.3952863E-002
          3965.43      5.3919219E-002
          3976.72      5.3885605E-002
          3988.01      5.3851994E-002
          3999.30      5.3818364E-002
          4010.59      5.3784695E-002
          4021.88      5.3750967E-002
          4033.16      5.3717163E-002
          4044.45      5.3683268E-002
          4055.74      5.3649266E-002
          4067.03      5.3615146E-002
          4078.32      5.3580894E-002
          4089.61      5.3546499E-002
          4100.90      5.3511951E-002
          4112.19      5.3477240E-002
          4123.48      5.3442357E-002
          4134.77      5.3407294E-002
          4146.05      5.3372042E-002
          4157.34      5.3336595E-002
          4168.63      5.3300945E-002
          4179.92      5.3265085E-002
          4191.21      5.3229010E-002
          4202.50      5.3192712E-002
          4213.79      5.3156187E-002
          4225.08      5.3119427E-002
          4236.37      5.3082428E-002
          4247.66      5.3045185E-002
          4258.95      5.3007691E-002
          4270.23      5.2969942E-002
          4281.52      5.2931932E-002
          4292.81      5.2893656E-002
          4304.10      5.2855109E-002
          4315.39      5.2816287E-002
          4326.68      5.2777183E-002
          4337.97      5.2737793E-002
          4349.26      5.2698111E-002
          4360.55      5.2658134E-002
          4371.84      5.2617854E-002
          4383.12      5.2577268E-002
          4394.41      5.2536369E-002
          4405.70      5.2495153E-002
          4416.99      5.2453614E-002
          4428.28      5.2411746E-002
          4439.57      5.2369545E-002
          4450.86      5.2327003E-002
          4462.15      5.2284116E-002
          4473.44      5.2240878E-002
          4484.73      5.2197282E-002
          4496.02      5.2153323E-002
          4507.30      5.2108994E-002
          4518.59      5.2064289E-002
          4529.88      5.2019201E-002
          4541.17      5.1973725E-002
          4552.46      5.1927852E-002
          4563.75      5.1881577E-002
          4575.04      5.1834892E-002
          4586.33      5.1787790E-002
          4597.62      5.1740264E-002
          4608.91      5.1692306E-002
          4620.20      5.1643909E-002
          4631.48      5.1595065E-002
          4642.77      5.1545765E-002
          4654.06      5.1496002E-002
          4665.35      5.1445767E-002
          4676.64      5.1395052E-002
          4687.93      5.1343847E-002
          4699.22      5.1292145E-002
          4710.51      5.1239935E-002
          4721.80      5.1187208E-002
          4733.09      5.1133955E-002
          4744.38      5.1080165E-002
          4755.66      5.1025829E-002
          4766.95      5.0970936E-002
          4778.24      5.0915476E-002
          4789.53      5.0859437E-002
          4800.82      5.0802809E-002
          4812.11      5.0745580E-002
          4823.40      5.0687738E-002
          4834.69      5.0629272E-002
          4845.98      5.0570168E-002
          4857.27      5.0510415E-002
          4868.55      5.0450000E-002
          4879.84      5.0388908E-002
          4891.13      5.0327127E-002
          4902.42      5.0264642E-002
          4913.71      5.0201439E-002
          4925.00      5.0137503E-002
          4936.29      5.0072819E-002
          4947.58      5.0007372E-002
          4958.87      4.9941145E-002
          4970.16      4.9874122E-002
          4981.45      4.9806286E-002
          4992.73      4.9737620E-002
          5004.02      4.9668105E-002
          5015.31      4.9597724E-002
          5026.60      4.9526458E-002
          5037.89      4.9454287E-002
          5049.18      4.9381191E-002
          5060.47      4.9307150E-002
          5071.76      4.9232142E-002
          5083.05      4.9156146E-002
          5094.34      4.9079139E-002
          5105.62      4.9001098E-002
          5116.91      4.8922000E-002
          5128.20      4.8841820E-002
          5139.49      4.8760533E-002
          5150.78      4.8678113E-002
          5162.07      4.8594532E-002
          5173.36      4.8509764E-002
          5184.65      4.8423779E-002
          5195.94      4.8336549E-002
          5207.23      4.8248043E-002
          5218.52      4.8158229E-002
          5229.80      4.8067076E-002
          5241.09      4.7974550E-002
          5252.38      4.7880617E-002
          5263.67      4.7785240E-002
          5274.96      4.7688383E-002
          5286.25      4.7590009E-002
          5297.54      4.7490077E-002
          5308.83      4.7388546E-002
          5320.12      4.7285376E-002
          5331.41      4.7180522E-002
          5342.70      4.7073939E-002
          5353.98      4.6965580E-002
          5365.27      4.6855398E-002
          5376.56      4.6743341E-002
          5387.85      4.6629358E-002
          5399.14      4.6513395E-002
          5410.43      4.6395397E-002
          5421.72      4.6275304E-002
          5433.01      4.6153058E-002
          5444.30      4.6028595E-002
          5455.59      4.5901850E-002
          5466.88      4.5772757E-002
          5478.16      4.5641245E-002
          5489.45      4.5507242E-002
          5500.74      4.5370671E-002
          5512.03      4.5231454E-002
          5523.32      4.5089508E-002
          5534.61      4.4944749E-002
          5545.90      4.4797087E-002
          5557.19      4.4646429E-002
          5568.48      4.4492679E-002
          5579.77      4.4335736E-002
          5591.05      4.4175494E-002
          5602.34      4.4011844E-002
          5613.63      4.3844671E-002
          5624.92      4.3673853E-002
          5636.21      4.3499267E-002
          5647.50      4.3320781E-002
          5658.79      4.3138256E-002
          5670.08      4.2951550E-002
          5681.37      4.2760512E-002
          5692.66      4.2564982E-002
          5703.95      4.2364796E-002
          5715.23      4.2159780E-002
          5726.52      4.1949749E-002
          5737.81      4.1734513E-002
          5749.10      4.1513870E-002
          5760.39      4.1287606E-002
          5771.68      4.1055498E-002
          5782.97      4.0817310E-002
          5794.26      4.0572793E-002
          5805.55      4.0321685E-002
          5816.84      4.0063710E-002
          5828.12      3.9798575E-002
          5839.41      3.9525969E-002
          5850.70      3.9245566E-002
          5861.99      3.8957019E-002
          5873.28      3.8659960E-002
          5884.57      3.8354000E-002
          5895.86      3.8038724E-002
          5907.15      3.7713691E-002
          5918.44      3.7378435E-002
          5929.73      3.7032455E-002
          5941.02      3.6675220E-002
          5952.30      3.6306164E-002
          5963.59      3.5924680E-002
          5974.88      3.5530121E-002
          5986.17      3.5121792E-002
          5997.46      3.4698951E-002
          6008.75      3.4260798E-002
          6020.04      3.3806478E-002
          6031.33      3.3335067E-002
          6042.62      3.2845570E-002
          6053.91      3.2336917E-002
          6065.20      3.1807947E-002
          6076.48      3.1257405E-002
          6087.77      3.0683934E-002
          6099.06      3.0086056E-002
          6110.35      2.9462166E-002
          6121.64      2.8810514E-002
          6132.93      2.8129190E-002
          6144.22      2.7416107E-002
          6155.51      2.6668974E-002
          6166.80      2.5885275E-002
          6178.09      2.5062243E-002
          6189.38      2.4196822E-002
          6200.66      2.3285633E-002
          6211.95      2.2324927E-002
          6223.24      2.1310532E-002
          6234.53      2.0237799E-002
          6245.82      1.9101524E-002
          6257.11      1.7895864E-002
          6268.40      1.6614240E-002
          6279.69      1.5249213E-002
          6290.98      1.3792338E-002
          6302.27      1.2233993E-002
          6313.55      1.0563162E-002
          6324.84      8.7671789E-003
          6336.13      6.8313975E-003
          6347.42      4.7387934E-003
          6358.71      2.4694677E-003
          6370.00      0.0000000E+000
