          3480.00      0.0000000E+000
          3491.29      8.4738036E+001
          3502.58      8.4560266E+001
          3513.87      8.4387146E+001
          3525.16      8.4218548E+001
          3536.45      8.4054340E+001
          3547.73      8.3894391E+001
          3559.02      8.3738573E+001
          3570.31      8.3586757E+001
          3581.60      8.3438814E+001
          3592.89      8.3294618E+001
          3604.18      8.3154007E+001
          3615.47      8.3016807E+001
          3626.76      8.2882902E+001
          3638.05      8.2752179E+001
          3649.34      8.2624519E+001
          3660.62      8.2499808E+001
          3671.91      8.2377930E+001
          3683.20      8.2258770E+001
          3694.49      8.2142216E+001
          3705.78      8.2028157E+001
          3717.07      8.1916484E+001
          3728.36      8.1807091E+001
          3739.65      8.1699873E+001
          3750.94      8.1594728E+001
          3762.23      8.1491557E+001
          3773.52      8.1390262E+001
          3784.80      8.1290749E+001
          3796.09      8.1192926E+001
          3807.38      8.1096715E+001
          3818.67      8.1002026E+001
          3829.96      8.0908778E+001
          3841.25      8.0816886E+001
          3852.54      8.0726273E+001
          3863.83      8.0636861E+001
          3875.12      8.0548575E+001
          3886.41      8.0461345E+001
          3897.70      8.0375101E+001
          3908.98      8.0289775E+001
          3920.27      8.0205304E+001
          3931.56      8.0121623E+001
          3942.85      8.0038674E+001
          3954.14      7.9956406E+001
          3965.43      7.9874765E+001
          3976.72      7.9793696E+001
          3988.01      7.9713148E+001
          3999.30      7.9633071E+001
          4010.59      7.9553416E+001
          4021.88      7.9474138E+001
          4033.16      7.9395192E+001
          4044.45      7.9316533E+001
          4055.74      7.9238122E+001
          4067.03      7.9159918E+001
          4078.32      7.9081884E+001
          4089.61      7.9003980E+001
          4100.90      7.8926174E+001
          4112.19      7.8848429E+001
          4123.48      7.8770714E+001
          4134.77      7.8692995E+001
          4146.05      7.8615243E+001
          4157.34      7.8537428E+001
          4168.63      7.8459521E+001
          4179.92      7.8381493E+001
          4191.21      7.8303319E+001
          4202.50      7.8224972E+001
          4213.79      7.8146427E+001
          4225.08      7.8067660E+001
          4236.37      7.7988647E+001
          4247.66      7.7909364E+001
          4258.95      7.7829789E+001
          4270.23      7.7749899E+001
          4281.52      7.7669673E+001
          4292.81      7.7589092E+001
          4304.10      7.7508134E+001
          4315.39      7.7426779E+001
          4326.68      7.7345009E+001
          4337.97      7.7262805E+001
          4349.26      7.7180147E+001
          4360.55      7.7097018E+001
          4371.84      7.7013417E+001
          4383.12      7.6929309E+001
          4394.41      7.6844676E+001
          4405.70      7.6759499E+001
          4416.99      7.6673762E+001
          4428.28      7.6587447E+001
          4439.57      7.6500537E+001
          4450.86      7.6413017E+001
          4462.15      7.6324868E+001
          4473.44      7.6236076E+001
          4484.73      7.6146623E+001
          4496.02      7.6056493E+001
          4507.30      7.5965669E+001
          4518.59      7.5874136E+001
          4529.88      7.5781877E+001
          4541.17      7.5688875E+001
          4552.46      7.5595115E+001
          4563.75      7.5500581E+001
          4575.04      7.5405255E+001
          4586.33      7.5309121E+001
          4597.62      7.5212163E+001
          4608.91      7.5114362E+001
          4620.20      7.5015702E+001
          4631.48      7.4916166E+001
          4642.77      7.4815736E+001
          4654.06      7.4714395E+001
          4665.35      7.4612123E+001
          4676.64      7.4508904E+001
          4687.93      7.4404718E+001
          4699.22      7.4299547E+001
          4710.51      7.4193372E+001
          4721.80      7.4086173E+001
          4733.09      7.3977930E+001
          4744.38      7.3868625E+001
          4755.66      7.3758235E+001
          4766.95      7.3646742E+001
          4778.24      7.3534123E+001
          4789.53      7.3420357E+001
          4800.82      7.3305422E+001
          4812.11      7.3189297E+001
          4823.40      7.3071958E+001
          4834.69      7.2953383E+001
          4845.98      7.2833547E+001
          4857.27      7.2712424E+001
          4868.55      7.2589990E+001
          4879.84      7.2466219E+001
          4891.13      7.2341086E+001
          4902.42      7.2214564E+001
          4913.71      7.2086626E+001
          4925.00      7.1957246E+001
          4936.29      7.1826394E+001
          4947.58      7.1694042E+001
          4958.87      7.1560161E+001
          4970.16      7.1424720E+001
          4981.45      7.1287689E+001
          4992.73      7.1149035E+001
          5004.02      7.1008725E+001
          5015.31      7.0866723E+001
          5026.60      7.0722996E+001
          5037.89      7.0577509E+001
          5049.18      7.0430225E+001
          5060.47      7.0281109E+001
          5071.76      7.0130123E+001
          5083.05      6.9977228E+001
          5094.34      6.9822384E+001
          5105.62      6.9665552E+001
          5116.91      6.9506688E+001
          5128.20      6.9345750E+001
          5139.49      6.9182695E+001
          5150.78      6.9017475E+001
          5162.07      6.8850042E+001
          5173.36      6.8680348E+001
          5184.65      6.8508343E+001
          5195.94      6.8333978E+001
          5207.23      6.8157201E+001
          5218.52      6.7977957E+001
          5229.80      6.7796192E+001
          5241.09      6.7611850E+001
          5252.38      6.7424873E+001
          5263.67      6.7235199E+001
          5274.96      6.7042769E+001
          5286.25      6.6847517E+001
          5297.54      6.6649379E+001
          5308.83      6.6448282E+001
          5320.12      6.6244159E+001
          5331.41      6.6036936E+001
          5342.70      6.5826541E+001
          5353.98      6.5612896E+001
          5365.27      6.5395923E+001
          5376.56      6.5175544E+001
          5387.85      6.4951670E+001
          5399.14      6.4724215E+001
          5410.43      6.4493089E+001
          5421.72      6.4258202E+001
          5433.01      6.4019456E+001
          5444.30      6.3776753E+001
          5455.59      6.3529985E+001
          5466.88      6.3279043E+001
          5478.16      6.3023821E+001
          5489.45      6.2764203E+001
          5500.74      6.2500073E+001
          5512.03      6.2231310E+001
          5523.32      6.1957789E+001
          5534.61      6.1679379E+001
          5545.90      6.1395945E+001
          5557.19      6.1107348E+001
          5568.48      6.0813443E+001
          5579.77      6.0513957E+001
          5591.05      6.0208711E+001
          5602.34      5.9897541E+001
          5613.63      5.9580274E+001
          5624.92      5.9256732E+001
          5636.21      5.8926732E+001
          5647.50      5.8590082E+001
          5658.79      5.8246584E+001
          5670.08      5.7896025E+001
          5681.37      5.7537264E+001
          5692.66      5.7170053E+001
          5703.95      5.6794133E+001
          5715.23      5.6409238E+001
          5726.52      5.6015094E+001
          5737.81      5.5611419E+001
          5749.10      5.5197918E+001
          5760.39      5.4774291E+001
          5771.68      5.4340221E+001
          5782.97      5.3895474E+001
          5794.26      5.3440665E+001
          5805.55      5.2975479E+001
          5816.84      5.2499588E+001
          5828.12      5.2012645E+001
          5839.41      5.1514287E+001
          5850.70      5.1004133E+001
          5861.99      5.0481783E+001
          5873.28      4.9946815E+001
          5884.57      4.9398789E+001
          5895.86      4.8837240E+001
          5907.15      4.8261674E+001
          5918.44      4.7671134E+001
          5929.73      4.7065061E+001
          5941.02      4.6442871E+001
          5952.30      4.5803949E+001
          5963.59      4.5147651E+001
          5974.88      4.4473208E+001
          5986.17      4.3779780E+001
          5997.46      4.3066610E+001
          6008.75      4.2332897E+001
          6020.04      4.1577802E+001
          6031.33      4.0801091E+001
          6042.62      4.0001859E+001
          6053.91      3.9179149E+001
          6065.20      3.8331946E+001
          6076.48      3.7459407E+001
          6087.77      3.6560577E+001
          6099.06      3.5634263E+001
          6110.35      3.4679199E+001
          6121.64      3.3693896E+001
          6132.93      3.2676097E+001
          6144.22      3.1624217E+001
          6155.51      3.0536907E+001
          6166.80      2.9412412E+001
          6178.09      2.8249639E+001
          6189.38      2.7046930E+001
          6200.66      2.5802167E+001
          6211.95      2.4513078E+001
          6223.24      2.3177213E+001
          6234.53      2.1791930E+001
          6245.82      2.0354388E+001
          6257.11      1.8861508E+001
          6268.40      1.7309976E+001
          6279.69      1.5696276E+001
          6290.98      1.4016530E+001
          6302.27      1.2266490E+001
          6313.55      1.0441541E+001
          6324.84      8.5366814E+000
          6336.13      6.5464520E+000
          6347.42      4.4648045E+000
          6358.71      2.2851124E+000
          6370.00      0.0000000E+000
