          3480.00      0.0000000E+000
          3491.29      4.7922365E-002
          3502.58      4.7796694E-002
          3513.87      4.7672876E-002
          3525.16      4.7550861E-002
          3536.45      4.7430600E-002
          3547.73      4.7312043E-002
          3559.02      4.7195142E-002
          3570.31      4.7079849E-002
          3581.60      4.6966119E-002
          3592.89      4.6853904E-002
          3604.18      4.6743162E-002
          3615.47      4.6633847E-002
          3626.76      4.6525916E-002
          3638.05      4.6419327E-002
          3649.34      4.6314038E-002
          3660.62      4.6210009E-002
          3671.91      4.6107199E-002
          3683.20      4.6005569E-002
          3694.49      4.5905080E-002
          3705.78      4.5805695E-002
          3717.07      4.5707376E-002
          3728.36      4.5610087E-002
          3739.65      4.5513793E-002
          3750.94      4.5418457E-002
          3762.23      4.5324047E-002
          3773.52      4.5230528E-002
          3784.80      4.5137868E-002
          3796.09      4.5046034E-002
          3807.38      4.4954994E-002
          3818.67      4.4864717E-002
          3829.96      4.4775173E-002
          3841.25      4.4686333E-002
          3852.54      4.4598166E-002
          3863.83      4.4510645E-002
          3875.12      4.4423741E-002
          3886.41      4.4337427E-002
          3897.70      4.4251676E-002
          3908.98      4.4166461E-002
          3920.27      4.4081758E-002
          3931.56      4.3997540E-002
          3942.85      4.3913783E-002
          3954.14      4.3830463E-002
          3965.43      4.3747555E-002
          3976.72      4.3665037E-002
          3988.01      4.3582886E-002
          3999.30      4.3501079E-002
          4010.59      4.3419595E-002
          4021.88      4.3338412E-002
          4033.16      4.3257510E-002
          4044.45      4.3176866E-002
          4055.74      4.3096463E-002
          4067.03      4.3016278E-002
          4078.32      4.2936294E-002
          4089.61      4.2856491E-002
          4100.90      4.2776851E-002
          4112.19      4.2697354E-002
          4123.48      4.2617984E-002
          4134.77      4.2538723E-002
          4146.05      4.2459553E-002
          4157.34      4.2380457E-002
          4168.63      4.2301418E-002
          4179.92      4.2222421E-002
          4191.21      4.2143449E-002
          4202.50      4.2064486E-002
          4213.79      4.1985517E-002
          4225.08      4.1906526E-002
          4236.37      4.1827498E-002
          4247.66      4.1748418E-002
          4258.95      4.1669273E-002
          4270.23      4.1590046E-002
          4281.52      4.1510725E-002
          4292.81      4.1431294E-002
          4304.10      4.1351741E-002
          4315.39      4.1272051E-002
          4326.68      4.1192211E-002
          4337.97      4.1112208E-002
          4349.26      4.1032028E-002
          4360.55      4.0951659E-002
          4371.84      4.0871087E-002
          4383.12      4.0790300E-002
          4394.41      4.0709286E-002
          4405.70      4.0628030E-002
          4416.99      4.0546522E-002
          4428.28      4.0464748E-002
          4439.57      4.0382697E-002
          4450.86      4.0300356E-002
          4462.15      4.0217713E-002
          4473.44      4.0134756E-002
          4484.73      4.0051473E-002
          4496.02      3.9967852E-002
          4507.30      3.9883881E-002
          4518.59      3.9799548E-002
          4529.88      3.9714841E-002
          4541.17      3.9629748E-002
          4552.46      3.9544258E-002
          4563.75      3.9458358E-002
          4575.04      3.9372037E-002
          4586.33      3.9285283E-002
          4597.62      3.9198084E-002
          4608.91      3.9110427E-002
          4620.20      3.9022302E-002
          4631.48      3.8933695E-002
          4642.77      3.8844595E-002
          4654.06      3.8754990E-002
          4665.35      3.8664867E-002
          4676.64      3.8574214E-002
          4687.93      3.8483019E-002
          4699.22      3.8391270E-002
          4710.51      3.8298953E-002
          4721.80      3.8206056E-002
          4733.09      3.8112567E-002
          4744.38      3.8018472E-002
          4755.66      3.7923759E-002
          4766.95      3.7828414E-002
          4778.24      3.7732425E-002
          4789.53      3.7635777E-002
          4800.82      3.7538457E-002
          4812.11      3.7440452E-002
          4823.40      3.7341747E-002
          4834.69      3.7242328E-002
          4845.98      3.7142182E-002
          4857.27      3.7041294E-002
          4868.55      3.6939648E-002
          4879.84      3.6837231E-002
          4891.13      3.6734026E-002
          4902.42      3.6630020E-002
          4913.71      3.6525195E-002
          4925.00      3.6419537E-002
          4936.29      3.6313029E-002
          4947.58      3.6205655E-002
          4958.87      3.6097398E-002
          4970.16      3.5988242E-002
          4981.45      3.5878168E-002
          4992.73      3.5767161E-002
          5004.02      3.5655201E-002
          5015.31      3.5542271E-002
          5026.60      3.5428352E-002
          5037.89      3.5313426E-002
          5049.18      3.5197472E-002
          5060.47      3.5080473E-002
          5071.76      3.4962407E-002
          5083.05      3.4843254E-002
          5094.34      3.4722993E-002
          5105.62      3.4601604E-002
          5116.91      3.4479064E-002
          5128.20      3.4355352E-002
          5139.49      3.4230444E-002
          5150.78      3.4104319E-002
          5162.07      3.3976952E-002
          5173.36      3.3848319E-002
          5184.65      3.3718395E-002
          5195.94      3.3587156E-002
          5207.23      3.3454576E-002
          5218.52      3.3320628E-002
          5229.80      3.3185285E-002
          5241.09      3.3048521E-002
          5252.38      3.2910306E-002
          5263.67      3.2770612E-002
          5274.96      3.2629409E-002
          5286.25      3.2486667E-002
          5297.54      3.2342355E-002
          5308.83      3.2196441E-002
          5320.12      3.2048893E-002
          5331.41      3.1899678E-002
          5342.70      3.1748760E-002
          5353.98      3.1596106E-002
          5365.27      3.1441679E-002
          5376.56      3.1285442E-002
          5387.85      3.1127357E-002
          5399.14      3.0967386E-002
          5410.43      3.0805488E-002
          5421.72      3.0641624E-002
          5433.01      3.0475750E-002
          5444.30      3.0307824E-002
          5455.59      3.0137801E-002
          5466.88      2.9965635E-002
          5478.16      2.9791281E-002
          5489.45      2.9614690E-002
          5500.74      2.9435812E-002
          5512.03      2.9254596E-002
          5523.32      2.9070991E-002
          5534.61      2.8884942E-002
          5545.90      2.8696395E-002
          5557.19      2.8505291E-002
          5568.48      2.8311573E-002
          5579.77      2.8115180E-002
          5591.05      2.7916049E-002
          5602.34      2.7714117E-002
          5613.63      2.7509318E-002
          5624.92      2.7301583E-002
          5636.21      2.7090843E-002
          5647.50      2.6877025E-002
          5658.79      2.6660054E-002
          5670.08      2.6439853E-002
          5681.37      2.6216344E-002
          5692.66      2.5989443E-002
          5703.95      2.5759066E-002
          5715.23      2.5525126E-002
          5726.52      2.5287532E-002
          5737.81      2.5046191E-002
          5749.10      2.4801007E-002
          5760.39      2.4551879E-002
          5771.68      2.4298705E-002
          5782.97      2.4041377E-002
          5794.26      2.3779786E-002
          5805.55      2.3513816E-002
          5816.84      2.3243349E-002
          5828.12      2.2968264E-002
          5839.41      2.2688432E-002
          5850.70      2.2403722E-002
          5861.99      2.2113996E-002
          5873.28      2.1819115E-002
          5884.57      2.1518931E-002
          5895.86      2.1213290E-002
          5907.15      2.0902035E-002
          5918.44      2.0585002E-002
          5929.73      2.0262019E-002
          5941.02      1.9932910E-002
          5952.30      1.9597488E-002
          5963.59      1.9255562E-002
          5974.88      1.8906933E-002
          5986.17      1.8551392E-002
          5997.46      1.8188723E-002
          6008.75      1.7818699E-002
          6020.04      1.7441086E-002
          6031.33      1.7055639E-002
          6042.62      1.6662100E-002
          6053.91      1.6260204E-002
          6065.20      1.5849671E-002
          6076.48      1.5430210E-002
          6087.77      1.5001516E-002
          6099.06      1.4563271E-002
          6110.35      1.4115142E-002
          6121.64      1.3656779E-002
          6132.93      1.3187818E-002
          6144.22      1.2707876E-002
          6155.51      1.2216551E-002
          6166.80      1.1713423E-002
          6178.09      1.1198049E-002
          6189.38      1.0669966E-002
          6200.66      1.0128685E-002
          6211.95      9.5736935E-003
          6223.24      9.0044514E-003
          6234.53      8.4203909E-003
          6245.82      7.8209127E-003
          6257.11      7.2053847E-003
          6268.40      6.5731414E-003
          6279.69      5.9234788E-003
          6290.98      5.2556530E-003
          6302.27      4.5688778E-003
          6313.55      3.8623200E-003
          6324.84      3.1350992E-003
          6336.13      2.3862801E-003
          6347.42      1.6148699E-003
          6358.71      8.1981670E-004
          6370.00      0.0000000E+000
