          3480.00      0.0000000E+000
          3491.29      8.8195207E+001
          3502.58      8.8017855E+001
          3513.87      8.7847090E+001
          3525.16      8.7682709E+001
          3536.45      8.7524507E+001
          3547.73      8.7372273E+001
          3559.02      8.7225796E+001
          3570.31      8.7084862E+001
          3581.60      8.6949254E+001
          3592.89      8.6818756E+001
          3604.18      8.6693131E+001
          3615.47      8.6572129E+001
          3626.76      8.6455542E+001
          3638.05      8.6343160E+001
          3649.34      8.6234778E+001
          3660.62      8.6130189E+001
          3671.91      8.6029194E+001
          3683.20      8.5931594E+001
          3694.49      8.5837199E+001
          3705.78      8.5745822E+001
          3717.07      8.5657282E+001
          3728.36      8.5571403E+001
          3739.65      8.5488016E+001
          3750.94      8.5406959E+001
          3762.23      8.5328076E+001
          3773.52      8.5251215E+001
          3784.80      8.5176234E+001
          3796.09      8.5102996E+001
          3807.38      8.5031377E+001
          3818.67      8.4961253E+001
          3829.96      8.4892505E+001
          3841.25      8.4825021E+001
          3852.54      8.4758694E+001
          3863.83      8.4693424E+001
          3875.12      8.4629115E+001
          3886.41      8.4565677E+001
          3897.70      8.4503025E+001
          3908.98      8.4441078E+001
          3920.27      8.4379761E+001
          3931.56      8.4319004E+001
          3942.85      8.4258738E+001
          3954.14      8.4198907E+001
          3965.43      8.4139452E+001
          3976.72      8.4080319E+001
          3988.01      8.4021455E+001
          3999.30      8.3962811E+001
          4010.59      8.3904340E+001
          4021.88      8.3846000E+001
          4033.16      8.3787749E+001
          4044.45      8.3729550E+001
          4055.74      8.3671366E+001
          4067.03      8.3613163E+001
          4078.32      8.3554910E+001
          4089.61      8.3496576E+001
          4100.90      8.3438132E+001
          4112.19      8.3379554E+001
          4123.48      8.3320814E+001
          4134.77      8.3261890E+001
          4146.05      8.3202757E+001
          4157.34      8.3143396E+001
          4168.63      8.3083785E+001
          4179.92      8.3023904E+001
          4191.21      8.2963736E+001
          4202.50      8.2903262E+001
          4213.79      8.2842464E+001
          4225.08      8.2781328E+001
          4236.37      8.2719837E+001
          4247.66      8.2657974E+001
          4258.95      8.2595726E+001
          4270.23      8.2533078E+001
          4281.52      8.2470015E+001
          4292.81      8.2406524E+001
          4304.10      8.2342593E+001
          4315.39      8.2278207E+001
          4326.68      8.2213355E+001
          4337.97      8.2148023E+001
          4349.26      8.2082200E+001
          4360.55      8.2015874E+001
          4371.84      8.1949045E+001
          4383.12      8.1881688E+001
          4394.41      8.1813791E+001
          4405.70      8.1745341E+001
          4416.99      8.1676326E+001
          4428.28      8.1606734E+001
          4439.57      8.1536554E+001
          4450.86      8.1465772E+001
          4462.15      8.1394377E+001
          4473.44      8.1322358E+001
          4484.73      8.1249702E+001
          4496.02      8.1176396E+001
          4507.30      8.1102429E+001
          4518.59      8.1027788E+001
          4529.88      8.0952459E+001
          4541.17      8.0876431E+001
          4552.46      8.0799692E+001
          4563.75      8.0722227E+001
          4575.04      8.0644023E+001
          4586.33      8.0565068E+001
          4597.62      8.0485347E+001
          4608.91      8.0404846E+001
          4620.20      8.0323551E+001
          4631.48      8.0241447E+001
          4642.77      8.0158520E+001
          4654.06      8.0074753E+001
          4665.35      7.9990133E+001
          4676.64      7.9904643E+001
          4687.93      7.9818266E+001
          4699.22      7.9730987E+001
          4710.51      7.9642789E+001
          4721.80      7.9553654E+001
          4733.09      7.9463565E+001
          4744.38      7.9372504E+001
          4755.66      7.9280453E+001
          4766.95      7.9187393E+001
          4778.24      7.9093304E+001
          4789.53      7.8998168E+001
          4800.82      7.8901964E+001
          4812.11      7.8804672E+001
          4823.40      7.8706271E+001
          4834.69      7.8606738E+001
          4845.98      7.8506053E+001
          4857.27      7.8404190E+001
          4868.55      7.8301127E+001
          4879.84      7.8196840E+001
          4891.13      7.8091304E+001
          4902.42      7.7984494E+001
          4913.71      7.7876386E+001
          4925.00      7.7766952E+001
          4936.29      7.7656166E+001
          4947.58      7.7544000E+001
          4958.87      7.7430425E+001
          4970.16      7.7315414E+001
          4981.45      7.7198935E+001
          4992.73      7.7080959E+001
          5004.02      7.6961451E+001
          5015.31      7.6840378E+001
          5026.60      7.6717707E+001
          5037.89      7.6593405E+001
          5049.18      7.6467434E+001
          5060.47      7.6339761E+001
          5071.76      7.6210347E+001
          5083.05      7.6079154E+001
          5094.34      7.5946144E+001
          5105.62      7.5811274E+001
          5116.91      7.5674505E+001
          5128.20      7.5535793E+001
          5139.49      7.5395094E+001
          5150.78      7.5252361E+001
          5162.07      7.5107545E+001
          5173.36      7.4960599E+001
          5184.65      7.4811473E+001
          5195.94      7.4660115E+001
          5207.23      7.4506473E+001
          5218.52      7.4350493E+001
          5229.80      7.4192117E+001
          5241.09      7.4031289E+001
          5252.38      7.3867948E+001
          5263.67      7.3702032E+001
          5274.96      7.3533479E+001
          5286.25      7.3362221E+001
          5297.54      7.3188191E+001
          5308.83      7.3011316E+001
          5320.12      7.2831522E+001
          5331.41      7.2648735E+001
          5342.70      7.2462878E+001
          5353.98      7.2273868E+001
          5365.27      7.2081625E+001
          5376.56      7.1886062E+001
          5387.85      7.1687089E+001
          5399.14      7.1484613E+001
          5410.43      7.1278537E+001
          5421.72      7.1068764E+001
          5433.01      7.0855191E+001
          5444.30      7.0637710E+001
          5455.59      7.0416205E+001
          5466.88      7.0190561E+001
          5478.16      6.9960658E+001
          5489.45      6.9726373E+001
          5500.74      6.9487577E+001
          5512.03      6.9244136E+001
          5523.32      6.8995911E+001
          5534.61      6.8742758E+001
          5545.90      6.8484527E+001
          5557.19      6.8221061E+001
          5568.48      6.7952197E+001
          5579.77      6.7677664E+001
          5591.05      6.7397266E+001
          5602.34      6.7110817E+001
          5613.63      6.6818121E+001
          5624.92      6.6518976E+001
          5636.21      6.6213172E+001
          5647.50      6.5900489E+001
          5658.79      6.5580698E+001
          5670.08      6.5253555E+001
          5681.37      6.4918037E+001
          5692.66      6.4573859E+001
          5703.95      6.4220729E+001
          5715.23      6.3858343E+001
          5726.52      6.3486392E+001
          5737.81      6.3104552E+001
          5749.10      6.2712491E+001
          5760.39      6.2309862E+001
          5771.68      6.1896305E+001
          5782.97      6.1471521E+001
          5794.26      6.1035927E+001
          5805.55      6.0589150E+001
          5816.84      6.0130791E+001
          5828.12      5.9660432E+001
          5839.41      5.9177624E+001
          5850.70      5.8681896E+001
          5861.99      5.8172746E+001
          5873.28      5.7649644E+001
          5884.57      5.7112030E+001
          5895.86      5.6559306E+001
          5907.15      5.5990838E+001
          5918.44      5.5405574E+001
          5929.73      5.4802786E+001
          5941.02      5.4181710E+001
          5952.30      5.3541534E+001
          5963.59      5.2881402E+001
          5974.88      5.2200327E+001
          5986.17      5.1497234E+001
          5997.46      5.0771096E+001
          6008.75      5.0020820E+001
          6020.04      4.9245248E+001
          6031.33      4.8443723E+001
          6042.62      4.7614961E+001
          6053.91      4.6757591E+001
          6065.20      4.5870142E+001
          6076.48      4.4951245E+001
          6087.77      4.3999377E+001
          6099.06      4.3012739E+001
          6110.35      4.1989393E+001
          6121.64      4.0927125E+001
          6132.93      3.9822937E+001
          6144.22      3.8674340E+001
          6155.51      3.7478955E+001
          6166.80      3.6233923E+001
          6178.09      3.4936865E+001
          6189.38      3.3584743E+001
          6200.66      3.2173930E+001
          6211.95      3.0700467E+001
          6223.24      2.9160011E+001
          6234.53      2.7547800E+001
          6245.82      2.5858605E+001
          6257.11      2.4086660E+001
          6268.40      2.2225617E+001
          6279.69      2.0268524E+001
          6290.98      1.8207610E+001
          6302.27      1.6034201E+001
          6313.55      1.3738634E+001
          6324.84      1.1310135E+001
          6336.13      8.7366168E+000
          6347.42      6.0044067E+000
          6358.71      3.0980669E+000
          6370.00      0.0000000E+000
