          3480.00     -2.3059593E-004
          3491.29     -2.3124561E-004
          3502.58     -2.3104386E-004
          3513.87     -2.3009502E-004
          3525.16     -2.2849321E-004
          3536.45     -2.2632326E-004
          3547.73     -2.2366158E-004
          3559.02     -2.2057695E-004
          3570.31     -2.1713119E-004
          3581.60     -2.1337985E-004
          3592.89     -2.0937277E-004
          3604.18     -2.0515409E-004
          3615.47     -2.0076293E-004
          3626.76     -1.9623509E-004
          3638.05     -1.9160245E-004
          3649.34     -1.8689338E-004
          3660.62     -1.8213304E-004
          3671.91     -1.7734369E-004
          3683.20     -1.7254499E-004
          3694.49     -1.6775422E-004
          3705.78     -1.6298655E-004
          3717.07     -1.5825521E-004
          3728.36     -1.5357168E-004
          3739.65     -1.4894592E-004
          3750.94     -1.4438645E-004
          3762.23     -1.3990054E-004
          3773.52     -1.3549433E-004
          3784.80     -1.3117292E-004
          3796.09     -1.2694055E-004
          3807.38     -1.2280071E-004
          3818.67     -1.1875607E-004
          3829.96     -1.1480863E-004
          3841.25     -1.1095983E-004
          3852.54     -1.0721059E-004
          3863.83     -1.0356140E-004
          3875.12     -1.0001233E-004
          3886.41     -9.6563130E-005
          3897.70     -9.3213224E-005
          3908.98     -8.9961773E-005
          3920.27     -8.6807715E-005
          3931.56     -8.3749777E-005
          3942.85     -8.0786523E-005
          3954.14     -7.7916429E-005
          3965.43     -7.5137793E-005
          3976.72     -7.2448806E-005
          3988.01     -6.9847566E-005
          3999.30     -6.7332110E-005
          4010.59     -6.4900428E-005
          4021.88     -6.2550467E-005
          4033.16     -6.0280149E-005
          4044.45     -5.8087381E-005
          4055.74     -5.5970059E-005
          4067.03     -5.3926088E-005
          4078.32     -5.1953373E-005
          4089.61     -5.0049835E-005
          4100.90     -4.8213420E-005
          4112.19     -4.6442091E-005
          4123.48     -4.4733841E-005
          4134.77     -4.3086696E-005
          4146.05     -4.1498712E-005
          4157.34     -3.9967987E-005
          4168.63     -3.8492654E-005
          4179.92     -3.7070885E-005
          4191.21     -3.5700899E-005
          4202.50     -3.4380953E-005
          4213.79     -3.3109349E-005
          4225.08     -3.1884432E-005
          4236.37     -3.0704590E-005
          4247.66     -2.9568260E-005
          4258.95     -2.8473914E-005
          4270.23     -2.7420074E-005
          4281.52     -2.6405309E-005
          4292.81     -2.5428225E-005
          4304.10     -2.4487474E-005
          4315.39     -2.3581750E-005
          4326.68     -2.2709786E-005
          4337.97     -2.1870359E-005
          4349.26     -2.1062283E-005
          4360.55     -2.0284412E-005
          4371.84     -1.9535667E-005
          4383.12     -1.8814945E-005
          4394.41     -1.8121214E-005
          4405.70     -1.7453471E-005
          4416.99     -1.6810753E-005
          4428.28     -1.6192130E-005
          4439.57     -1.5596705E-005
          4450.86     -1.5023611E-005
          4462.15     -1.4472013E-005
          4473.44     -1.3941105E-005
          4484.73     -1.3430112E-005
          4496.02     -1.2938283E-005
          4507.30     -1.2464899E-005
          4518.59     -1.2009263E-005
          4529.88     -1.1570707E-005
          4541.17     -1.1148584E-005
          4552.46     -1.0742275E-005
          4563.75     -1.0351181E-005
          4575.04     -9.9747259E-006
          4586.33     -9.6123547E-006
          4597.62     -9.2635333E-006
          4608.91     -8.9277482E-006
          4620.20     -8.6045043E-006
          4631.48     -8.2933253E-006
          4642.77     -7.9937537E-006
          4654.06     -7.7053481E-006
          4665.35     -7.4276845E-006
          4676.64     -7.1603548E-006
          4687.93     -6.9029662E-006
          4699.22     -6.6551413E-006
          4710.51     -6.4165168E-006
          4721.80     -6.1867429E-006
          4733.09     -5.9654840E-006
          4744.38     -5.7524166E-006
          4755.66     -5.5472299E-006
          4766.95     -5.3496249E-006
          4778.24     -5.1593139E-006
          4789.53     -4.9760208E-006
          4800.82     -4.7994795E-006
          4812.11     -4.6294341E-006
          4823.40     -4.4656390E-006
          4834.69     -4.3078578E-006
          4845.98     -4.1558629E-006
          4857.27     -4.0094353E-006
          4868.55     -3.8683646E-006
          4879.84     -3.7324489E-006
          4891.13     -3.6014940E-006
          4902.42     -3.4753127E-006
          4913.71     -3.3537256E-006
          4925.00     -3.2365598E-006
          4936.29     -3.1236491E-006
          4947.58     -3.0148338E-006
          4958.87     -2.9099602E-006
          4970.16     -2.8088806E-006
          4981.45     -2.7114528E-006
          4992.73     -2.6175402E-006
          5004.02     -2.5270112E-006
          5015.31     -2.4397390E-006
          5026.60     -2.3556024E-006
          5037.89     -2.2744845E-006
          5049.18     -2.1962728E-006
          5060.47     -2.1208593E-006
          5071.76     -2.0481400E-006
          5083.05     -1.9780150E-006
          5094.34     -1.9103880E-006
          5105.62     -1.8451665E-006
          5116.91     -1.7822616E-006
          5128.20     -1.7215875E-006
          5139.49     -1.6630619E-006
          5150.78     -1.6066055E-006
          5162.07     -1.5521418E-006
          5173.36     -1.4995976E-006
          5184.65     -1.4489023E-006
          5195.94     -1.3999880E-006
          5207.23     -1.3527895E-006
          5218.52     -1.3072438E-006
          5229.80     -1.2632904E-006
          5241.09     -1.2208713E-006
          5252.38     -1.1799304E-006
          5263.67     -1.1404136E-006
          5274.96     -1.1022693E-006
          5286.25     -1.0654474E-006
          5297.54     -1.0298999E-006
          5308.83     -9.9558025E-007
          5320.12     -9.6244400E-007
          5331.41     -9.3044832E-007
          5342.70     -8.9955193E-007
          5353.98     -8.6971505E-007
          5365.27     -8.4089951E-007
          5376.56     -8.1306851E-007
          5387.85     -7.8618647E-007
          5399.14     -7.6021924E-007
          5410.43     -7.3513393E-007
          5421.72     -7.1089892E-007
          5433.01     -6.8748367E-007
          5444.30     -6.6485880E-007
          5455.59     -6.4299588E-007
          5466.88     -6.2186764E-007
          5478.16     -6.0144784E-007
          5489.45     -5.8171123E-007
          5500.74     -5.6263343E-007
          5512.03     -5.4419104E-007
          5523.32     -5.2636143E-007
          5534.61     -5.0912282E-007
          5545.90     -4.9245426E-007
          5557.19     -4.7633553E-007
          5568.48     -4.6074714E-007
          5579.77     -4.4566842E-007
          5591.05     -4.3108118E-007
          5602.34     -4.1696820E-007
          5613.63     -4.0331286E-007
          5624.92     -3.9009910E-007
          5636.21     -3.7731146E-007
          5647.50     -3.6493501E-007
          5658.79     -3.5295534E-007
          5670.08     -3.4135849E-007
          5681.37     -3.3012144E-007
          5692.66     -3.1923225E-007
          5703.95     -3.0867927E-007
          5715.23     -2.9845122E-007
          5726.52     -2.8853715E-007
          5737.81     -2.7892640E-007
          5749.10     -2.6960861E-007
          5760.39     -2.6057375E-007
          5771.68     -2.5181203E-007
          5782.97     -2.4331457E-007
          5794.26     -2.3507826E-007
          5805.55     -2.2709345E-007
          5816.84     -2.1935078E-007
          5828.12     -2.1184121E-007
          5839.41     -2.0455600E-007
          5850.70     -1.9748669E-007
          5861.99     -1.9062508E-007
          5873.28     -1.8396324E-007
          5884.57     -1.7749351E-007
          5895.86     -1.7120843E-007
          5907.15     -1.6510078E-007
          5918.44     -1.5916191E-007
          5929.73     -1.5338521E-007
          5941.02     -1.4776430E-007
          5952.30     -1.4229295E-007
          5963.59     -1.3696513E-007
          5974.88     -1.3177467E-007
          5986.17     -1.2671554E-007
          5997.46     -1.2178226E-007
          6008.75     -1.1696943E-007
          6020.04     -1.1227184E-007
          6031.33     -1.0768581E-007
          6042.62     -1.0320616E-007
          6053.91     -9.8827862E-008
          6065.20     -9.4546013E-008
          6076.48     -9.0356215E-008
          6087.77     -8.6254023E-008
          6099.06     -8.2234776E-008
          6110.35     -7.8293923E-008
          6121.64     -7.4426836E-008
          6132.93     -7.0628196E-008
          6144.22     -6.6893929E-008
          6155.51     -6.3220385E-008
          6166.80     -5.9603591E-008
          6178.09     -5.6040351E-008
          6189.38     -5.2526933E-008
          6200.66     -4.9059349E-008
          6211.95     -4.5633680E-008
          6223.24     -4.2246064E-008
          6234.53     -3.8892704E-008
          6245.82     -3.5569852E-008
          6257.11     -3.2273803E-008
          6268.40     -2.9000912E-008
          6279.69     -2.5747589E-008
          6290.98     -2.2510247E-008
          6302.27     -1.9285320E-008
          6313.55     -1.6069271E-008
          6324.84     -1.2858599E-008
          6336.13     -9.6498109E-009
          6347.42     -6.4394210E-009
          6358.71     -3.2239689E-009
          6370.00      0.0000000E+000
