          3480.00     -1.8518519E-004
          3491.29     -1.8549607E-004
          3502.58     -1.8483583E-004
          3513.87     -1.8334944E-004
          3525.16     -1.8116485E-004
          3536.45     -1.7839482E-004
          3547.73     -1.7513858E-004
          3559.02     -1.7148332E-004
          3570.31     -1.6750550E-004
          3581.60     -1.6327204E-004
          3592.89     -1.5884140E-004
          3604.18     -1.5426448E-004
          3615.47     -1.4958552E-004
          3626.76     -1.4484280E-004
          3638.05     -1.4006935E-004
          3649.34     -1.3529354E-004
          3660.62     -1.3053963E-004
          3671.91     -1.2582822E-004
          3683.20     -1.2117671E-004
          3694.49     -1.1659965E-004
          3705.78     -1.1210912E-004
          3717.07     -1.0771499E-004
          3728.36     -1.0342521E-004
          3739.65     -9.9246068E-005
          3750.94     -9.5182358E-005
          3762.23     -9.1237608E-005
          3773.52     -8.7414237E-005
          3784.80     -8.3713695E-005
          3796.09     -8.0136618E-005
          3807.38     -7.6682918E-005
          3818.67     -7.3351902E-005
          3829.96     -7.0142369E-005
          3841.25     -6.7052676E-005
          3852.54     -6.4080820E-005
          3863.83     -6.1224496E-005
          3875.12     -5.8481154E-005
          3886.41     -5.5848054E-005
          3897.70     -5.3322295E-005
          3908.98     -5.0900858E-005
          3920.27     -4.8580646E-005
          3931.56     -4.6358498E-005
          3942.85     -4.4231225E-005
          3954.14     -4.2195623E-005
          3965.43     -4.0248493E-005
          3976.72     -3.8386662E-005
          3988.01     -3.6606988E-005
          3999.30     -3.4906371E-005
          4010.59     -3.3281771E-005
          4021.88     -3.1730205E-005
          4033.16     -3.0248759E-005
          4044.45     -2.8834591E-005
          4055.74     -2.7484934E-005
          4067.03     -2.6197104E-005
          4078.32     -2.4968494E-005
          4089.61     -2.3796579E-005
          4100.90     -2.2678923E-005
          4112.19     -2.1613167E-005
          4123.48     -2.0597037E-005
          4134.77     -1.9628343E-005
          4146.05     -1.8704973E-005
          4157.34     -1.7824900E-005
          4168.63     -1.6986172E-005
          4179.92     -1.6186915E-005
          4191.21     -1.5425333E-005
          4202.50     -1.4699700E-005
          4213.79     -1.4008363E-005
          4225.08     -1.3349738E-005
          4236.37     -1.2722308E-005
          4247.66     -1.2124623E-005
          4258.95     -1.1555293E-005
          4270.23     -1.1012991E-005
          4281.52     -1.0496448E-005
          4292.81     -1.0004452E-005
          4304.10     -9.5358435E-006
          4315.39     -9.0895167E-006
          4326.68     -8.6644155E-006
          4337.97     -8.2595330E-006
          4349.26     -7.8739072E-006
          4360.55     -7.5066209E-006
          4371.84     -7.1568000E-006
          4383.12     -6.8236104E-006
          4394.41     -6.5062571E-006
          4405.70     -6.2039824E-006
          4416.99     -5.9160641E-006
          4428.28     -5.6418146E-006
          4439.57     -5.3805784E-006
          4450.86     -5.1317308E-006
          4462.15     -4.8946777E-006
          4473.44     -4.6688526E-006
          4484.73     -4.4537163E-006
          4496.02     -4.2487554E-006
          4507.30     -4.0534808E-006
          4518.59     -3.8674277E-006
          4529.88     -3.6901528E-006
          4541.17     -3.5212345E-006
          4552.46     -3.3602716E-006
          4563.75     -3.2068822E-006
          4575.04     -3.0607026E-006
          4586.33     -2.9213870E-006
          4597.62     -2.7886061E-006
          4608.91     -2.6620469E-006
          4620.20     -2.5414111E-006
          4631.48     -2.4264150E-006
          4642.77     -2.3167888E-006
          4654.06     -2.2122758E-006
          4665.35     -2.1126315E-006
          4676.64     -2.0176233E-006
          4687.93     -1.9270300E-006
          4699.22     -1.8406412E-006
          4710.51     -1.7582565E-006
          4721.80     -1.6796852E-006
          4733.09     -1.6047462E-006
          4744.38     -1.5332667E-006
          4755.66     -1.4650826E-006
          4766.95     -1.4000375E-006
          4778.24     -1.3379827E-006
          4789.53     -1.2787769E-006
          4800.82     -1.2222853E-006
          4812.11     -1.1683796E-006
          4823.40     -1.1169380E-006
          4834.69     -1.0678443E-006
          4845.98     -1.0209882E-006
          4857.27     -9.7626430E-007
          4868.55     -9.3357258E-007
          4879.84     -8.9281781E-007
          4891.13     -8.5390923E-007
          4902.42     -8.1676048E-007
          4913.71     -7.8128942E-007
          4925.00     -7.4741773E-007
          4936.29     -7.1507092E-007
          4947.58     -6.8417803E-007
          4958.87     -6.5467149E-007
          4970.16     -6.2648700E-007
          4981.45     -5.9956329E-007
          4992.73     -5.7384199E-007
          5004.02     -5.4926758E-007
          5015.31     -5.2578712E-007
          5026.60     -5.0335019E-007
          5037.89     -4.8190879E-007
          5049.18     -4.6141714E-007
          5060.47     -4.4183172E-007
          5071.76     -4.2311098E-007
          5083.05     -4.0521536E-007
          5094.34     -3.8810718E-007
          5105.62     -3.7175053E-007
          5116.91     -3.5611117E-007
          5128.20     -3.4115649E-007
          5139.49     -3.2685538E-007
          5150.78     -3.1317824E-007
          5162.07     -3.0009680E-007
          5173.36     -2.8758413E-007
          5184.65     -2.7561458E-007
          5195.94     -2.6416367E-007
          5207.23     -2.5320807E-007
          5218.52     -2.4272551E-007
          5229.80     -2.3269477E-007
          5241.09     -2.2309564E-007
          5252.38     -2.1390880E-007
          5263.67     -2.0511585E-007
          5274.96     -1.9669923E-007
          5286.25     -1.8864219E-007
          5297.54     -1.8092875E-007
          5308.83     -1.7354366E-007
          5320.12     -1.6647237E-007
          5331.41     -1.5970100E-007
          5342.70     -1.5321632E-007
          5353.98     -1.4700566E-007
          5365.27     -1.4105697E-007
          5376.56     -1.3535873E-007
          5387.85     -1.2989994E-007
          5399.14     -1.2467011E-007
          5410.43     -1.1965921E-007
          5421.72     -1.1485769E-007
          5433.01     -1.1025639E-007
          5444.30     -1.0584658E-007
          5455.59     -1.0161996E-007
          5466.88     -9.7568539E-008
          5478.16     -9.3684727E-008
          5489.45     -8.9961257E-008
          5500.74     -8.6391188E-008
          5512.03     -8.2967894E-008
          5523.32     -7.9685037E-008
          5534.61     -7.6536560E-008
          5545.90     -7.3516681E-008
          5557.19     -7.0619867E-008
          5568.48     -6.7840830E-008
          5579.77     -6.5174516E-008
          5591.05     -6.2616089E-008
          5602.34     -6.0160934E-008
          5613.63     -5.7804628E-008
          5624.92     -5.5542943E-008
          5636.21     -5.3371840E-008
          5647.50     -5.1287450E-008
          5658.79     -4.9286072E-008
          5670.08     -4.7364167E-008
          5681.37     -4.5518343E-008
          5692.66     -4.3745361E-008
          5703.95     -4.2042116E-008
          5715.23     -4.0405634E-008
          5726.52     -3.8833072E-008
          5737.81     -3.7321703E-008
          5749.10     -3.5868918E-008
          5760.39     -3.4472215E-008
          5771.68     -3.3129198E-008
          5782.97     -3.1837572E-008
          5794.26     -3.0595137E-008
          5805.55     -2.9399780E-008
          5816.84     -2.8249482E-008
          5828.12     -2.7142300E-008
          5839.41     -2.6076372E-008
          5850.70     -2.5049914E-008
          5861.99     -2.4061209E-008
          5873.28     -2.3108614E-008
          5884.57     -2.2190546E-008
          5895.86     -2.1305486E-008
          5907.15     -2.0451977E-008
          5918.44     -1.9628615E-008
          5929.73     -1.8834050E-008
          5941.02     -1.8066986E-008
          5952.30     -1.7326172E-008
          5963.59     -1.6610408E-008
          5974.88     -1.5918534E-008
          5986.17     -1.5249433E-008
          5997.46     -1.4602030E-008
          6008.75     -1.3975287E-008
          6020.04     -1.3368201E-008
          6031.33     -1.2779803E-008
          6042.62     -1.2209158E-008
          6053.91     -1.1655362E-008
          6065.20     -1.1117538E-008
          6076.48     -1.0594837E-008
          6087.77     -1.0086438E-008
          6099.06     -9.5915441E-009
          6110.35     -9.1093793E-009
          6121.64     -8.6391915E-009
          6132.93     -8.1802479E-009
          6144.22     -7.7318366E-009
          6155.51     -7.2932620E-009
          6166.80     -6.8638458E-009
          6178.09     -6.4429262E-009
          6189.38     -6.0298549E-009
          6200.66     -5.6239974E-009
          6211.95     -5.2247318E-009
          6223.24     -4.8314471E-009
          6234.53     -4.4435436E-009
          6245.82     -4.0604301E-009
          6257.11     -3.6815241E-009
          6268.40     -3.3062511E-009
          6279.69     -2.9340427E-009
          6290.98     -2.5643364E-009
          6302.27     -2.1965744E-009
          6313.55     -1.8302027E-009
          6324.84     -1.4646715E-009
          6336.13     -1.0994322E-009
          6347.42     -7.3393767E-010
          6358.71     -3.6764246E-010
          6370.00      0.0000000E+000
