          3480.00     -2.3059593E-004
          3491.29     -2.3064515E-004
          3502.58     -2.2878203E-004
          3513.87     -2.2537021E-004
          3525.16     -2.2071980E-004
          3536.45     -2.1509464E-004
          3547.73     -2.0871854E-004
          3559.02     -2.0178079E-004
          3570.31     -1.9444089E-004
          3581.60     -1.8683266E-004
          3592.89     -1.7906788E-004
          3604.18     -1.7123892E-004
          3615.47     -1.6342168E-004
          3626.76     -1.5567882E-004
          3638.05     -1.4806099E-004
          3649.34     -1.4060855E-004
          3660.62     -1.3335315E-004
          3671.91     -1.2631901E-004
          3683.20     -1.1952411E-004
          3694.49     -1.1298116E-004
          3705.78     -1.0669849E-004
          3717.07     -1.0068072E-004
          3728.36     -9.4929426E-005
          3739.65     -8.9443712E-005
          3750.94     -8.4220617E-005
          3762.23     -7.9255541E-005
          3773.52     -7.4542581E-005
          3784.80     -7.0074807E-005
          3796.09     -6.5844533E-005
          3807.38     -6.1843541E-005
          3818.67     -5.8063144E-005
          3829.96     -5.4494417E-005
          3841.25     -5.1128296E-005
          3852.54     -4.7955688E-005
          3863.83     -4.4967553E-005
          3875.12     -4.2154964E-005
          3886.41     -3.9509170E-005
          3897.70     -3.7021624E-005
          3908.98     -3.4684025E-005
          3920.27     -3.2488343E-005
          3931.56     -3.0426829E-005
          3942.85     -2.8492036E-005
          3954.14     -2.6676841E-005
          3965.43     -2.4974411E-005
          3976.72     -2.3378222E-005
          3988.01     -2.1882055E-005
          3999.30     -2.0479995E-005
          4010.59     -1.9166430E-005
          4021.88     -1.7936034E-005
          4033.16     -1.6783765E-005
          4044.45     -1.5704854E-005
          4055.74     -1.4694791E-005
          4067.03     -1.3749322E-005
          4078.32     -1.2864434E-005
          4089.61     -1.2036341E-005
          4100.90     -1.1261484E-005
          4112.19     -1.0536507E-005
          4123.48     -9.8582573E-006
          4134.77     -9.2237696E-006
          4146.05     -8.6302578E-006
          4157.34     -8.0751074E-006
          4168.63     -7.5558624E-006
          4179.92     -7.0702191E-006
          4191.21     -6.6160177E-006
          4202.50     -6.1912322E-006
          4213.79     -5.7939643E-006
          4225.08     -5.4224353E-006
          4236.37     -5.0749788E-006
          4247.66     -4.7500350E-006
          4258.95     -4.4461425E-006
          4270.23     -4.1619338E-006
          4281.52     -3.8961301E-006
          4292.81     -3.6475339E-006
          4304.10     -3.4150251E-006
          4315.39     -3.1975560E-006
          4326.68     -2.9941468E-006
          4337.97     -2.8038814E-006
          4349.26     -2.6259030E-006
          4360.55     -2.4594103E-006
          4371.84     -2.3036583E-006
          4383.12     -2.1579429E-006
          4394.41     -2.0216102E-006
          4405.70     -1.8940483E-006
          4416.99     -1.7746859E-006
          4428.28     -1.6629893E-006
          4439.57     -1.5584592E-006
          4450.86     -1.4606294E-006
          4462.15     -1.3690642E-006
          4473.44     -1.2833562E-006
          4484.73     -1.2031251E-006
          4496.02     -1.1280152E-006
          4507.30     -1.0576942E-006
          4518.59     -9.9185167E-007
          4529.88     -9.3019749E-007
          4541.17     -8.7246047E-007
          4552.46     -8.1838739E-007
          4563.75     -7.6774144E-007
          4575.04     -7.2030134E-007
          4586.33     -6.7586031E-007
          4597.62     -6.3422505E-007
          4608.91     -5.9521499E-007
          4620.20     -5.5866128E-007
          4631.48     -5.2440610E-007
          4642.77     -4.9230200E-007
          4654.06     -4.6221106E-007
          4665.35     -4.3400440E-007
          4676.64     -4.0756151E-007
          4687.93     -3.8276971E-007
          4699.22     -3.5952369E-007
          4710.51     -3.3772494E-007
          4721.80     -3.1728133E-007
          4733.09     -2.9810677E-007
          4744.38     -2.8012067E-007
          4755.66     -2.6324770E-007
          4766.95     -2.4741738E-007
          4778.24     -2.3256378E-007
          4789.53     -2.1862524E-007
          4800.82     -2.0554406E-007
          4812.11     -1.9326623E-007
          4823.40     -1.8174126E-007
          4834.69     -1.7092187E-007
          4845.98     -1.6076382E-007
          4857.27     -1.5122567E-007
          4868.55     -1.4226866E-007
          4879.84     -1.3385653E-007
          4891.13     -1.2595530E-007
          4902.42     -1.1853316E-007
          4913.71     -1.1156035E-007
          4925.00     -1.0500898E-007
          4936.29     -9.8852937E-008
          4947.58     -9.3067750E-008
          4958.87     -8.7630506E-008
          4970.16     -8.2519752E-008
          4981.45     -7.7715373E-008
          4992.73     -7.3198523E-008
          5004.02     -6.8951545E-008
          5015.31     -6.4957887E-008
          5026.60     -6.1202046E-008
          5037.89     -5.7669488E-008
          5049.18     -5.4346585E-008
          5060.47     -5.1220572E-008
          5071.76     -4.8279471E-008
          5083.05     -4.5512048E-008
          5094.34     -4.2907778E-008
          5105.62     -4.0456783E-008
          5116.91     -3.8149798E-008
          5128.20     -3.5978133E-008
          5139.49     -3.3933634E-008
          5150.78     -3.2008652E-008
          5162.07     -3.0196006E-008
          5173.36     -2.8488959E-008
          5184.65     -2.6881194E-008
          5195.94     -2.5366776E-008
          5207.23     -2.3940136E-008
          5218.52     -2.2596046E-008
          5229.80     -2.1329594E-008
          5241.09     -2.0136174E-008
          5252.38     -1.9011455E-008
          5263.67     -1.7951371E-008
          5274.96     -1.6952104E-008
          5286.25     -1.6010065E-008
          5297.54     -1.5121885E-008
          5308.83     -1.4284393E-008
          5320.12     -1.3494616E-008
          5331.41     -1.2749756E-008
          5342.70     -1.2047187E-008
          5353.98     -1.1384438E-008
          5365.27     -1.0759187E-008
          5376.56     -1.0169251E-008
          5387.85     -9.6125771E-009
          5399.14     -9.0872348E-009
          5410.43     -8.5914086E-009
          5421.72     -8.1233923E-009
          5433.01     -7.6815797E-009
          5444.30     -7.2644601E-009
          5455.59     -6.8706112E-009
          5466.88     -6.4986958E-009
          5478.16     -6.1474563E-009
          5489.45     -5.8157090E-009
          5500.74     -5.5023396E-009
          5512.03     -5.2063003E-009
          5523.32     -4.9266038E-009
          5534.61     -4.6623209E-009
          5545.90     -4.4125772E-009
          5557.19     -4.1765491E-009
          5568.48     -3.9534611E-009
          5579.77     -3.7425672E-009
          5591.05     -3.5431798E-009
          5602.34     -3.3546541E-009
          5613.63     -3.1763822E-009
          5624.92     -3.0077909E-009
          5636.21     -2.8483408E-009
          5647.50     -2.6975229E-009
          5658.79     -2.5548576E-009
          5670.08     -2.4198926E-009
          5681.37     -2.2921353E-009
          5692.66     -2.1711948E-009
          5703.95     -2.0567013E-009
          5715.23     -1.9483046E-009
          5726.52     -1.8456742E-009
          5737.81     -1.7484967E-009
          5749.10     -1.6564759E-009
          5760.39     -1.5693315E-009
          5771.68     -1.4867979E-009
          5782.97     -1.4086277E-009
          5794.26     -1.3346176E-009
          5805.55     -1.2645364E-009
          5816.84     -1.1981661E-009
          5828.12     -1.1353009E-009
          5839.41     -1.0757463E-009
          5850.70     -1.0193188E-009
          5861.99     -9.6584487E-010
          5873.28     -9.1516097E-010
          5884.57     -8.6711230E-010
          5895.86     -8.2155261E-010
          5907.15     -7.7834371E-010
          5918.44     -7.3734718E-010
          5929.73     -6.9844076E-010
          5941.02     -6.6150867E-010
          5952.30     -6.2644124E-010
          5963.59     -5.9313466E-010
          5974.88     -5.6148933E-010
          5986.17     -5.3141069E-010
          5997.46     -5.0281065E-010
          6008.75     -4.7560555E-010
          6020.04     -4.4971597E-010
          6031.33     -4.2507205E-010
          6042.62     -4.0160113E-010
          6053.91     -3.7923423E-010
          6065.20     -3.5790577E-010
          6076.48     -3.3755485E-010
          6087.77     -3.1812295E-010
          6099.06     -2.9955317E-010
          6110.35     -2.8179130E-010
          6121.64     -2.6478506E-010
          6132.93     -2.4848179E-010
          6144.22     -2.3283516E-010
          6155.51     -2.1780202E-010
          6166.80     -2.0333963E-010
          6178.09     -1.8940936E-010
          6189.38     -1.7597212E-010
          6200.66     -1.6298924E-010
          6211.95     -1.5042352E-010
          6223.24     -1.3823907E-010
          6234.53     -1.2640126E-010
          6245.82     -1.1487654E-010
          6257.11     -1.0363237E-010
          6268.40     -9.2637168E-011
          6279.69     -8.1860209E-011
          6290.98     -7.1271397E-011
          6302.27     -6.0841238E-011
          6313.55     -5.0540789E-011
          6324.84     -4.0341619E-011
          6336.13     -3.0215641E-011
          6347.42     -2.0135046E-011
          6358.71     -1.0072298E-011
          6370.00     -2.4967955E-046
