          3480.00     -1.8518519E-004
          3491.29     -1.8583208E-004
          3502.58     -1.8612809E-004
          3513.87     -1.8610391E-004
          3525.16     -1.8578800E-004
          3536.45     -1.8520674E-004
          3547.73     -1.8438459E-004
          3559.02     -1.8334424E-004
          3570.31     -1.8210668E-004
          3581.60     -1.8069137E-004
          3592.89     -1.7911632E-004
          3604.18     -1.7739818E-004
          3615.47     -1.7555239E-004
          3626.76     -1.7359318E-004
          3638.05     -1.7153372E-004
          3649.34     -1.6938618E-004
          3660.62     -1.6716178E-004
          3671.91     -1.6487087E-004
          3683.20     -1.6252299E-004
          3694.49     -1.6012694E-004
          3705.78     -1.5769080E-004
          3717.07     -1.5522201E-004
          3728.36     -1.5272739E-004
          3739.65     -1.5021323E-004
          3750.94     -1.4768526E-004
          3762.23     -1.4514873E-004
          3773.52     -1.4260847E-004
          3784.80     -1.4006886E-004
          3796.09     -1.3753391E-004
          3807.38     -1.3500724E-004
          3818.67     -1.3249218E-004
          3829.96     -1.2999170E-004
          3841.25     -1.2750853E-004
          3852.54     -1.2504510E-004
          3863.83     -1.2260360E-004
          3875.12     -1.2018600E-004
          3886.41     -1.1779405E-004
          3897.70     -1.1542932E-004
          3908.98     -1.1309316E-004
          3920.27     -1.1078680E-004
          3931.56     -1.0851129E-004
          3942.85     -1.0626754E-004
          3954.14     -1.0405632E-004
          3965.43     -1.0187830E-004
          3976.72     -9.9734031E-005
          3988.01     -9.7623947E-005
          3999.30     -9.5548400E-005
          4010.59     -9.3507658E-005
          4021.88     -9.1501902E-005
          4033.16     -8.9531244E-005
          4044.45     -8.7595730E-005
          4055.74     -8.5695342E-005
          4067.03     -8.3830011E-005
          4078.32     -8.1999616E-005
          4089.61     -8.0203987E-005
          4100.90     -7.8442919E-005
          4112.19     -7.6716165E-005
          4123.48     -7.5023444E-005
          4134.77     -7.3364446E-005
          4146.05     -7.1738832E-005
          4157.34     -7.0146245E-005
          4168.63     -6.8586298E-005
          4179.92     -6.7058589E-005
          4191.21     -6.5562702E-005
          4202.50     -6.4098201E-005
          4213.79     -6.2664641E-005
          4225.08     -6.1261565E-005
          4236.37     -5.9888507E-005
          4247.66     -5.8544994E-005
          4258.95     -5.7230547E-005
          4270.23     -5.5944681E-005
          4281.52     -5.4686909E-005
          4292.81     -5.3456742E-005
          4304.10     -5.2253686E-005
          4315.39     -5.1077250E-005
          4326.68     -4.9926942E-005
          4337.97     -4.8802272E-005
          4349.26     -4.7702751E-005
          4360.55     -4.6627892E-005
          4371.84     -4.5577212E-005
          4383.12     -4.4550232E-005
          4394.41     -4.3546474E-005
          4405.70     -4.2565468E-005
          4416.99     -4.1606747E-005
          4428.28     -4.0669850E-005
          4439.57     -3.9754320E-005
          4450.86     -3.8859707E-005
          4462.15     -3.7985567E-005
          4473.44     -3.7131462E-005
          4484.73     -3.6296960E-005
          4496.02     -3.5481635E-005
          4507.30     -3.4685067E-005
          4518.59     -3.3906846E-005
          4529.88     -3.3146566E-005
          4541.17     -3.2403827E-005
          4552.46     -3.1678239E-005
          4563.75     -3.0969416E-005
          4575.04     -3.0276982E-005
          4586.33     -2.9600564E-005
          4597.62     -2.8939798E-005
          4608.91     -2.8294328E-005
          4620.20     -2.7663804E-005
          4631.48     -2.7047882E-005
          4642.77     -2.6446226E-005
          4654.06     -2.5858507E-005
          4665.35     -2.5284400E-005
          4676.64     -2.4723589E-005
          4687.93     -2.4175765E-005
          4699.22     -2.3640625E-005
          4710.51     -2.3117871E-005
          4721.80     -2.2607212E-005
          4733.09     -2.2108365E-005
          4744.38     -2.1621051E-005
          4755.66     -2.1144997E-005
          4766.95     -2.0679939E-005
          4778.24     -2.0225614E-005
          4789.53     -1.9781770E-005
          4800.82     -1.9348157E-005
          4812.11     -1.8924531E-005
          4823.40     -1.8510655E-005
          4834.69     -1.8106297E-005
          4845.98     -1.7711229E-005
          4857.27     -1.7325229E-005
          4868.55     -1.6948081E-005
          4879.84     -1.6579572E-005
          4891.13     -1.6219497E-005
          4902.42     -1.5867651E-005
          4913.71     -1.5523839E-005
          4925.00     -1.5187867E-005
          4936.29     -1.4859547E-005
          4947.58     -1.4538695E-005
          4958.87     -1.4225130E-005
          4970.16     -1.3918678E-005
          4981.45     -1.3619168E-005
          4992.73     -1.3326432E-005
          5004.02     -1.3040306E-005
          5015.31     -1.2760632E-005
          5026.60     -1.2487253E-005
          5037.89     -1.2220018E-005
          5049.18     -1.1958778E-005
          5060.47     -1.1703388E-005
          5071.76     -1.1453707E-005
          5083.05     -1.1209596E-005
          5094.34     -1.0970922E-005
          5105.62     -1.0737551E-005
          5116.91     -1.0509357E-005
          5128.20     -1.0286212E-005
          5139.49     -1.0067996E-005
          5150.78     -9.8545880E-006
          5162.07     -9.6458716E-006
          5173.36     -9.4417327E-006
          5184.65     -9.2420604E-006
          5195.94     -9.0467460E-006
          5207.23     -8.8556834E-006
          5218.52     -8.6687691E-006
          5229.80     -8.4859018E-006
          5241.09     -8.3069831E-006
          5252.38     -8.1319166E-006
          5263.67     -7.9606080E-006
          5274.96     -7.7929657E-006
          5286.25     -7.6288997E-006
          5297.54     -7.4683225E-006
          5308.83     -7.3111485E-006
          5320.12     -7.1572939E-006
          5331.41     -7.0066773E-006
          5342.70     -6.8592188E-006
          5353.98     -6.7148404E-006
          5365.27     -6.5734662E-006
          5376.56     -6.4350218E-006
          5387.85     -6.2994343E-006
          5399.14     -6.1666329E-006
          5410.43     -6.0365480E-006
          5421.72     -5.9091120E-006
          5433.01     -5.7842586E-006
          5444.30     -5.6619228E-006
          5455.59     -5.5420415E-006
          5466.88     -5.4245526E-006
          5478.16     -5.3093957E-006
          5489.45     -5.1965114E-006
          5500.74     -5.0858419E-006
          5512.03     -4.9773306E-006
          5523.32     -4.8709221E-006
          5534.61     -4.7665620E-006
          5545.90     -4.6641975E-006
          5557.19     -4.5637766E-006
          5568.48     -4.4652485E-006
          5579.77     -4.3685634E-006
          5591.05     -4.2736727E-006
          5602.34     -4.1805287E-006
          5613.63     -4.0890847E-006
          5624.92     -3.9992949E-006
          5636.21     -3.9111147E-006
          5647.50     -3.8245001E-006
          5658.79     -3.7394079E-006
          5670.08     -3.6557962E-006
          5681.37     -3.5736234E-006
          5692.66     -3.4928492E-006
          5703.95     -3.4134337E-006
          5715.23     -3.3353379E-006
          5726.52     -3.2585235E-006
          5737.81     -3.1829530E-006
          5749.10     -3.1085895E-006
          5760.39     -3.0353967E-006
          5771.68     -2.9633391E-006
          5782.97     -2.8923817E-006
          5794.26     -2.8224903E-006
          5805.55     -2.7536309E-006
          5816.84     -2.6857706E-006
          5828.12     -2.6188765E-006
          5839.41     -2.5529167E-006
          5850.70     -2.4878594E-006
          5861.99     -2.4236736E-006
          5873.28     -2.3603287E-006
          5884.57     -2.2977944E-006
          5895.86     -2.2360411E-006
          5907.15     -2.1750394E-006
          5918.44     -2.1147605E-006
          5929.73     -2.0551759E-006
          5941.02     -1.9962574E-006
          5952.30     -1.9379772E-006
          5963.59     -1.8803081E-006
          5974.88     -1.8232228E-006
          5986.17     -1.7666947E-006
          5997.46     -1.7106973E-006
          6008.75     -1.6552044E-006
          6020.04     -1.6001903E-006
          6031.33     -1.5456292E-006
          6042.62     -1.4914958E-006
          6053.91     -1.4377651E-006
          6065.20     -1.3844122E-006
          6076.48     -1.3314122E-006
          6087.77     -1.2787410E-006
          6099.06     -1.2263740E-006
          6110.35     -1.1742873E-006
          6121.64     -1.1224569E-006
          6132.93     -1.0708590E-006
          6144.22     -1.0194701E-006
          6155.51     -9.6826657E-007
          6166.80     -9.1722506E-007
          6178.09     -8.6632239E-007
          6189.38     -8.1553536E-007
          6200.66     -7.6484089E-007
          6211.95     -7.1421600E-007
          6223.24     -6.6363771E-007
          6234.53     -6.1308326E-007
          6245.82     -5.6252978E-007
          6257.11     -5.1195446E-007
          6268.40     -4.6133465E-007
          6279.69     -4.1064755E-007
          6290.98     -3.5987047E-007
          6302.27     -3.0898067E-007
          6313.55     -2.5795539E-007
          6324.84     -2.0677195E-007
          6336.13     -1.5540754E-007
          6347.42     -1.0383930E-007
          6358.71     -5.2044440E-008
          6370.00      1.1833341E-043
