          3480.00     -1.8518519E-004
          3491.29     -1.8578050E-004
          3502.58     -1.8592221E-004
          3513.87     -1.8565561E-004
          3525.16     -1.8502229E-004
          3536.45     -1.8406041E-004
          3547.73     -1.8280504E-004
          3559.02     -1.8128831E-004
          3570.31     -1.7953968E-004
          3581.60     -1.7758617E-004
          3592.89     -1.7545249E-004
          3604.18     -1.7316128E-004
          3615.47     -1.7073322E-004
          3626.76     -1.6818723E-004
          3638.05     -1.6554055E-004
          3649.34     -1.6280895E-004
          3660.62     -1.6000676E-004
          3671.91     -1.5714705E-004
          3683.20     -1.5424169E-004
          3694.49     -1.5130146E-004
          3705.78     -1.4833613E-004
          3717.07     -1.4535457E-004
          3728.36     -1.4236476E-004
          3739.65     -1.3937393E-004
          3750.94     -1.3638856E-004
          3762.23     -1.3341450E-004
          3773.52     -1.3045696E-004
          3784.80     -1.2752062E-004
          3796.09     -1.2460963E-004
          3807.38     -1.2172767E-004
          3818.67     -1.1887800E-004
          3829.96     -1.1606348E-004
          3841.25     -1.1328661E-004
          3852.54     -1.1054955E-004
          3863.83     -1.0785417E-004
          3875.12     -1.0520205E-004
          3886.41     -1.0259454E-004
          3897.70     -1.0003275E-004
          3908.98     -9.7517559E-005
          3920.27     -9.5049693E-005
          3931.56     -9.2629682E-005
          3942.85     -9.0257907E-005
          3954.14     -8.7934605E-005
          3965.43     -8.5659884E-005
          3976.72     -8.3433742E-005
          3988.01     -8.1256067E-005
          3999.30     -7.9126653E-005
          4010.59     -7.7045219E-005
          4021.88     -7.5011400E-005
          4033.16     -7.3024769E-005
          4044.45     -7.1084838E-005
          4055.74     -6.9191067E-005
          4067.03     -6.7342875E-005
          4078.32     -6.5539637E-005
          4089.61     -6.3780691E-005
          4100.90     -6.2065352E-005
          4112.19     -6.0392906E-005
          4123.48     -5.8762616E-005
          4134.77     -5.7173733E-005
          4146.05     -5.5625486E-005
          4157.34     -5.4117103E-005
          4168.63     -5.2647796E-005
          4179.92     -5.1216772E-005
          4191.21     -4.9823240E-005
          4202.50     -4.8466402E-005
          4213.79     -4.7145463E-005
          4225.08     -4.5859629E-005
          4236.37     -4.4608109E-005
          4247.66     -4.3390120E-005
          4258.95     -4.2204884E-005
          4270.23     -4.1051628E-005
          4281.52     -3.9929591E-005
          4292.81     -3.8838018E-005
          4304.10     -3.7776165E-005
          4315.39     -3.6743297E-005
          4326.68     -3.5738693E-005
          4337.97     -3.4761641E-005
          4349.26     -3.3811442E-005
          4360.55     -3.2887408E-005
          4371.84     -3.1988866E-005
          4383.12     -3.1115152E-005
          4394.41     -3.0265617E-005
          4405.70     -2.9439626E-005
          4416.99     -2.8636554E-005
          4428.28     -2.7855792E-005
          4439.57     -2.7096744E-005
          4450.86     -2.6358825E-005
          4462.15     -2.5641464E-005
          4473.44     -2.4944105E-005
          4484.73     -2.4266202E-005
          4496.02     -2.3607222E-005
          4507.30     -2.2966648E-005
          4518.59     -2.2343971E-005
          4529.88     -2.1738699E-005
          4541.17     -2.1150348E-005
          4552.46     -2.0578449E-005
          4563.75     -2.0022544E-005
          4575.04     -1.9482185E-005
          4586.33     -1.8956939E-005
          4597.62     -1.8446380E-005
          4608.91     -1.7950098E-005
          4620.20     -1.7467689E-005
          4631.48     -1.6998762E-005
          4642.77     -1.6542938E-005
          4654.06     -1.6099845E-005
          4665.35     -1.5669123E-005
          4676.64     -1.5250421E-005
          4687.93     -1.4843397E-005
          4699.22     -1.4447721E-005
          4710.51     -1.4063069E-005
          4721.80     -1.3689127E-005
          4733.09     -1.3325590E-005
          4744.38     -1.2972162E-005
          4755.66     -1.2628554E-005
          4766.95     -1.2294486E-005
          4778.24     -1.1969684E-005
          4789.53     -1.1653886E-005
          4800.82     -1.1346833E-005
          4812.11     -1.1048275E-005
          4823.40     -1.0757969E-005
          4834.69     -1.0475680E-005
          4845.98     -1.0201178E-005
          4857.27     -9.9342395E-006
          4868.55     -9.6746488E-006
          4879.84     -9.4221958E-006
          4891.13     -9.1766762E-006
          4902.42     -8.9378913E-006
          4913.71     -8.7056490E-006
          4925.00     -8.4797620E-006
          4936.29     -8.2600485E-006
          4947.58     -8.0463321E-006
          4958.87     -7.8384411E-006
          4970.16     -7.6362096E-006
          4981.45     -7.4394757E-006
          4992.73     -7.2480822E-006
          5004.02     -7.0618770E-006
          5015.31     -6.8807120E-006
          5026.60     -6.7044435E-006
          5037.89     -6.5329317E-006
          5049.18     -6.3660410E-006
          5060.47     -6.2036401E-006
          5071.76     -6.0456010E-006
          5083.05     -5.8917993E-006
          5094.34     -5.7421149E-006
          5105.62     -5.5964305E-006
          5116.91     -5.4546325E-006
          5128.20     -5.3166104E-006
          5139.49     -5.1822568E-006
          5150.78     -5.0514680E-006
          5162.07     -4.9241426E-006
          5173.36     -4.8001823E-006
          5184.65     -4.6794919E-006
          5195.94     -4.5619788E-006
          5207.23     -4.4475528E-006
          5218.52     -4.3361266E-006
          5229.80     -4.2276151E-006
          5241.09     -4.1219362E-006
          5252.38     -4.0190094E-006
          5263.67     -3.9187571E-006
          5274.96     -3.8211036E-006
          5286.25     -3.7259755E-006
          5297.54     -3.6333013E-006
          5308.83     -3.5430118E-006
          5320.12     -3.4550394E-006
          5331.41     -3.3693188E-006
          5342.70     -3.2857863E-006
          5353.98     -3.2043800E-006
          5365.27     -3.1250398E-006
          5376.56     -3.0477074E-006
          5387.85     -2.9723259E-006
          5399.14     -2.8988401E-006
          5410.43     -2.8271963E-006
          5421.72     -2.7573424E-006
          5433.01     -2.6892275E-006
          5444.30     -2.6228024E-006
          5455.59     -2.5580192E-006
          5466.88     -2.4948310E-006
          5478.16     -2.4331926E-006
          5489.45     -2.3730597E-006
          5500.74     -2.3143894E-006
          5512.03     -2.2571399E-006
          5523.32     -2.2012706E-006
          5534.61     -2.1467418E-006
          5545.90     -2.0935151E-006
          5557.19     -2.0415530E-006
          5568.48     -1.9908189E-006
          5579.77     -1.9412772E-006
          5591.05     -1.8928934E-006
          5602.34     -1.8456338E-006
          5613.63     -1.7994656E-006
          5624.92     -1.7543566E-006
          5636.21     -1.7102759E-006
          5647.50     -1.6671929E-006
          5658.79     -1.6250781E-006
          5670.08     -1.5839026E-006
          5681.37     -1.5436383E-006
          5692.66     -1.5042577E-006
          5703.95     -1.4657341E-006
          5715.23     -1.4280413E-006
          5726.52     -1.3911538E-006
          5737.81     -1.3550468E-006
          5749.10     -1.3196959E-006
          5760.39     -1.2850775E-006
          5771.68     -1.2511683E-006
          5782.97     -1.2179458E-006
          5794.26     -1.1853877E-006
          5805.55     -1.1534725E-006
          5816.84     -1.1221791E-006
          5828.12     -1.0914867E-006
          5839.41     -1.0613751E-006
          5850.70     -1.0318245E-006
          5861.99     -1.0028155E-006
          5873.28     -9.7432912E-007
          5884.57     -9.4634675E-007
          5895.86     -9.1885014E-007
          5907.15     -8.9182145E-007
          5918.44     -8.6524312E-007
          5929.73     -8.3909795E-007
          5941.02     -8.1336906E-007
          5952.30     -7.8803984E-007
          5963.59     -7.6309405E-007
          5974.88     -7.3851567E-007
          5986.17     -7.1428893E-007
          5997.46     -6.9039839E-007
          6008.75     -6.6682880E-007
          6020.04     -6.4356515E-007
          6031.33     -6.2059267E-007
          6042.62     -5.9789678E-007
          6053.91     -5.7546315E-007
          6065.20     -5.5327761E-007
          6076.48     -5.3132613E-007
          6087.77     -5.0959497E-007
          6099.06     -4.8807043E-007
          6110.35     -4.6673905E-007
          6121.64     -4.4558745E-007
          6132.93     -4.2460243E-007
          6144.22     -4.0377092E-007
          6155.51     -3.8307995E-007
          6166.80     -3.6251665E-007
          6178.09     -3.4206828E-007
          6189.38     -3.2172218E-007
          6200.66     -3.0146577E-007
          6211.95     -2.8128656E-007
          6223.24     -2.6117208E-007
          6234.53     -2.4111001E-007
          6245.82     -2.2108802E-007
          6257.11     -2.0109382E-007
          6268.40     -1.8111521E-007
          6279.69     -1.6113998E-007
          6290.98     -1.4115595E-007
          6302.27     -1.2115095E-007
          6313.55     -1.0111283E-007
          6324.84     -8.1029456E-008
          6336.13     -6.0888668E-008
          6347.42     -4.0678276E-008
          6358.71     -2.0386130E-008
          6370.00      3.4489523E-043
