          3480.00     -2.3059593E-004
          3491.29     -2.3118957E-004
          3502.58     -2.3175588E-004
          3513.87     -2.3229552E-004
          3525.16     -2.3280914E-004
          3536.45     -2.3329734E-004
          3547.73     -2.3376074E-004
          3559.02     -2.3419991E-004
          3570.31     -2.3461544E-004
          3581.60     -2.3500786E-004
          3592.89     -2.3537772E-004
          3604.18     -2.3572480E-004
          3615.47     -2.3604836E-004
          3626.76     -2.3634888E-004
          3638.05     -2.3662686E-004
          3649.34     -2.3688275E-004
          3660.62     -2.3711702E-004
          3671.91     -2.3733010E-004
          3683.20     -2.3752241E-004
          3694.49     -2.3769438E-004
          3705.78     -2.3784640E-004
          3717.07     -2.3797887E-004
          3728.36     -2.3809218E-004
          3739.65     -2.3818668E-004
          3750.94     -2.3826275E-004
          3762.23     -2.3832073E-004
          3773.52     -2.3836097E-004
          3784.80     -2.3838378E-004
          3796.09     -2.3838952E-004
          3807.38     -2.3837879E-004
          3818.67     -2.3835188E-004
          3829.96     -2.3830909E-004
          3841.25     -2.3825070E-004
          3852.54     -2.3817699E-004
          3863.83     -2.3808822E-004
          3875.12     -2.3798466E-004
          3886.41     -2.3786656E-004
          3897.70     -2.3773416E-004
          3908.98     -2.3758772E-004
          3920.27     -2.3742745E-004
          3931.56     -2.3725358E-004
          3942.85     -2.3706634E-004
          3954.14     -2.3686615E-004
          3965.43     -2.3665327E-004
          3976.72     -2.3642791E-004
          3988.01     -2.3619025E-004
          3999.30     -2.3594049E-004
          4010.59     -2.3567880E-004
          4021.88     -2.3540536E-004
          4033.16     -2.3512035E-004
          4044.45     -2.3482392E-004
          4055.74     -2.3451625E-004
          4067.03     -2.3419748E-004
          4078.32     -2.3386777E-004
          4089.61     -2.3352728E-004
          4100.90     -2.3317614E-004
          4112.19     -2.3281450E-004
          4123.48     -2.3244250E-004
          4134.77     -2.3206026E-004
          4146.05     -2.3166792E-004
          4157.34     -2.3126560E-004
          4168.63     -2.3085342E-004
          4179.92     -2.3043148E-004
          4191.21     -2.2999991E-004
          4202.50     -2.2955882E-004
          4213.79     -2.2910831E-004
          4225.08     -2.2864848E-004
          4236.37     -2.2817942E-004
          4247.66     -2.2770124E-004
          4258.95     -2.2721400E-004
          4270.23     -2.2671779E-004
          4281.52     -2.2621269E-004
          4292.81     -2.2569880E-004
          4304.10     -2.2517619E-004
          4315.39     -2.2464495E-004
          4326.68     -2.2410515E-004
          4337.97     -2.2355686E-004
          4349.26     -2.2300015E-004
          4360.55     -2.2243510E-004
          4371.84     -2.2186214E-004
          4383.12     -2.2128095E-004
          4394.41     -2.2069160E-004
          4405.70     -2.2009412E-004
          4416.99     -2.1948854E-004
          4428.28     -2.1887495E-004
          4439.57     -2.1825338E-004
          4450.86     -2.1762390E-004
          4462.15     -2.1698654E-004
          4473.44     -2.1634137E-004
          4484.73     -2.1568843E-004
          4496.02     -2.1502777E-004
          4507.30     -2.1435941E-004
          4518.59     -2.1368342E-004
          4529.88     -2.1299983E-004
          4541.17     -2.1230867E-004
          4552.46     -2.1161000E-004
          4563.75     -2.1090385E-004
          4575.04     -2.1019027E-004
          4586.33     -2.0946928E-004
          4597.62     -2.0874091E-004
          4608.91     -2.0800520E-004
          4620.20     -2.0726216E-004
          4631.48     -2.0651184E-004
          4642.77     -2.0575424E-004
          4654.06     -2.0498940E-004
          4665.35     -2.0421734E-004
          4676.64     -2.0343809E-004
          4687.93     -2.0265165E-004
          4699.22     -2.0185805E-004
          4710.51     -2.0105730E-004
          4721.80     -2.0024943E-004
          4733.09     -1.9943444E-004
          4744.38     -1.9861235E-004
          4755.66     -1.9778318E-004
          4766.95     -1.9694694E-004
          4778.24     -1.9610364E-004
          4789.53     -1.9525328E-004
          4800.82     -1.9439589E-004
          4812.11     -1.9353147E-004
          4823.40     -1.9266002E-004
          4834.69     -1.9178156E-004
          4845.98     -1.9089609E-004
          4857.27     -1.9000358E-004
          4868.55     -1.8910404E-004
          4879.84     -1.8819748E-004
          4891.13     -1.8728389E-004
          4902.42     -1.8636328E-004
          4913.71     -1.8543566E-004
          4925.00     -1.8450101E-004
          4936.29     -1.8355935E-004
          4947.58     -1.8261068E-004
          4958.87     -1.8165499E-004
          4970.16     -1.8069228E-004
          4981.45     -1.7972254E-004
          4992.73     -1.7874578E-004
          5004.02     -1.7776196E-004
          5015.31     -1.7677107E-004
          5026.60     -1.7577310E-004
          5037.89     -1.7476805E-004
          5049.18     -1.7375590E-004
          5060.47     -1.7273667E-004
          5071.76     -1.7171033E-004
          5083.05     -1.7067689E-004
          5094.34     -1.6963633E-004
          5105.62     -1.6858865E-004
          5116.91     -1.6753384E-004
          5128.20     -1.6647189E-004
          5139.49     -1.6540278E-004
          5150.78     -1.6432650E-004
          5162.07     -1.6324301E-004
          5173.36     -1.6215230E-004
          5184.65     -1.6105436E-004
          5195.94     -1.5994919E-004
          5207.23     -1.5883676E-004
          5218.52     -1.5771706E-004
          5229.80     -1.5659009E-004
          5241.09     -1.5545583E-004
          5252.38     -1.5431427E-004
          5263.67     -1.5316538E-004
          5274.96     -1.5200917E-004
          5286.25     -1.5084561E-004
          5297.54     -1.4967468E-004
          5308.83     -1.4849634E-004
          5320.12     -1.4731057E-004
          5331.41     -1.4611737E-004
          5342.70     -1.4491671E-004
          5353.98     -1.4370858E-004
          5365.27     -1.4249297E-004
          5376.56     -1.4126986E-004
          5387.85     -1.4003922E-004
          5399.14     -1.3880103E-004
          5410.43     -1.3755528E-004
          5421.72     -1.3630194E-004
          5433.01     -1.3504100E-004
          5444.30     -1.3377244E-004
          5455.59     -1.3249619E-004
          5466.88     -1.3121223E-004
          5478.16     -1.2992055E-004
          5489.45     -1.2862111E-004
          5500.74     -1.2731391E-004
          5512.03     -1.2599893E-004
          5523.32     -1.2467614E-004
          5534.61     -1.2334553E-004
          5545.90     -1.2200707E-004
          5557.19     -1.2066075E-004
          5568.48     -1.1930655E-004
          5579.77     -1.1794380E-004
          5591.05     -1.1657241E-004
          5602.34     -1.1519237E-004
          5613.63     -1.1380369E-004
          5624.92     -1.1240637E-004
          5636.21     -1.1100041E-004
          5647.50     -1.0958582E-004
          5658.79     -1.0816258E-004
          5670.08     -1.0673067E-004
          5681.37     -1.0528610E-004
          5692.66     -1.0382900E-004
          5703.95     -1.0235952E-004
          5715.23     -1.0087778E-004
          5726.52     -9.9383930E-005
          5737.81     -9.7878102E-005
          5749.10     -9.6360431E-005
          5760.39     -9.4831052E-005
          5771.68     -9.3290098E-005
          5782.97     -9.1738012E-005
          5794.26     -9.0178157E-005
          5805.55     -8.8610523E-005
          5816.84     -8.7035105E-005
          5828.12     -8.5451895E-005
          5839.41     -8.3860886E-005
          5850.70     -8.2262069E-005
          5861.99     -8.0655435E-005
          5873.28     -7.9040978E-005
          5884.57     -7.7418690E-005
          5895.86     -7.5788560E-005
          5907.15     -7.4150567E-005
          5918.44     -7.2503581E-005
          5929.73     -7.0847643E-005
          5941.02     -6.9182801E-005
          5952.30     -6.7509095E-005
          5963.59     -6.5826574E-005
          5974.88     -6.4135083E-005
          5986.17     -6.2434419E-005
          5997.46     -6.0724653E-005
          6008.75     -5.9005849E-005
          6020.04     -5.7278080E-005
          6031.33     -5.5542607E-005
          6042.62     -5.3799424E-005
          6053.91     -5.2048537E-005
          6065.20     -5.0289941E-005
          6076.48     -4.8524002E-005
          6087.77     -4.6750966E-005
          6099.06     -4.4970791E-005
          6110.35     -4.3183438E-005
          6121.64     -4.1388681E-005
          6132.93     -3.9585440E-005
          6144.22     -3.7773762E-005
          6155.51     -3.5954096E-005
          6166.80     -3.4126486E-005
          6178.09     -3.2291830E-005
          6189.38     -3.0450412E-005
          6200.66     -2.8602147E-005
          6211.95     -2.6746948E-005
          6223.24     -2.4884727E-005
          6234.53     -2.3015396E-005
          6245.82     -2.1138871E-005
          6257.11     -1.9255061E-005
          6268.40     -1.7363889E-005
          6279.69     -1.5465327E-005
          6290.98     -1.3559296E-005
          6302.27     -1.1645695E-005
          6313.55     -9.7244274E-006
          6324.84     -7.7954179E-006
          6336.13     -5.8585868E-006
          6347.42     -3.9138180E-006
          6358.71     -1.9610040E-006
          6370.00     -1.9198903E-039
