          3480.00     -2.3059593E-004
          3491.29     -2.3089347E-004
          3502.58     -2.2970303E-004
          3513.87     -2.2727107E-004
          3525.16     -2.2381214E-004
          3536.45     -2.1951273E-004
          3547.73     -2.1453460E-004
          3559.02     -2.0901778E-004
          3570.31     -2.0308321E-004
          3581.60     -1.9683506E-004
          3592.89     -1.9036281E-004
          3604.18     -1.8374255E-004
          3615.47     -1.7703883E-004
          3626.76     -1.7030713E-004
          3638.05     -1.6359414E-004
          3649.34     -1.5693897E-004
          3660.62     -1.5037406E-004
          3671.91     -1.4392606E-004
          3683.20     -1.3761660E-004
          3694.49     -1.3146297E-004
          3705.78     -1.2547872E-004
          3717.07     -1.1967411E-004
          3728.36     -1.1405667E-004
          3739.65     -1.0863152E-004
          3750.94     -1.0340174E-004
          3762.23     -9.8368717E-005
          3773.52     -9.3532343E-005
          3784.80     -8.8891303E-005
          3796.09     -8.4443282E-005
          3807.38     -8.0185176E-005
          3818.67     -7.6113112E-005
          3829.96     -7.2222678E-005
          3841.25     -6.8509023E-005
          3852.54     -6.4966965E-005
          3863.83     -6.1591079E-005
          3875.12     -5.8375765E-005
          3886.41     -5.5315322E-005
          3897.70     -5.2403983E-005
          3908.98     -4.9635973E-005
          3920.27     -4.7005550E-005
          3931.56     -4.4507023E-005
          3942.85     -4.2134789E-005
          3954.14     -3.9883383E-005
          3965.43     -3.7747433E-005
          3976.72     -3.5721703E-005
          3988.01     -3.3801104E-005
          3999.30     -3.1980702E-005
          4010.59     -3.0255735E-005
          4021.88     -2.8621602E-005
          4033.16     -2.7073874E-005
          4044.45     -2.5608291E-005
          4055.74     -2.4220762E-005
          4067.03     -2.2907369E-005
          4078.32     -2.1664355E-005
          4089.61     -2.0488126E-005
          4100.90     -1.9375251E-005
          4112.19     -1.8322451E-005
          4123.48     -1.7326598E-005
          4134.77     -1.6384712E-005
          4146.05     -1.5493953E-005
          4157.34     -1.4651619E-005
          4168.63     -1.3855139E-005
          4179.92     -1.3102069E-005
          4191.21     -1.2390088E-005
          4202.50     -1.1716988E-005
          4213.79     -1.1080678E-005
          4225.08     -1.0479170E-005
          4236.37     -9.9105801E-006
          4247.66     -9.3731221E-006
          4258.95     -8.8651017E-006
          4270.23     -8.3849144E-006
          4281.52     -7.9310416E-006
          4292.81     -7.5020439E-006
          4304.10     -7.0965590E-006
          4315.39     -6.7132975E-006
          4326.68     -6.3510387E-006
          4337.97     -6.0086290E-006
          4349.26     -5.6849758E-006
          4360.55     -5.3790461E-006
          4371.84     -5.0898710E-006
          4383.12     -4.8165188E-006
          4394.41     -4.5581166E-006
          4405.70     -4.3138389E-006
          4416.99     -4.0829060E-006
          4428.28     -3.8645816E-006
          4439.57     -3.6581693E-006
          4450.86     -3.4630111E-006
          4462.15     -3.2784861E-006
          4473.44     -3.1040067E-006
          4484.73     -2.9390185E-006
          4496.02     -2.7829976E-006
          4507.30     -2.6354488E-006
          4518.59     -2.4959050E-006
          4529.88     -2.3639247E-006
          4541.17     -2.2390907E-006
          4552.46     -2.1210097E-006
          4563.75     -2.0093095E-006
          4575.04     -1.9036390E-006
          4586.33     -1.8036665E-006
          4597.62     -1.7090785E-006
          4608.91     -1.6195795E-006
          4620.20     -1.5348900E-006
          4631.48     -1.4547460E-006
          4642.77     -1.3788986E-006
          4654.06     -1.3071123E-006
          4665.35     -1.2391649E-006
          4676.64     -1.1748466E-006
          4687.93     -1.1139590E-006
          4699.22     -1.0563151E-006
          4710.51     -1.0017379E-006
          4721.80     -9.5006040E-007
          4733.09     -9.0112493E-007
          4744.38     -8.5478241E-007
          4755.66     -8.1089208E-007
          4766.95     -7.6932097E-007
          4778.24     -7.2994341E-007
          4789.53     -6.9264079E-007
          4800.82     -6.5730095E-007
          4812.11     -6.2381790E-007
          4823.40     -5.9209161E-007
          4834.69     -5.6202745E-007
          4845.98     -5.3353603E-007
          4857.27     -5.0653280E-007
          4868.55     -4.8093793E-007
          4879.84     -4.5667600E-007
          4891.13     -4.3367569E-007
          4902.42     -4.1186956E-007
          4913.71     -3.9119394E-007
          4925.00     -3.7158856E-007
          4936.29     -3.5299646E-007
          4947.58     -3.3536381E-007
          4958.87     -3.1863965E-007
          4970.16     -3.0277588E-007
          4981.45     -2.8772695E-007
          4992.73     -2.7344977E-007
          5004.02     -2.5990360E-007
          5015.31     -2.4704990E-007
          5026.60     -2.3485224E-007
          5037.89     -2.2327614E-007
          5049.18     -2.1228898E-007
          5060.47     -2.0185993E-007
          5071.76     -1.9195979E-007
          5083.05     -1.8256090E-007
          5094.34     -1.7363715E-007
          5105.62     -1.6516377E-007
          5116.91     -1.5711735E-007
          5128.20     -1.4947570E-007
          5139.49     -1.4221785E-007
          5150.78     -1.3532391E-007
          5162.07     -1.2877505E-007
          5173.36     -1.2255346E-007
          5184.65     -1.1664229E-007
          5195.94     -1.1102555E-007
          5207.23     -1.0568812E-007
          5218.52     -1.0061567E-007
          5229.80     -9.5794612E-008
          5241.09     -9.1212107E-008
          5252.38     -8.6855965E-008
          5263.67     -8.2714641E-008
          5274.96     -7.8777204E-008
          5286.25     -7.5033287E-008
          5297.54     -7.1473063E-008
          5308.83     -6.8087215E-008
          5320.12     -6.4866920E-008
          5331.41     -6.1803817E-008
          5342.70     -5.8889977E-008
          5353.98     -5.6117880E-008
          5365.27     -5.3480404E-008
          5376.56     -5.0970792E-008
          5387.85     -4.8582629E-008
          5399.14     -4.6309835E-008
          5410.43     -4.4146644E-008
          5421.72     -4.2087593E-008
          5433.01     -4.0127492E-008
          5444.30     -3.8261418E-008
          5455.59     -3.6484696E-008
          5466.88     -3.4792895E-008
          5478.16     -3.3181814E-008
          5489.45     -3.1647463E-008
          5500.74     -3.0186059E-008
          5512.03     -2.8794011E-008
          5523.32     -2.7467910E-008
          5534.61     -2.6204517E-008
          5545.90     -2.5000762E-008
          5557.19     -2.3853730E-008
          5568.48     -2.2760649E-008
          5579.77     -2.1718801E-008
          5591.05     -2.0725686E-008
          5602.34     -1.9778949E-008
          5613.63     -1.8876350E-008
          5624.92     -1.8015760E-008
          5636.21     -1.7195157E-008
          5647.50     -1.6412620E-008
          5658.79     -1.5666322E-008
          5670.08     -1.4954525E-008
          5681.37     -1.4275164E-008
          5692.66     -1.3626731E-008
          5703.95     -1.3007783E-008
          5715.23     -1.2416943E-008
          5726.52     -1.1852900E-008
          5737.81     -1.1314399E-008
          5749.10     -1.0800243E-008
          5760.39     -1.0309291E-008
          5771.68     -9.8404498E-009
          5782.97     -9.3927017E-009
          5794.26     -8.9652836E-009
          5805.55     -8.5572095E-009
          5816.84     -8.1675417E-009
          5828.12     -7.7953865E-009
          5839.41     -7.4398937E-009
          5850.70     -7.1002532E-009
          5861.99     -6.7756934E-009
          5873.28     -6.4654800E-009
          5884.57     -6.1689126E-009
          5895.86     -5.8853235E-009
          5907.15     -5.6140762E-009
          5918.44     -5.3545077E-009
          5929.73     -5.1060473E-009
          5941.02     -4.8681499E-009
          5952.30     -4.6402944E-009
          5963.59     -4.4219833E-009
          5974.88     -4.2127317E-009
          5986.17     -4.0120747E-009
          5997.46     -3.8195790E-009
          6008.75     -3.6348293E-009
          6020.04     -3.4574279E-009
          6031.33     -3.2870364E-009
          6042.62     -3.1232821E-009
          6053.91     -2.9658081E-009
          6065.20     -2.8142718E-009
          6076.48     -2.6683558E-009
          6087.77     -2.5277511E-009
          6099.06     -2.3921510E-009
          6110.35     -2.2612610E-009
          6121.64     -2.1347926E-009
          6132.93     -2.0124455E-009
          6144.22     -1.8939624E-009
          6155.51     -1.7791045E-009
          6166.80     -1.6676297E-009
          6178.09     -1.5593232E-009
          6189.38     -1.4539605E-009
          6200.66     -1.3513149E-009
          6211.95     -1.2511669E-009
          6223.24     -1.1533025E-009
          6234.53     -1.0575138E-009
          6245.82     -9.6359816E-010
          6257.11     -8.7135726E-010
          6268.40     -7.8059757E-010
          6279.69     -6.9112976E-010
          6290.98     -6.0276712E-010
          6302.27     -5.1532559E-010
          6313.55     -4.2862378E-010
          6324.84     -3.4248285E-010
          6336.13     -2.5672547E-010
          6347.42     -1.7117553E-010
          6358.71     -8.5658371E-011
          6370.00      2.1415624E-045
