          3480.00     -1.8518519E-004
          3491.29     -1.8540698E-004
          3502.58     -1.8450399E-004
          3513.87     -1.8265800E-004
          3525.16     -1.8002781E-004
          3536.45     -1.7675191E-004
          3547.73     -1.7295087E-004
          3559.02     -1.6872943E-004
          3570.31     -1.6417837E-004
          3581.60     -1.5937619E-004
          3592.89     -1.5439054E-004
          3604.18     -1.4927957E-004
          3615.47     -1.4409304E-004
          3626.76     -1.3887335E-004
          3638.05     -1.3365647E-004
          3649.34     -1.2847269E-004
          3660.62     -1.2334740E-004
          3671.91     -1.1830162E-004
          3683.20     -1.1335263E-004
          3694.49     -1.0851445E-004
          3705.78     -1.0379822E-004
          3717.07     -9.9212626E-005
          3728.36     -9.4764228E-005
          3739.65     -9.0457751E-005
          3750.94     -8.6296332E-005
          3762.23     -8.2281764E-005
          3773.52     -7.8414693E-005
          3784.80     -7.4694790E-005
          3796.09     -7.1120915E-005
          3807.38     -6.7691237E-005
          3818.67     -6.4403359E-005
          3829.96     -6.1254430E-005
          3841.25     -5.8241215E-005
          3852.54     -5.5360189E-005
          3863.83     -5.2607594E-005
          3875.12     -4.9979503E-005
          3886.41     -4.7471872E-005
          3897.70     -4.5080573E-005
          3908.98     -4.2801436E-005
          3920.27     -4.0630289E-005
          3931.56     -3.8562968E-005
          3942.85     -3.6595349E-005
          3954.14     -3.4723366E-005
          3965.43     -3.2943022E-005
          3976.72     -3.1250410E-005
          3988.01     -2.9641712E-005
          3999.30     -2.8113212E-005
          4010.59     -2.6661307E-005
          4021.88     -2.5282502E-005
          4033.16     -2.3973419E-005
          4044.45     -2.2730797E-005
          4055.74     -2.1551494E-005
          4067.03     -2.0432489E-005
          4078.32     -1.9370874E-005
          4089.61     -1.8363861E-005
          4100.90     -1.7408777E-005
          4112.19     -1.6503060E-005
          4123.48     -1.5644260E-005
          4134.77     -1.4830034E-005
          4146.05     -1.4058143E-005
          4157.34     -1.3326450E-005
          4168.63     -1.2632917E-005
          4179.92     -1.1975599E-005
          4191.21     -1.1352645E-005
          4202.50     -1.0762291E-005
          4213.79     -1.0202856E-005
          4225.08     -9.6727447E-006
          4236.37     -9.1704359E-006
          4247.66     -8.6944861E-006
          4258.95     -8.2435222E-006
          4270.23     -7.8162396E-006
          4281.52     -7.4114005E-006
          4292.81     -7.0278286E-006
          4304.10     -6.6644076E-006
          4315.39     -6.3200785E-006
          4326.68     -5.9938359E-006
          4337.97     -5.6847275E-006
          4349.26     -5.3918491E-006
          4360.55     -5.1143435E-006
          4371.84     -4.8513989E-006
          4383.12     -4.6022449E-006
          4394.41     -4.3661519E-006
          4405.70     -4.1424285E-006
          4416.99     -3.9304194E-006
          4428.28     -3.7295045E-006
          4439.57     -3.5390957E-006
          4450.86     -3.3586362E-006
          4462.15     -3.1875990E-006
          4473.44     -3.0254846E-006
          4484.73     -2.8718203E-006
          4496.02     -2.7261584E-006
          4507.30     -2.5880749E-006
          4518.59     -2.4571687E-006
          4529.88     -2.3330599E-006
          4541.17     -2.2153888E-006
          4552.46     -2.1038149E-006
          4563.75     -1.9980161E-006
          4575.04     -1.8976872E-006
          4586.33     -1.8025393E-006
          4597.62     -1.7122992E-006
          4608.91     -1.6267082E-006
          4620.20     -1.5455212E-006
          4631.48     -1.4685065E-006
          4642.77     -1.3954446E-006
          4654.06     -1.3261278E-006
          4665.35     -1.2603594E-006
          4676.64     -1.1979533E-006
          4687.93     -1.1387332E-006
          4699.22     -1.0825325E-006
          4710.51     -1.0291931E-006
          4721.80     -9.7856549E-007
          4733.09     -9.3050827E-007
          4744.38     -8.8488736E-007
          4755.66     -8.4157591E-007
          4766.95     -8.0045378E-007
          4778.24     -7.6140720E-007
          4789.53     -7.2432852E-007
          4800.82     -6.8911573E-007
          4812.11     -6.5567220E-007
          4823.40     -6.2390653E-007
          4834.69     -5.9373205E-007
          4845.98     -5.6506671E-007
          4857.27     -5.3783280E-007
          4868.55     -5.1195666E-007
          4879.84     -4.8736861E-007
          4891.13     -4.6400255E-007
          4902.42     -4.4179588E-007
          4913.71     -4.2068934E-007
          4925.00     -4.0062671E-007
          4936.29     -3.8155474E-007
          4947.58     -3.6342299E-007
          4958.87     -3.4618361E-007
          4970.16     -3.2979132E-007
          4981.45     -3.1420315E-007
          4992.73     -2.9937836E-007
          5004.02     -2.8527839E-007
          5015.31     -2.7186663E-007
          5026.60     -2.5910839E-007
          5037.89     -2.4697078E-007
          5049.18     -2.3542260E-007
          5060.47     -2.2443428E-007
          5071.76     -2.1397778E-007
          5083.05     -2.0402648E-007
          5094.34     -1.9455516E-007
          5105.62     -1.8553988E-007
          5116.91     -1.7695793E-007
          5128.20     -1.6878778E-007
          5139.49     -1.6100898E-007
          5150.78     -1.5360215E-007
          5162.07     -1.4654888E-007
          5173.36     -1.3983170E-007
          5184.65     -1.3343404E-007
          5195.94     -1.2734018E-007
          5207.23     -1.2153517E-007
          5218.52     -1.1600484E-007
          5229.80     -1.1073573E-007
          5241.09     -1.0571506E-007
          5252.38     -1.0093070E-007
          5263.67     -9.6371120E-008
          5274.96     -9.2025388E-008
          5286.25     -8.7883106E-008
          5297.54     -8.3934400E-008
          5308.83     -8.0169895E-008
          5320.12     -7.6580677E-008
          5331.41     -7.3158288E-008
          5342.70     -6.9894684E-008
          5353.98     -6.6782218E-008
          5365.27     -6.3813634E-008
          5376.56     -6.0982027E-008
          5387.85     -5.8280835E-008
          5399.14     -5.5703822E-008
          5410.43     -5.3245057E-008
          5421.72     -5.0898907E-008
          5433.01     -4.8660011E-008
          5444.30     -4.6523271E-008
          5455.59     -4.4483843E-008
          5466.88     -4.2537116E-008
          5478.16     -4.0678706E-008
          5489.45     -3.8904441E-008
          5500.74     -3.7210353E-008
          5512.03     -3.5592670E-008
          5523.32     -3.4047797E-008
          5534.61     -3.2572317E-008
          5545.90     -3.1162977E-008
          5557.19     -2.9816681E-008
          5568.48     -2.8530481E-008
          5579.77     -2.7301572E-008
          5591.05     -2.6127281E-008
          5602.34     -2.5005067E-008
          5613.63     -2.3932506E-008
          5624.92     -2.2907292E-008
          5636.21     -2.1927229E-008
          5647.50     -2.0990222E-008
          5658.79     -2.0094278E-008
          5670.08     -1.9237498E-008
          5681.37     -1.8418069E-008
          5692.66     -1.7634268E-008
          5703.95     -1.6884449E-008
          5715.23     -1.6167045E-008
          5726.52     -1.5480561E-008
          5737.81     -1.4823571E-008
          5749.10     -1.4194717E-008
          5760.39     -1.3592700E-008
          5771.68     -1.3016285E-008
          5782.97     -1.2464292E-008
          5794.26     -1.1935593E-008
          5805.55     -1.1429113E-008
          5816.84     -1.0943827E-008
          5828.12     -1.0478754E-008
          5839.41     -1.0032957E-008
          5850.70     -9.6055432E-009
          5861.99     -9.1956569E-009
          5873.28     -8.8024824E-009
          5884.57     -8.4252384E-009
          5895.86     -8.0631779E-009
          5907.15     -7.7155874E-009
          5918.44     -7.3817831E-009
          5929.73     -7.0611109E-009
          5941.02     -6.7529442E-009
          5952.30     -6.4566827E-009
          5963.59     -6.1717521E-009
          5974.88     -5.8976006E-009
          5986.17     -5.6336994E-009
          5997.46     -5.3795415E-009
          6008.75     -5.1346394E-009
          6020.04     -4.8985252E-009
          6031.33     -4.6707490E-009
          6042.62     -4.4508778E-009
          6053.91     -4.2384957E-009
          6065.20     -4.0332013E-009
          6076.48     -3.8346078E-009
          6087.77     -3.6423426E-009
          6099.06     -3.4560455E-009
          6110.35     -3.2753685E-009
          6121.64     -3.0999750E-009
          6132.93     -2.9295390E-009
          6144.22     -2.7637449E-009
          6155.51     -2.6022860E-009
          6166.80     -2.4448646E-009
          6178.09     -2.2911911E-009
          6189.38     -2.1409835E-009
          6200.66     -1.9939667E-009
          6211.95     -1.8498721E-009
          6223.24     -1.7084367E-009
          6234.53     -1.5694036E-009
          6245.82     -1.4325203E-009
          6257.11     -1.2975386E-009
          6268.40     -1.1642147E-009
          6279.69     -1.0323080E-009
          6290.98     -9.0158084E-010
          6302.27     -7.7179833E-010
          6313.55     -6.4272753E-010
          6324.84     -5.1413757E-010
          6336.13     -3.8579855E-010
          6347.42     -2.5748146E-010
          6358.71     -1.2895810E-010
          6370.00     -3.5100374E-046
