          3480.00     -1.8518519E-004
          3491.29     -1.8574656E-004
          3502.58     -1.8626761E-004
          3513.87     -1.8674964E-004
          3525.16     -1.8719391E-004
          3536.45     -1.8760165E-004
          3547.73     -1.8797405E-004
          3559.02     -1.8831223E-004
          3570.31     -1.8861732E-004
          3581.60     -1.8889036E-004
          3592.89     -1.8913241E-004
          3604.18     -1.8934444E-004
          3615.47     -1.8952744E-004
          3626.76     -1.8968232E-004
          3638.05     -1.8981000E-004
          3649.34     -1.8991133E-004
          3660.62     -1.8998717E-004
          3671.91     -1.9003832E-004
          3683.20     -1.9006558E-004
          3694.49     -1.9006971E-004
          3705.78     -1.9005143E-004
          3717.07     -1.9001147E-004
          3728.36     -1.8995050E-004
          3739.65     -1.8986920E-004
          3750.94     -1.8976821E-004
          3762.23     -1.8964814E-004
          3773.52     -1.8950960E-004
          3784.80     -1.8935317E-004
          3796.09     -1.8917942E-004
          3807.38     -1.8898888E-004
          3818.67     -1.8878207E-004
          3829.96     -1.8855952E-004
          3841.25     -1.8832170E-004
          3852.54     -1.8806909E-004
          3863.83     -1.8780216E-004
          3875.12     -1.8752134E-004
          3886.41     -1.8722706E-004
          3897.70     -1.8691973E-004
          3908.98     -1.8659977E-004
          3920.27     -1.8626755E-004
          3931.56     -1.8592344E-004
          3942.85     -1.8556782E-004
          3954.14     -1.8520102E-004
          3965.43     -1.8482339E-004
          3976.72     -1.8443525E-004
          3988.01     -1.8403692E-004
          3999.30     -1.8362869E-004
          4010.59     -1.8321088E-004
          4021.88     -1.8278375E-004
          4033.16     -1.8234759E-004
          4044.45     -1.8190266E-004
          4055.74     -1.8144921E-004
          4067.03     -1.8098749E-004
          4078.32     -1.8051775E-004
          4089.61     -1.8004020E-004
          4100.90     -1.7955508E-004
          4112.19     -1.7906259E-004
          4123.48     -1.7856295E-004
          4134.77     -1.7805635E-004
          4146.05     -1.7754299E-004
          4157.34     -1.7702305E-004
          4168.63     -1.7649671E-004
          4179.92     -1.7596414E-004
          4191.21     -1.7542552E-004
          4202.50     -1.7488099E-004
          4213.79     -1.7433072E-004
          4225.08     -1.7377485E-004
          4236.37     -1.7321353E-004
          4247.66     -1.7264689E-004
          4258.95     -1.7207507E-004
          4270.23     -1.7149819E-004
          4281.52     -1.7091639E-004
          4292.81     -1.7032976E-004
          4304.10     -1.6973844E-004
          4315.39     -1.6914253E-004
          4326.68     -1.6854212E-004
          4337.97     -1.6793733E-004
          4349.26     -1.6732825E-004
          4360.55     -1.6671498E-004
          4371.84     -1.6609759E-004
          4383.12     -1.6547618E-004
          4394.41     -1.6485082E-004
          4405.70     -1.6422160E-004
          4416.99     -1.6358859E-004
          4428.28     -1.6295186E-004
          4439.57     -1.6231148E-004
          4450.86     -1.6166751E-004
          4462.15     -1.6102001E-004
          4473.44     -1.6036905E-004
          4484.73     -1.5971468E-004
          4496.02     -1.5905695E-004
          4507.30     -1.5839591E-004
          4518.59     -1.5773161E-004
          4529.88     -1.5706410E-004
          4541.17     -1.5639342E-004
          4552.46     -1.5571961E-004
          4563.75     -1.5504270E-004
          4575.04     -1.5436274E-004
          4586.33     -1.5367976E-004
          4597.62     -1.5299378E-004
          4608.91     -1.5230484E-004
          4620.20     -1.5161297E-004
          4631.48     -1.5091819E-004
          4642.77     -1.5022053E-004
          4654.06     -1.4952000E-004
          4665.35     -1.4881662E-004
          4676.64     -1.4811043E-004
          4687.93     -1.4740142E-004
          4699.22     -1.4668962E-004
          4710.51     -1.4597503E-004
          4721.80     -1.4525768E-004
          4733.09     -1.4453757E-004
          4744.38     -1.4381470E-004
          4755.66     -1.4308910E-004
          4766.95     -1.4236075E-004
          4778.24     -1.4162967E-004
          4789.53     -1.4089586E-004
          4800.82     -1.4015932E-004
          4812.11     -1.3942006E-004
          4823.40     -1.3867806E-004
          4834.69     -1.3793333E-004
          4845.98     -1.3718587E-004
          4857.27     -1.3643567E-004
          4868.55     -1.3568272E-004
          4879.84     -1.3492703E-004
          4891.13     -1.3416857E-004
          4902.42     -1.3340735E-004
          4913.71     -1.3264335E-004
          4925.00     -1.3187657E-004
          4936.29     -1.3110698E-004
          4947.58     -1.3033459E-004
          4958.87     -1.2955937E-004
          4970.16     -1.2878131E-004
          4981.45     -1.2800040E-004
          4992.73     -1.2721662E-004
          5004.02     -1.2642996E-004
          5015.31     -1.2564039E-004
          5026.60     -1.2484789E-004
          5037.89     -1.2405246E-004
          5049.18     -1.2325406E-004
          5060.47     -1.2245269E-004
          5071.76     -1.2164831E-004
          5083.05     -1.2084090E-004
          5094.34     -1.2003045E-004
          5105.62     -1.1921693E-004
          5116.91     -1.1840031E-004
          5128.20     -1.1758057E-004
          5139.49     -1.1675769E-004
          5150.78     -1.1593164E-004
          5162.07     -1.1510239E-004
          5173.36     -1.1426992E-004
          5184.65     -1.1343419E-004
          5195.94     -1.1259519E-004
          5207.23     -1.1175288E-004
          5218.52     -1.1090723E-004
          5229.80     -1.1005821E-004
          5241.09     -1.0920580E-004
          5252.38     -1.0834995E-004
          5263.67     -1.0749065E-004
          5274.96     -1.0662786E-004
          5286.25     -1.0576155E-004
          5297.54     -1.0489168E-004
          5308.83     -1.0401822E-004
          5320.12     -1.0314113E-004
          5331.41     -1.0226040E-004
          5342.70     -1.0137597E-004
          5353.98     -1.0048782E-004
          5365.27     -9.9595902E-005
          5376.56     -9.8700192E-005
          5387.85     -9.7800650E-005
          5399.14     -9.6897240E-005
          5410.43     -9.5989924E-005
          5421.72     -9.5078667E-005
          5433.01     -9.4163429E-005
          5444.30     -9.3244173E-005
          5455.59     -9.2320863E-005
          5466.88     -9.1393457E-005
          5478.16     -9.0461919E-005
          5489.45     -8.9526207E-005
          5500.74     -8.8586283E-005
          5512.03     -8.7642108E-005
          5523.32     -8.6693640E-005
          5534.61     -8.5740838E-005
          5545.90     -8.4783663E-005
          5557.19     -8.3822074E-005
          5568.48     -8.2856028E-005
          5579.77     -8.1885484E-005
          5591.05     -8.0910398E-005
          5602.34     -7.9930731E-005
          5613.63     -7.8946439E-005
          5624.92     -7.7957477E-005
          5636.21     -7.6963805E-005
          5647.50     -7.5965377E-005
          5658.79     -7.4962151E-005
          5670.08     -7.3954082E-005
          5681.37     -7.2941125E-005
          5692.66     -7.1923238E-005
          5703.95     -7.0900373E-005
          5715.23     -6.9872486E-005
          5726.52     -6.8839533E-005
          5737.81     -6.7801468E-005
          5749.10     -6.6758244E-005
          5760.39     -6.5709815E-005
          5771.68     -6.4656135E-005
          5782.97     -6.3597158E-005
          5794.26     -6.2532836E-005
          5805.55     -6.1463123E-005
          5816.84     -6.0387971E-005
          5828.12     -5.9307334E-005
          5839.41     -5.8221162E-005
          5850.70     -5.7129409E-005
          5861.99     -5.6032025E-005
          5873.28     -5.4928963E-005
          5884.57     -5.3820174E-005
          5895.86     -5.2705607E-005
          5907.15     -5.1585217E-005
          5918.44     -5.0458952E-005
          5929.73     -4.9326763E-005
          5941.02     -4.8188600E-005
          5952.30     -4.7044413E-005
          5963.59     -4.5894153E-005
          5974.88     -4.4737768E-005
          5986.17     -4.3575208E-005
          5997.46     -4.2406423E-005
          6008.75     -4.1231362E-005
          6020.04     -4.0049973E-005
          6031.33     -3.8862205E-005
          6042.62     -3.7668005E-005
          6053.91     -3.6467324E-005
          6065.20     -3.5260108E-005
          6076.48     -3.4046304E-005
          6087.77     -3.2825862E-005
          6099.06     -3.1598729E-005
          6110.35     -3.0364851E-005
          6121.64     -2.9124176E-005
          6132.93     -2.7876649E-005
          6144.22     -2.6622220E-005
          6155.51     -2.5360833E-005
          6166.80     -2.4092433E-005
          6178.09     -2.2816970E-005
          6189.38     -2.1534388E-005
          6200.66     -2.0244632E-005
          6211.95     -1.8947648E-005
          6223.24     -1.7643381E-005
          6234.53     -1.6331777E-005
          6245.82     -1.5012781E-005
          6257.11     -1.3686336E-005
          6268.40     -1.2352389E-005
          6279.69     -1.1010884E-005
          6290.98     -9.6617641E-006
          6302.27     -8.3049740E-006
          6313.55     -6.9404562E-006
          6324.84     -5.5681570E-006
          6336.13     -4.1880187E-006
          6347.42     -2.7999832E-006
          6358.71     -1.4039964E-006
          6370.00     -8.0377310E-040
