          3480.00     -1.8518519E-004
          3491.29     -1.8591404E-004
          3502.58     -1.8652820E-004
          3513.87     -1.8703347E-004
          3525.16     -1.8743538E-004
          3536.45     -1.8773921E-004
          3547.73     -1.8795002E-004
          3559.02     -1.8807260E-004
          3570.31     -1.8811157E-004
          3581.60     -1.8807130E-004
          3592.89     -1.8795597E-004
          3604.18     -1.8776959E-004
          3615.47     -1.8751596E-004
          3626.76     -1.8719871E-004
          3638.05     -1.8682133E-004
          3649.34     -1.8638712E-004
          3660.62     -1.8589924E-004
          3671.91     -1.8536071E-004
          3683.20     -1.8477440E-004
          3694.49     -1.8414307E-004
          3705.78     -1.8346933E-004
          3717.07     -1.8275568E-004
          3728.36     -1.8200451E-004
          3739.65     -1.8121809E-004
          3750.94     -1.8039859E-004
          3762.23     -1.7954807E-004
          3773.52     -1.7866852E-004
          3784.80     -1.7776181E-004
          3796.09     -1.7682973E-004
          3807.38     -1.7587401E-004
          3818.67     -1.7489626E-004
          3829.96     -1.7389803E-004
          3841.25     -1.7288083E-004
          3852.54     -1.7184604E-004
          3863.83     -1.7079502E-004
          3875.12     -1.6972904E-004
          3886.41     -1.6864934E-004
          3897.70     -1.6755706E-004
          3908.98     -1.6645331E-004
          3920.27     -1.6533915E-004
          3931.56     -1.6421558E-004
          3942.85     -1.6308354E-004
          3954.14     -1.6194395E-004
          3965.43     -1.6079767E-004
          3976.72     -1.5964552E-004
          3988.01     -1.5848827E-004
          3999.30     -1.5732666E-004
          4010.59     -1.5616141E-004
          4021.88     -1.5499317E-004
          4033.16     -1.5382258E-004
          4044.45     -1.5265023E-004
          4055.74     -1.5147671E-004
          4067.03     -1.5030254E-004
          4078.32     -1.4912824E-004
          4089.61     -1.4795430E-004
          4100.90     -1.4678117E-004
          4112.19     -1.4560929E-004
          4123.48     -1.4443906E-004
          4134.77     -1.4327089E-004
          4146.05     -1.4210512E-004
          4157.34     -1.4094211E-004
          4168.63     -1.3978218E-004
          4179.92     -1.3862563E-004
          4191.21     -1.3747277E-004
          4202.50     -1.3632385E-004
          4213.79     -1.3517914E-004
          4225.08     -1.3403887E-004
          4236.37     -1.3290327E-004
          4247.66     -1.3177254E-004
          4258.95     -1.3064689E-004
          4270.23     -1.2952649E-004
          4281.52     -1.2841152E-004
          4292.81     -1.2730213E-004
          4304.10     -1.2619847E-004
          4315.39     -1.2510069E-004
          4326.68     -1.2400889E-004
          4337.97     -1.2292320E-004
          4349.26     -1.2184373E-004
          4360.55     -1.2077058E-004
          4371.84     -1.1970382E-004
          4383.12     -1.1864355E-004
          4394.41     -1.1758983E-004
          4405.70     -1.1654273E-004
          4416.99     -1.1550230E-004
          4428.28     -1.1446861E-004
          4439.57     -1.1344169E-004
          4450.86     -1.1242158E-004
          4462.15     -1.1140831E-004
          4473.44     -1.1040191E-004
          4484.73     -1.0940241E-004
          4496.02     -1.0840982E-004
          4507.30     -1.0742414E-004
          4518.59     -1.0644539E-004
          4529.88     -1.0547357E-004
          4541.17     -1.0450868E-004
          4552.46     -1.0355072E-004
          4563.75     -1.0259966E-004
          4575.04     -1.0165551E-004
          4586.33     -1.0071823E-004
          4597.62     -9.9787823E-005
          4608.91     -9.8864255E-005
          4620.20     -9.7947501E-005
          4631.48     -9.7037533E-005
          4642.77     -9.6134321E-005
          4654.06     -9.5237831E-005
          4665.35     -9.4348025E-005
          4676.64     -9.3464867E-005
          4687.93     -9.2588315E-005
          4699.22     -9.1718327E-005
          4710.51     -9.0854860E-005
          4721.80     -8.9997865E-005
          4733.09     -8.9147297E-005
          4744.38     -8.8303105E-005
          4755.66     -8.7465239E-005
          4766.95     -8.6633645E-005
          4778.24     -8.5808271E-005
          4789.53     -8.4989061E-005
          4800.82     -8.4175959E-005
          4812.11     -8.3368907E-005
          4823.40     -8.2567849E-005
          4834.69     -8.1772723E-005
          4845.98     -8.0983470E-005
          4857.27     -8.0200028E-005
          4868.55     -7.9422336E-005
          4879.84     -7.8650331E-005
          4891.13     -7.7883949E-005
          4902.42     -7.7123126E-005
          4913.71     -7.6367799E-005
          4925.00     -7.5617900E-005
          4936.29     -7.4873366E-005
          4947.58     -7.4134129E-005
          4958.87     -7.3400122E-005
          4970.16     -7.2671279E-005
          4981.45     -7.1947532E-005
          4992.73     -7.1228814E-005
          5004.02     -7.0515056E-005
          5015.31     -6.9806189E-005
          5026.60     -6.9102146E-005
          5037.89     -6.8402857E-005
          5049.18     -6.7708253E-005
          5060.47     -6.7018265E-005
          5071.76     -6.6332824E-005
          5083.05     -6.5651859E-005
          5094.34     -6.4975302E-005
          5105.62     -6.4303082E-005
          5116.91     -6.3635130E-005
          5128.20     -6.2971375E-005
          5139.49     -6.2311747E-005
          5150.78     -6.1656178E-005
          5162.07     -6.1004596E-005
          5173.36     -6.0356932E-005
          5184.65     -5.9713115E-005
          5195.94     -5.9073076E-005
          5207.23     -5.8436745E-005
          5218.52     -5.7804051E-005
          5229.80     -5.7174924E-005
          5241.09     -5.6549295E-005
          5252.38     -5.5927095E-005
          5263.67     -5.5308252E-005
          5274.96     -5.4692698E-005
          5286.25     -5.4080363E-005
          5297.54     -5.3471178E-005
          5308.83     -5.2865072E-005
          5320.12     -5.2261977E-005
          5331.41     -5.1661823E-005
          5342.70     -5.1064542E-005
          5353.98     -5.0470063E-005
          5365.27     -4.9878319E-005
          5376.56     -4.9289240E-005
          5387.85     -4.8702759E-005
          5399.14     -4.8118805E-005
          5410.43     -4.7537310E-005
          5421.72     -4.6958207E-005
          5433.01     -4.6381426E-005
          5444.30     -4.5806900E-005
          5455.59     -4.5234560E-005
          5466.88     -4.4664339E-005
          5478.16     -4.4096169E-005
          5489.45     -4.3529982E-005
          5500.74     -4.2965709E-005
          5512.03     -4.2403285E-005
          5523.32     -4.1842641E-005
          5534.61     -4.1283709E-005
          5545.90     -4.0726423E-005
          5557.19     -4.0170716E-005
          5568.48     -3.9616520E-005
          5579.77     -3.9063768E-005
          5591.05     -3.8512394E-005
          5602.34     -3.7962330E-005
          5613.63     -3.7413511E-005
          5624.92     -3.6865868E-005
          5636.21     -3.6319337E-005
          5647.50     -3.5773849E-005
          5658.79     -3.5229340E-005
          5670.08     -3.4685742E-005
          5681.37     -3.4142988E-005
          5692.66     -3.3601014E-005
          5703.95     -3.3059752E-005
          5715.23     -3.2519137E-005
          5726.52     -3.1979102E-005
          5737.81     -3.1439581E-005
          5749.10     -3.0900508E-005
          5760.39     -3.0361818E-005
          5771.68     -2.9823443E-005
          5782.97     -2.9285319E-005
          5794.26     -2.8747379E-005
          5805.55     -2.8209557E-005
          5816.84     -2.7671788E-005
          5828.12     -2.7134005E-005
          5839.41     -2.6596143E-005
          5850.70     -2.6058135E-005
          5861.99     -2.5519915E-005
          5873.28     -2.4981419E-005
          5884.57     -2.4442579E-005
          5895.86     -2.3903329E-005
          5907.15     -2.3363604E-005
          5918.44     -2.2823338E-005
          5929.73     -2.2282464E-005
          5941.02     -2.1740916E-005
          5952.30     -2.1198627E-005
          5963.59     -2.0655533E-005
          5974.88     -2.0111566E-005
          5986.17     -1.9566659E-005
          5997.46     -1.9020748E-005
          6008.75     -1.8473764E-005
          6020.04     -1.7925641E-005
          6031.33     -1.7376313E-005
          6042.62     -1.6825712E-005
          6053.91     -1.6273772E-005
          6065.20     -1.5720427E-005
          6076.48     -1.5165607E-005
          6087.77     -1.4609247E-005
          6099.06     -1.4051279E-005
          6110.35     -1.3491635E-005
          6121.64     -1.2930249E-005
          6132.93     -1.2367051E-005
          6144.22     -1.1801976E-005
          6155.51     -1.1234953E-005
          6166.80     -1.0665915E-005
          6178.09     -1.0094795E-005
          6189.38     -9.5215229E-006
          6200.66     -8.9460307E-006
          6211.95     -8.3682495E-006
          6223.24     -7.7881098E-006
          6234.53     -7.2055435E-006
          6245.82     -6.6204807E-006
          6257.11     -6.0328515E-006
          6268.40     -5.4425871E-006
          6279.69     -4.8496172E-006
          6290.98     -4.2538716E-006
          6302.27     -3.6552800E-006
          6313.55     -3.0537714E-006
          6324.84     -2.4492762E-006
          6336.13     -1.8417227E-006
          6347.42     -1.2310394E-006
          6358.71     -6.1715591E-007
          6370.00      0.0000000E+000
