          3480.00     -2.3059593E-004
          3491.29     -2.3153121E-004
          3502.58     -2.3220007E-004
          3513.87     -2.3262041E-004
          3525.16     -2.3280907E-004
          3536.45     -2.3278196E-004
          3547.73     -2.3255405E-004
          3559.02     -2.3213947E-004
          3570.31     -2.3155153E-004
          3581.60     -2.3080280E-004
          3592.89     -2.2990510E-004
          3604.18     -2.2886896E-004
          3615.47     -2.2770387E-004
          3626.76     -2.2641975E-004
          3638.05     -2.2502596E-004
          3649.34     -2.2353128E-004
          3660.62     -2.2194400E-004
          3671.91     -2.2027191E-004
          3683.20     -2.1852232E-004
          3694.49     -2.1670211E-004
          3705.78     -2.1481778E-004
          3717.07     -2.1287538E-004
          3728.36     -2.1088064E-004
          3739.65     -2.0883892E-004
          3750.94     -2.0675527E-004
          3762.23     -2.0463440E-004
          3773.52     -2.0248074E-004
          3784.80     -2.0029845E-004
          3796.09     -1.9809146E-004
          3807.38     -1.9586359E-004
          3818.67     -1.9361827E-004
          3829.96     -1.9135867E-004
          3841.25     -1.8908777E-004
          3852.54     -1.8680837E-004
          3863.83     -1.8452307E-004
          3875.12     -1.8223428E-004
          3886.41     -1.7994428E-004
          3897.70     -1.7765517E-004
          3908.98     -1.7536893E-004
          3920.27     -1.7308736E-004
          3931.56     -1.7081218E-004
          3942.85     -1.6854496E-004
          3954.14     -1.6628728E-004
          3965.43     -1.6404051E-004
          3976.72     -1.6180591E-004
          3988.01     -1.5958462E-004
          3999.30     -1.5737768E-004
          4010.59     -1.5518607E-004
          4021.88     -1.5301068E-004
          4033.16     -1.5085232E-004
          4044.45     -1.4871173E-004
          4055.74     -1.4658958E-004
          4067.03     -1.4448650E-004
          4078.32     -1.4240303E-004
          4089.61     -1.4033967E-004
          4100.90     -1.3829687E-004
          4112.19     -1.3627503E-004
          4123.48     -1.3427450E-004
          4134.77     -1.3229559E-004
          4146.05     -1.3033856E-004
          4157.34     -1.2840365E-004
          4168.63     -1.2649104E-004
          4179.92     -1.2460090E-004
          4191.21     -1.2273335E-004
          4202.50     -1.2088850E-004
          4213.79     -1.1906641E-004
          4225.08     -1.1726714E-004
          4236.37     -1.1549070E-004
          4247.66     -1.1373709E-004
          4258.95     -1.1200629E-004
          4270.23     -1.1029825E-004
          4281.52     -1.0861292E-004
          4292.81     -1.0695022E-004
          4304.10     -1.0531006E-004
          4315.39     -1.0369235E-004
          4326.68     -1.0209696E-004
          4337.97     -1.0052376E-004
          4349.26     -9.8972622E-005
          4360.55     -9.7443380E-005
          4371.84     -9.5936020E-005
          4383.12     -9.4450225E-005
          4394.41     -9.2985816E-005
          4405.70     -9.1542596E-005
          4416.99     -9.0120372E-005
          4428.28     -8.8718951E-005
          4439.57     -8.7338129E-005
          4450.86     -8.5977696E-005
          4462.15     -8.4637445E-005
          4473.44     -8.3317157E-005
          4484.73     -8.2016613E-005
          4496.02     -8.0735591E-005
          4507.30     -7.9473864E-005
          4518.59     -7.8231206E-005
          4529.88     -7.7007387E-005
          4541.17     -7.5802175E-005
          4552.46     -7.4615343E-005
          4563.75     -7.3446657E-005
          4575.04     -7.2295884E-005
          4586.33     -7.1162788E-005
          4597.62     -7.0047132E-005
          4608.91     -6.8948684E-005
          4620.20     -6.7867206E-005
          4631.48     -6.6802465E-005
          4642.77     -6.5754227E-005
          4654.06     -6.4722257E-005
          4665.35     -6.3706324E-005
          4676.64     -6.2706195E-005
          4687.93     -6.1721641E-005
          4699.22     -6.0752431E-005
          4710.51     -5.9798338E-005
          4721.80     -5.8859135E-005
          4733.09     -5.7934598E-005
          4744.38     -5.7024505E-005
          4755.66     -5.6128634E-005
          4766.95     -5.5246766E-005
          4778.24     -5.4378682E-005
          4789.53     -5.3524170E-005
          4800.82     -5.2683014E-005
          4812.11     -5.1855004E-005
          4823.40     -5.1039931E-005
          4834.69     -5.0237588E-005
          4845.98     -4.9447769E-005
          4857.27     -4.8670267E-005
          4868.55     -4.7904879E-005
          4879.84     -4.7151410E-005
          4891.13     -4.6409664E-005
          4902.42     -4.5679446E-005
          4913.71     -4.4960568E-005
          4925.00     -4.4252840E-005
          4936.29     -4.3556076E-005
          4947.58     -4.2870093E-005
          4958.87     -4.2194707E-005
          4970.16     -4.1529742E-005
          4981.45     -4.0875019E-005
          4992.73     -4.0230362E-005
          5004.02     -3.9595596E-005
          5015.31     -3.8970546E-005
          5026.60     -3.8355048E-005
          5037.89     -3.7748933E-005
          5049.18     -3.7152041E-005
          5060.47     -3.6564210E-005
          5071.76     -3.5985282E-005
          5083.05     -3.5415100E-005
          5094.34     -3.4853511E-005
          5105.62     -3.4300362E-005
          5116.91     -3.3755503E-005
          5128.20     -3.3218786E-005
          5139.49     -3.2690066E-005
          5150.78     -3.2169196E-005
          5162.07     -3.1656031E-005
          5173.36     -3.1150432E-005
          5184.65     -3.0652263E-005
          5195.94     -3.0161387E-005
          5207.23     -2.9677671E-005
          5218.52     -2.9200984E-005
          5229.80     -2.8731195E-005
          5241.09     -2.8268178E-005
          5252.38     -2.7811805E-005
          5263.67     -2.7361954E-005
          5274.96     -2.6918502E-005
          5286.25     -2.6481328E-005
          5297.54     -2.6050312E-005
          5308.83     -2.5625334E-005
          5320.12     -2.5206279E-005
          5331.41     -2.4793033E-005
          5342.70     -2.4385484E-005
          5353.98     -2.3983522E-005
          5365.27     -2.3587038E-005
          5376.56     -2.3195928E-005
          5387.85     -2.2810081E-005
          5399.14     -2.2429395E-005
          5410.43     -2.2053766E-005
          5421.72     -2.1683094E-005
          5433.01     -2.1317279E-005
          5444.30     -2.0956221E-005
          5455.59     -2.0599820E-005
          5466.88     -2.0247979E-005
          5478.16     -1.9900603E-005
          5489.45     -1.9557601E-005
          5500.74     -1.9218881E-005
          5512.03     -1.8884353E-005
          5523.32     -1.8553929E-005
          5534.61     -1.8227520E-005
          5545.90     -1.7905040E-005
          5557.19     -1.7586404E-005
          5568.48     -1.7271528E-005
          5579.77     -1.6960255E-005
          5591.05     -1.6652497E-005
          5602.34     -1.6348178E-005
          5613.63     -1.6047223E-005
          5624.92     -1.5749556E-005
          5636.21     -1.5455104E-005
          5647.50     -1.5163795E-005
          5658.79     -1.4875556E-005
          5670.08     -1.4590312E-005
          5681.37     -1.4307573E-005
          5692.66     -1.4027294E-005
          5703.95     -1.3749432E-005
          5715.23     -1.3473941E-005
          5726.52     -1.3200777E-005
          5737.81     -1.2929894E-005
          5749.10     -1.2661246E-005
          5760.39     -1.2394786E-005
          5771.68     -1.2130468E-005
          5782.97     -1.1868275E-005
          5794.26     -1.1608467E-005
          5805.55     -1.1350974E-005
          5816.84     -1.1095727E-005
          5828.12     -1.0842654E-005
          5839.41     -1.0591689E-005
          5850.70     -1.0342762E-005
          5861.99     -1.0095805E-005
          5873.28     -9.8507528E-006
          5884.57     -9.6075379E-006
          5895.86     -9.3660944E-006
          5907.15     -9.1263559E-006
          5918.44     -8.8881617E-006
          5929.73     -8.6514551E-006
          5941.02     -8.4161797E-006
          5952.30     -8.1822791E-006
          5963.59     -7.9496978E-006
          5974.88     -7.7183640E-006
          5986.17     -7.4882029E-006
          5997.46     -7.2591626E-006
          6008.75     -7.0311911E-006
          6020.04     -6.8042364E-006
          6031.33     -6.5783360E-006
          6042.62     -6.3534289E-006
          6053.91     -6.1294549E-006
          6065.20     -5.9063534E-006
          6076.48     -5.6840901E-006
          6087.77     -5.4626211E-006
          6099.06     -5.2418819E-006
          6110.35     -5.0218083E-006
          6121.64     -4.8023247E-006
          6132.93     -4.5833021E-006
          6144.22     -4.3646886E-006
          6155.51     -4.1464560E-006
          6166.80     -3.9285501E-006
          6178.09     -3.7109657E-006
          6189.38     -3.4936574E-006
          6200.66     -3.2765575E-006
          6211.95     -3.0595989E-006
          6223.24     -2.8427143E-006
          6234.53     -2.6258374E-006
          6245.82     -2.4089017E-006
          6257.11     -2.1918409E-006
          6268.40     -1.9745897E-006
          6279.69     -1.7570845E-006
          6290.98     -1.5392597E-006
          6302.27     -1.3210487E-006
          6313.55     -1.1023855E-006
          6324.84     -8.8320521E-007
          6336.13     -6.6344228E-007
          6347.42     -4.4303051E-007
          6358.71     -2.2190485E-007
          6370.00     -4.0987711E-041
