          3480.00     -1.8518519E-004
          3491.29     -1.8591390E-004
          3502.58     -1.8649642E-004
          3513.87     -1.8694105E-004
          3525.16     -1.8725564E-004
          3536.45     -1.8744767E-004
          3547.73     -1.8752425E-004
          3559.02     -1.8749212E-004
          3570.31     -1.8735769E-004
          3581.60     -1.8712705E-004
          3592.89     -1.8680598E-004
          3604.18     -1.8639996E-004
          3615.47     -1.8591423E-004
          3626.76     -1.8535372E-004
          3638.05     -1.8472314E-004
          3649.34     -1.8402696E-004
          3660.62     -1.8326942E-004
          3671.91     -1.8245454E-004
          3683.20     -1.8158614E-004
          3694.49     -1.8066785E-004
          3705.78     -1.7970311E-004
          3717.07     -1.7869519E-004
          3728.36     -1.7764718E-004
          3739.65     -1.7656204E-004
          3750.94     -1.7544253E-004
          3762.23     -1.7429132E-004
          3773.52     -1.7311091E-004
          3784.80     -1.7190368E-004
          3796.09     -1.7067187E-004
          3807.38     -1.6941763E-004
          3818.67     -1.6814298E-004
          3829.96     -1.6684983E-004
          3841.25     -1.6554001E-004
          3852.54     -1.6421523E-004
          3863.83     -1.6287711E-004
          3875.12     -1.6152720E-004
          3886.41     -1.6016696E-004
          3897.70     -1.5879775E-004
          3908.98     -1.5742089E-004
          3920.27     -1.5603759E-004
          3931.56     -1.5464903E-004
          3942.85     -1.5325629E-004
          3954.14     -1.5186043E-004
          3965.43     -1.5046240E-004
          3976.72     -1.4906313E-004
          3988.01     -1.4766349E-004
          3999.30     -1.4626429E-004
          4010.59     -1.4486631E-004
          4021.88     -1.4347026E-004
          4033.16     -1.4207683E-004
          4044.45     -1.4068665E-004
          4055.74     -1.3930032E-004
          4067.03     -1.3791841E-004
          4078.32     -1.3654144E-004
          4089.61     -1.3516989E-004
          4100.90     -1.3380424E-004
          4112.19     -1.3244491E-004
          4123.48     -1.3109230E-004
          4134.77     -1.2974678E-004
          4146.05     -1.2840870E-004
          4157.34     -1.2707839E-004
          4168.63     -1.2575613E-004
          4179.92     -1.2444220E-004
          4191.21     -1.2313687E-004
          4202.50     -1.2184035E-004
          4213.79     -1.2055288E-004
          4225.08     -1.1927464E-004
          4236.37     -1.1800580E-004
          4247.66     -1.1674655E-004
          4258.95     -1.1549702E-004
          4270.23     -1.1425734E-004
          4281.52     -1.1302764E-004
          4292.81     -1.1180801E-004
          4304.10     -1.1059856E-004
          4315.39     -1.0939935E-004
          4326.68     -1.0821047E-004
          4337.97     -1.0703197E-004
          4349.26     -1.0586389E-004
          4360.55     -1.0470628E-004
          4371.84     -1.0355917E-004
          4383.12     -1.0242258E-004
          4394.41     -1.0129652E-004
          4405.70     -1.0018100E-004
          4416.99     -9.9076009E-005
          4428.28     -9.7981551E-005
          4439.57     -9.6897606E-005
          4450.86     -9.5824152E-005
          4462.15     -9.4761166E-005
          4473.44     -9.3708615E-005
          4484.73     -9.2666461E-005
          4496.02     -9.1634665E-005
          4507.30     -9.0613178E-005
          4518.59     -8.9601952E-005
          4529.88     -8.8600933E-005
          4541.17     -8.7610063E-005
          4552.46     -8.6629282E-005
          4563.75     -8.5658524E-005
          4575.04     -8.4697724E-005
          4586.33     -8.3746810E-005
          4597.62     -8.2805709E-005
          4608.91     -8.1874348E-005
          4620.20     -8.0952650E-005
          4631.48     -8.0040533E-005
          4642.77     -7.9137919E-005
          4654.06     -7.8244723E-005
          4665.35     -7.7360860E-005
          4676.64     -7.6486246E-005
          4687.93     -7.5620791E-005
          4699.22     -7.4764409E-005
          4710.51     -7.3917008E-005
          4721.80     -7.3078497E-005
          4733.09     -7.2248786E-005
          4744.38     -7.1427782E-005
          4755.66     -7.0615390E-005
          4766.95     -6.9811518E-005
          4778.24     -6.9016069E-005
          4789.53     -6.8228950E-005
          4800.82     -6.7450065E-005
          4812.11     -6.6679317E-005
          4823.40     -6.5916611E-005
          4834.69     -6.5161851E-005
          4845.98     -6.4414939E-005
          4857.27     -6.3675780E-005
          4868.55     -6.2944275E-005
          4879.84     -6.2220330E-005
          4891.13     -6.1503846E-005
          4902.42     -6.0794727E-005
          4913.71     -6.0092878E-005
          4925.00     -5.9398200E-005
          4936.29     -5.8710599E-005
          4947.58     -5.8029978E-005
          4958.87     -5.7356241E-005
          4970.16     -5.6689294E-005
          4981.45     -5.6029040E-005
          4992.73     -5.5375384E-005
          5004.02     -5.4728233E-005
          5015.31     -5.4087493E-005
          5026.60     -5.3453069E-005
          5037.89     -5.2824868E-005
          5049.18     -5.2202797E-005
          5060.47     -5.1586764E-005
          5071.76     -5.0976676E-005
          5083.05     -5.0372442E-005
          5094.34     -4.9773972E-005
          5105.62     -4.9181174E-005
          5116.91     -4.8593958E-005
          5128.20     -4.8012235E-005
          5139.49     -4.7435914E-005
          5150.78     -4.6864909E-005
          5162.07     -4.6299130E-005
          5173.36     -4.5738489E-005
          5184.65     -4.5182901E-005
          5195.94     -4.4632278E-005
          5207.23     -4.4086535E-005
          5218.52     -4.3545585E-005
          5229.80     -4.3009343E-005
          5241.09     -4.2477727E-005
          5252.38     -4.1950650E-005
          5263.67     -4.1428030E-005
          5274.96     -4.0909785E-005
          5286.25     -4.0395831E-005
          5297.54     -3.9886087E-005
          5308.83     -3.9380472E-005
          5320.12     -3.8878904E-005
          5331.41     -3.8381303E-005
          5342.70     -3.7887591E-005
          5353.98     -3.7397686E-005
          5365.27     -3.6911511E-005
          5376.56     -3.6428987E-005
          5387.85     -3.5950036E-005
          5399.14     -3.5474581E-005
          5410.43     -3.5002545E-005
          5421.72     -3.4533852E-005
          5433.01     -3.4068425E-005
          5444.30     -3.3606189E-005
          5455.59     -3.3147070E-005
          5466.88     -3.2690992E-005
          5478.16     -3.2237881E-005
          5489.45     -3.1787663E-005
          5500.74     -3.1340265E-005
          5512.03     -3.0895615E-005
          5523.32     -3.0453639E-005
          5534.61     -3.0014264E-005
          5545.90     -2.9577421E-005
          5557.19     -2.9143037E-005
          5568.48     -2.8711041E-005
          5579.77     -2.8281362E-005
          5591.05     -2.7853931E-005
          5602.34     -2.7428676E-005
          5613.63     -2.7005529E-005
          5624.92     -2.6584420E-005
          5636.21     -2.6165280E-005
          5647.50     -2.5748041E-005
          5658.79     -2.5332633E-005
          5670.08     -2.4918990E-005
          5681.37     -2.4507042E-005
          5692.66     -2.4096723E-005
          5703.95     -2.3687965E-005
          5715.23     -2.3280702E-005
          5726.52     -2.2874866E-005
          5737.81     -2.2470390E-005
          5749.10     -2.2067210E-005
          5760.39     -2.1665258E-005
          5771.68     -2.1264468E-005
          5782.97     -2.0864775E-005
          5794.26     -2.0466114E-005
          5805.55     -2.0068418E-005
          5816.84     -1.9671624E-005
          5828.12     -1.9275666E-005
          5839.41     -1.8880480E-005
          5850.70     -1.8486000E-005
          5861.99     -1.8092161E-005
          5873.28     -1.7698901E-005
          5884.57     -1.7306154E-005
          5895.86     -1.6913857E-005
          5907.15     -1.6521945E-005
          5918.44     -1.6130355E-005
          5929.73     -1.5739022E-005
          5941.02     -1.5347884E-005
          5952.30     -1.4956875E-005
          5963.59     -1.4565933E-005
          5974.88     -1.4174995E-005
          5986.17     -1.3783996E-005
          5997.46     -1.3392873E-005
          6008.75     -1.3001563E-005
          6020.04     -1.2610003E-005
          6031.33     -1.2218129E-005
          6042.62     -1.1825877E-005
          6053.91     -1.1433184E-005
          6065.20     -1.1039988E-005
          6076.48     -1.0646223E-005
          6087.77     -1.0251829E-005
          6099.06     -9.8567394E-006
          6110.35     -9.4608924E-006
          6121.64     -9.0642240E-006
          6132.93     -8.6666703E-006
          6144.22     -8.2681683E-006
          6155.51     -7.8686541E-006
          6166.80     -7.4680633E-006
          6178.09     -7.0663328E-006
          6189.38     -6.6633983E-006
          6200.66     -6.2591957E-006
          6211.95     -5.8536607E-006
          6223.24     -5.4467288E-006
          6234.53     -5.0383362E-006
          6245.82     -4.6284178E-006
          6257.11     -4.2169088E-006
          6268.40     -3.8037449E-006
          6279.69     -3.3888608E-006
          6290.98     -2.9721912E-006
          6302.27     -2.5536709E-006
          6313.55     -2.1332340E-006
          6324.84     -1.7108154E-006
          6336.13     -1.2863490E-006
          6347.42     -8.5976816E-007
          6358.71     -4.3100747E-007
          6370.00      0.0000000E+000
