          3480.00     -2.3059593E-004
          3491.29     -2.3132622E-004
          3502.58     -2.3135936E-004
          3513.87     -2.3077219E-004
          3525.16     -2.2963471E-004
          3536.45     -2.2801066E-004
          3547.73     -2.2595806E-004
          3559.02     -2.2352967E-004
          3570.31     -2.2077348E-004
          3581.60     -2.1773306E-004
          3592.89     -2.1444797E-004
          3604.18     -2.1095353E-004
          3615.47     -2.0728138E-004
          3626.76     -2.0346100E-004
          3638.05     -1.9951902E-004
          3649.34     -1.9547947E-004
          3660.62     -1.9136397E-004
          3671.91     -1.8719197E-004
          3683.20     -1.8298092E-004
          3694.49     -1.7874644E-004
          3705.78     -1.7450253E-004
          3717.07     -1.7026161E-004
          3728.36     -1.6603476E-004
          3739.65     -1.6183181E-004
          3750.94     -1.5766141E-004
          3762.23     -1.5353117E-004
          3773.52     -1.4944778E-004
          3784.80     -1.4541703E-004
          3796.09     -1.4144398E-004
          3807.38     -1.3753305E-004
          3818.67     -1.3368792E-004
          3829.96     -1.2991165E-004
          3841.25     -1.2620680E-004
          3852.54     -1.2257545E-004
          3863.83     -1.1901925E-004
          3875.12     -1.1553945E-004
          3886.41     -1.1213699E-004
          3897.70     -1.0881247E-004
          3908.98     -1.0556623E-004
          3920.27     -1.0239835E-004
          3931.56     -9.9308682E-005
          3942.85     -9.6296903E-005
          3954.14     -9.3362575E-005
          3965.43     -9.0505043E-005
          3976.72     -8.7723507E-005
          3988.01     -8.5017044E-005
          3999.30     -8.2384630E-005
          4010.59     -7.9825158E-005
          4021.88     -7.7337445E-005
          4033.16     -7.4920241E-005
          4044.45     -7.2572247E-005
          4055.74     -7.0292116E-005
          4067.03     -6.8078473E-005
          4078.32     -6.5929910E-005
          4089.61     -6.3844997E-005
          4100.90     -6.1822296E-005
          4112.19     -5.9860356E-005
          4123.48     -5.7957721E-005
          4134.77     -5.6112934E-005
          4146.05     -5.4324544E-005
          4157.34     -5.2591110E-005
          4168.63     -5.0911195E-005
          4179.92     -4.9283381E-005
          4191.21     -4.7706266E-005
          4202.50     -4.6178461E-005
          4213.79     -4.4698602E-005
          4225.08     -4.3265342E-005
          4236.37     -4.1877358E-005
          4247.66     -4.0533352E-005
          4258.95     -3.9232045E-005
          4270.23     -3.7972187E-005
          4281.52     -3.6752557E-005
          4292.81     -3.5571958E-005
          4304.10     -3.4429219E-005
          4315.39     -3.3323198E-005
          4326.68     -3.2252777E-005
          4337.97     -3.1216869E-005
          4349.26     -3.0214412E-005
          4360.55     -2.9244370E-005
          4371.84     -2.8305777E-005
          4383.12     -2.7397606E-005
          4394.41     -2.6518904E-005
          4405.70     -2.5668738E-005
          4416.99     -2.4846204E-005
          4428.28     -2.4050427E-005
          4439.57     -2.3280553E-005
          4450.86     -2.2535755E-005
          4462.15     -2.1815228E-005
          4473.44     -2.1118193E-005
          4484.73     -2.0443892E-005
          4496.02     -1.9791589E-005
          4507.30     -1.9160572E-005
          4518.59     -1.8550150E-005
          4529.88     -1.7959653E-005
          4541.17     -1.7388430E-005
          4552.46     -1.6835854E-005
          4563.75     -1.6301314E-005
          4575.04     -1.5784219E-005
          4586.33     -1.5283998E-005
          4597.62     -1.4800094E-005
          4608.91     -1.4331972E-005
          4620.20     -1.3879113E-005
          4631.48     -1.3441011E-005
          4642.77     -1.3017182E-005
          4654.06     -1.2607154E-005
          4665.35     -1.2210469E-005
          4676.64     -1.1826689E-005
          4687.93     -1.1455384E-005
          4699.22     -1.1096143E-005
          4710.51     -1.0748566E-005
          4721.80     -1.0412265E-005
          4733.09     -1.0086869E-005
          4744.38     -9.7720156E-006
          4755.66     -9.4673548E-006
          4766.95     -9.1725491E-006
          4778.24     -8.8872714E-006
          4789.53     -8.6112064E-006
          4800.82     -8.3440485E-006
          4812.11     -8.0855022E-006
          4823.40     -7.8352826E-006
          4834.69     -7.5931134E-006
          4845.98     -7.3587280E-006
          4857.27     -7.1318676E-006
          4868.55     -6.9122830E-006
          4879.84     -6.6997337E-006
          4891.13     -6.4939869E-006
          4902.42     -6.2948176E-006
          4913.71     -6.1020086E-006
          4925.00     -5.9153496E-006
          4936.29     -5.7346377E-006
          4947.58     -5.5596765E-006
          4958.87     -5.3902763E-006
          4970.16     -5.2262540E-006
          4981.45     -5.0674323E-006
          4992.73     -4.9136398E-006
          5004.02     -4.7647106E-006
          5015.31     -4.6204845E-006
          5026.60     -4.4808071E-006
          5037.89     -4.3455289E-006
          5049.18     -4.2145056E-006
          5060.47     -4.0875980E-006
          5071.76     -3.9646711E-006
          5083.05     -3.8455945E-006
          5094.34     -3.7302426E-006
          5105.62     -3.6184934E-006
          5116.91     -3.5102294E-006
          5128.20     -3.4053368E-006
          5139.49     -3.3037056E-006
          5150.78     -3.2052294E-006
          5162.07     -3.1098052E-006
          5173.36     -3.0173337E-006
          5184.65     -2.9277191E-006
          5195.94     -2.8408685E-006
          5207.23     -2.7566924E-006
          5218.52     -2.6751040E-006
          5229.80     -2.5960195E-006
          5241.09     -2.5193580E-006
          5252.38     -2.4450411E-006
          5263.67     -2.3729930E-006
          5274.96     -2.3031405E-006
          5286.25     -2.2354128E-006
          5297.54     -2.1697414E-006
          5308.83     -2.1060597E-006
          5320.12     -2.0443038E-006
          5331.41     -1.9844116E-006
          5342.70     -1.9263235E-006
          5353.98     -1.8699814E-006
          5365.27     -1.8153294E-006
          5376.56     -1.7623135E-006
          5387.85     -1.7108810E-006
          5399.14     -1.6609812E-006
          5410.43     -1.6125651E-006
          5421.72     -1.5655853E-006
          5433.01     -1.5199960E-006
          5444.30     -1.4757526E-006
          5455.59     -1.4328119E-006
          5466.88     -1.3911323E-006
          5478.16     -1.3506737E-006
          5489.45     -1.3113972E-006
          5500.74     -1.2732651E-006
          5512.03     -1.2362410E-006
          5523.32     -1.2002898E-006
          5534.61     -1.1653773E-006
          5545.90     -1.1314704E-006
          5557.19     -1.0985373E-006
          5568.48     -1.0665471E-006
          5579.77     -1.0354653E-006
          5591.05     -1.0052626E-006
          5602.34     -9.7591159E-007
          5613.63     -9.4738533E-007
          5624.92     -9.1965787E-007
          5636.21     -8.9270406E-007
          5647.50     -8.6649950E-007
          5658.79     -8.4102053E-007
          5670.08     -8.1624406E-007
          5681.37     -7.9212480E-007
          5692.66     -7.6864334E-007
          5703.95     -7.4578068E-007
          5715.23     -7.2351823E-007
          5726.52     -7.0183792E-007
          5737.81     -6.8072200E-007
          5749.10     -6.6015317E-007
          5760.39     -6.4011451E-007
          5771.68     -6.2058946E-007
          5782.97     -6.0156340E-007
          5794.26     -5.8303572E-007
          5805.55     -5.6498940E-007
          5816.84     -5.4740791E-007
          5828.12     -5.3027514E-007
          5839.41     -5.1357547E-007
          5850.70     -4.9729367E-007
          5861.99     -4.8141495E-007
          5873.28     -4.6592493E-007
          5884.57     -4.5080961E-007
          5895.86     -4.3605533E-007
          5907.15     -4.2164878E-007
          5918.44     -4.0757270E-007
          5929.73     -3.9381493E-007
          5941.02     -3.8036361E-007
          5952.30     -3.6720711E-007
          5963.59     -3.5433411E-007
          5974.88     -3.4173282E-007
          5986.17     -3.2939160E-007
          5997.46     -3.1729999E-007
          6008.75     -3.0544776E-007
          6020.04     -2.9382488E-007
          6031.33     -2.8242524E-007
          6042.62     -2.7123874E-007
          6053.91     -2.6025549E-007
          6065.20     -2.4946579E-007
          6076.48     -2.3886118E-007
          6087.77     -2.2843296E-007
          6099.06     -2.1817173E-007
          6110.35     -2.0806830E-007
          6121.64     -1.9811315E-007
          6132.93     -1.8829481E-007
          6144.22     -1.7860505E-007
          6155.51     -1.6903667E-007
          6166.80     -1.5958154E-007
          6178.09     -1.5023357E-007
          6189.38     -1.4098513E-007
          6200.66     -1.3182785E-007
          6211.95     -1.2275349E-007
          6223.24     -1.1375387E-007
          6234.53     -1.0482096E-007
          6245.82     -9.5946801E-008
          6257.11     -8.7123493E-008
          6268.40     -7.8343261E-008
          6279.69     -6.9598441E-008
          6290.98     -6.0881347E-008
          6302.27     -5.2184312E-008
          6313.55     -4.3499722E-008
          6324.84     -3.4820040E-008
          6336.13     -2.6137733E-008
          6347.42     -1.7445271E-008
          6358.71     -8.7351807E-009
          6370.00      2.4574132E-043
