          3480.00     -1.8518519E-004
          3491.29     -1.8553801E-004
          3502.58     -1.8499311E-004
          3513.87     -1.8367895E-004
          3525.16     -1.8170950E-004
          3536.45     -1.7918572E-004
          3547.73     -1.7619695E-004
          3559.02     -1.7282209E-004
          3570.31     -1.6913078E-004
          3581.60     -1.6518430E-004
          3592.89     -1.6103652E-004
          3604.18     -1.5673469E-004
          3615.47     -1.5232013E-004
          3626.76     -1.4782889E-004
          3638.05     -1.4329231E-004
          3649.34     -1.3873756E-004
          3660.62     -1.3418807E-004
          3671.91     -1.2966398E-004
          3683.20     -1.2518248E-004
          3694.49     -1.2075816E-004
          3705.78     -1.1640330E-004
          3717.07     -1.1212815E-004
          3728.36     -1.0794115E-004
          3739.65     -1.0384916E-004
          3750.94     -9.9857646E-005
          3762.23     -9.5970829E-005
          3773.52     -9.2191873E-005
          3784.80     -8.8522995E-005
          3796.09     -8.4965607E-005
          3807.38     -8.1520399E-005
          3818.67     -7.8187450E-005
          3829.96     -7.4966318E-005
          3841.25     -7.1856102E-005
          3852.54     -6.8855520E-005
          3863.83     -6.5962962E-005
          3875.12     -6.3176547E-005
          3886.41     -6.0494172E-005
          3897.70     -5.7913547E-005
          3908.98     -5.5432231E-005
          3920.27     -5.3047675E-005
          3931.56     -5.0757235E-005
          3942.85     -4.8558206E-005
          3954.14     -4.6447841E-005
          3965.43     -4.4423367E-005
          3976.72     -4.2482010E-005
          3988.01     -4.0620995E-005
          3999.30     -3.8837568E-005
          4010.59     -3.7129005E-005
          4021.88     -3.5492618E-005
          4033.16     -3.3925763E-005
          4044.45     -3.2425844E-005
          4055.74     -3.0990324E-005
          4067.03     -2.9616724E-005
          4078.32     -2.8302627E-005
          4089.61     -2.7045679E-005
          4100.90     -2.5843598E-005
          4112.19     -2.4694164E-005
          4123.48     -2.3595228E-005
          4134.77     -2.2544710E-005
          4146.05     -2.1540598E-005
          4157.34     -2.0580951E-005
          4168.63     -1.9663895E-005
          4179.92     -1.8787619E-005
          4191.21     -1.7950384E-005
          4202.50     -1.7150514E-005
          4213.79     -1.6386394E-005
          4225.08     -1.5656473E-005
          4236.37     -1.4959261E-005
          4247.66     -1.4293327E-005
          4258.95     -1.3657296E-005
          4270.23     -1.3049849E-005
          4281.52     -1.2469722E-005
          4292.81     -1.1915703E-005
          4304.10     -1.1386630E-005
          4315.39     -1.0881390E-005
          4326.68     -1.0398915E-005
          4337.97     -9.9381869E-006
          4349.26     -9.4982280E-006
          4360.55     -9.0781032E-006
          4371.84     -8.6769191E-006
          4383.12     -8.2938203E-006
          4394.41     -7.9279891E-006
          4405.70     -7.5786437E-006
          4416.99     -7.2450369E-006
          4428.28     -6.9264551E-006
          4439.57     -6.6222159E-006
          4450.86     -6.3316673E-006
          4462.15     -6.0541872E-006
          4473.44     -5.7891808E-006
          4484.73     -5.5360804E-006
          4496.02     -5.2943437E-006
          4507.30     -5.0634529E-006
          4518.59     -4.8429144E-006
          4529.88     -4.6322561E-006
          4541.17     -4.4310276E-006
          4552.46     -4.2387997E-006
          4563.75     -4.0551619E-006
          4575.04     -3.8797229E-006
          4586.33     -3.7121093E-006
          4597.62     -3.5519646E-006
          4608.91     -3.3989489E-006
          4620.20     -3.2527378E-006
          4631.48     -3.1130216E-006
          4642.77     -2.9795052E-006
          4654.06     -2.8519068E-006
          4665.35     -2.7299575E-006
          4676.64     -2.6134009E-006
          4687.93     -2.5019924E-006
          4699.22     -2.3954987E-006
          4710.51     -2.2936972E-006
          4721.80     -2.1963753E-006
          4733.09     -2.1033307E-006
          4744.38     -2.0143699E-006
          4755.66     -1.9293086E-006
          4766.95     -1.8479709E-006
          4778.24     -1.7701889E-006
          4789.53     -1.6958026E-006
          4800.82     -1.6246593E-006
          4812.11     -1.5566131E-006
          4823.40     -1.4915252E-006
          4834.69     -1.4292628E-006
          4845.98     -1.3696994E-006
          4857.27     -1.3127142E-006
          4868.55     -1.2581920E-006
          4879.84     -1.2060229E-006
          4891.13     -1.1561020E-006
          4902.42     -1.1083290E-006
          4913.71     -1.0626086E-006
          4925.00     -1.0188495E-006
          4936.29     -9.7696459E-007
          4947.58     -9.3687096E-007
          4958.87     -8.9848924E-007
          4970.16     -8.6174383E-007
          4981.45     -8.2656247E-007
          4992.73     -7.9287619E-007
          5004.02     -7.6061922E-007
          5015.31     -7.2972870E-007
          5026.60     -7.0014462E-007
          5037.89     -6.7180971E-007
          5049.18     -6.4466925E-007
          5060.47     -6.1867107E-007
          5071.76     -5.9376526E-007
          5083.05     -5.6990418E-007
          5094.34     -5.4704238E-007
          5105.62     -5.2513640E-007
          5116.91     -5.0414474E-007
          5128.20     -4.8402778E-007
          5139.49     -4.6474762E-007
          5150.78     -4.4626813E-007
          5162.07     -4.2855474E-007
          5173.36     -4.1157443E-007
          5184.65     -3.9529566E-007
          5195.94     -3.7968828E-007
          5207.23     -3.6472349E-007
          5218.52     -3.5037375E-007
          5229.80     -3.3661274E-007
          5241.09     -3.2341534E-007
          5252.38     -3.1075750E-007
          5263.67     -2.9861623E-007
          5274.96     -2.8696959E-007
          5286.25     -2.7579656E-007
          5297.54     -2.6507706E-007
          5308.83     -2.5479189E-007
          5320.12     -2.4492268E-007
          5331.41     -2.3545190E-007
          5342.70     -2.2636274E-007
          5353.98     -2.1763913E-007
          5365.27     -2.0926573E-007
          5376.56     -2.0122783E-007
          5387.85     -1.9351138E-007
          5399.14     -1.8610291E-007
          5410.43     -1.7898957E-007
          5421.72     -1.7215903E-007
          5433.01     -1.6559952E-007
          5444.30     -1.5929975E-007
          5455.59     -1.5324894E-007
          5466.88     -1.4743674E-007
          5478.16     -1.4185326E-007
          5489.45     -1.3648904E-007
          5500.74     -1.3133500E-007
          5512.03     -1.2638248E-007
          5523.32     -1.2162315E-007
          5534.61     -1.1704905E-007
          5545.90     -1.1265256E-007
          5557.19     -1.0842637E-007
          5568.48     -1.0436350E-007
          5579.77     -1.0045722E-007
          5591.05     -9.6701118E-008
          5602.34     -9.3089045E-008
          5613.63     -8.9615099E-008
          5624.92     -8.6273621E-008
          5636.21     -8.3059198E-008
          5647.50     -7.9966632E-008
          5658.79     -7.6990941E-008
          5670.08     -7.4127347E-008
          5681.37     -7.1371267E-008
          5692.66     -6.8718312E-008
          5703.95     -6.6164262E-008
          5715.23     -6.3705071E-008
          5726.52     -6.1336861E-008
          5737.81     -5.9055906E-008
          5749.10     -5.6858628E-008
          5760.39     -5.4741595E-008
          5771.68     -5.2701507E-008
          5782.97     -5.0735203E-008
          5794.26     -4.8839637E-008
          5805.55     -4.7011885E-008
          5816.84     -4.5249143E-008
          5828.12     -4.3548706E-008
          5839.41     -4.1907981E-008
          5850.70     -4.0324468E-008
          5861.99     -3.8795765E-008
          5873.28     -3.7319562E-008
          5884.57     -3.5893634E-008
          5895.86     -3.4515835E-008
          5907.15     -3.3184104E-008
          5918.44     -3.1896452E-008
          5929.73     -3.0650962E-008
          5941.02     -2.9445784E-008
          5952.30     -2.8279135E-008
          5963.59     -2.7149295E-008
          5974.88     -2.6054602E-008
          5986.17     -2.4993449E-008
          5997.46     -2.3964285E-008
          6008.75     -2.2965611E-008
          6020.04     -2.1995972E-008
          6031.33     -2.1053963E-008
          6042.62     -2.0138221E-008
          6053.91     -1.9247427E-008
          6065.20     -1.8380299E-008
          6076.48     -1.7535592E-008
          6087.77     -1.6712099E-008
          6099.06     -1.5908643E-008
          6110.35     -1.5124080E-008
          6121.64     -1.4357297E-008
          6132.93     -1.3607206E-008
          6144.22     -1.2872747E-008
          6155.51     -1.2152885E-008
          6166.80     -1.1446606E-008
          6178.09     -1.0752918E-008
          6189.38     -1.0070850E-008
          6200.66     -9.3994484E-009
          6211.95     -8.7377756E-009
          6223.24     -8.0849100E-009
          6234.53     -7.4399456E-009
          6245.82     -6.8019874E-009
          6257.11     -6.1701517E-009
          6268.40     -5.5435669E-009
          6279.69     -4.9213685E-009
          6290.98     -4.3027001E-009
          6302.27     -3.6867121E-009
          6313.55     -3.0725593E-009
          6324.84     -2.4594025E-009
          6336.13     -1.8464037E-009
          6347.42     -1.2327266E-009
          6358.71     -6.1753736E-010
          6370.00      2.7983807E-045
