          3480.00     -2.3059593E-004
          3491.29     -2.3154816E-004
          3502.58     -2.3228057E-004
          3513.87     -2.3280659E-004
          3525.16     -2.3313891E-004
          3536.45     -2.3328957E-004
          3547.73     -2.3326997E-004
          3559.02     -2.3309090E-004
          3570.31     -2.3276260E-004
          3581.60     -2.3229475E-004
          3592.89     -2.3169655E-004
          3604.18     -2.3097605E-004
          3615.47     -2.3014046E-004
          3626.76     -2.2919759E-004
          3638.05     -2.2815486E-004
          3649.34     -2.2701925E-004
          3660.62     -2.2579742E-004
          3671.91     -2.2449562E-004
          3683.20     -2.2311980E-004
          3694.49     -2.2167554E-004
          3705.78     -2.2016817E-004
          3717.07     -2.1860269E-004
          3728.36     -2.1698384E-004
          3739.65     -2.1531609E-004
          3750.94     -2.1360369E-004
          3762.23     -2.1185061E-004
          3773.52     -2.1006064E-004
          3784.80     -2.0823732E-004
          3796.09     -2.0638404E-004
          3807.38     -2.0450418E-004
          3818.67     -2.0260071E-004
          3829.96     -2.0067646E-004
          3841.25     -1.9873405E-004
          3852.54     -1.9677600E-004
          3863.83     -1.9480465E-004
          3875.12     -1.9282220E-004
          3886.41     -1.9083075E-004
          3897.70     -1.8883224E-004
          3908.98     -1.8682852E-004
          3920.27     -1.8482131E-004
          3931.56     -1.8281223E-004
          3942.85     -1.8080281E-004
          3954.14     -1.7879461E-004
          3965.43     -1.7678900E-004
          3976.72     -1.7478722E-004
          3988.01     -1.7279044E-004
          3999.30     -1.7079973E-004
          4010.59     -1.6881612E-004
          4021.88     -1.6684055E-004
          4033.16     -1.6487390E-004
          4044.45     -1.6291699E-004
          4055.74     -1.6097059E-004
          4067.03     -1.5903539E-004
          4078.32     -1.5711205E-004
          4089.61     -1.5520118E-004
          4100.90     -1.5330335E-004
          4112.19     -1.5141905E-004
          4123.48     -1.4954878E-004
          4134.77     -1.4769295E-004
          4146.05     -1.4585196E-004
          4157.34     -1.4402618E-004
          4168.63     -1.4221593E-004
          4179.92     -1.4042150E-004
          4191.21     -1.3864316E-004
          4202.50     -1.3688114E-004
          4213.79     -1.3513566E-004
          4225.08     -1.3340689E-004
          4236.37     -1.3169500E-004
          4247.66     -1.3000013E-004
          4258.95     -1.2832238E-004
          4270.23     -1.2666185E-004
          4281.52     -1.2501861E-004
          4292.81     -1.2339273E-004
          4304.10     -1.2178426E-004
          4315.39     -1.2019323E-004
          4326.68     -1.1861964E-004
          4337.97     -1.1706351E-004
          4349.26     -1.1552481E-004
          4360.55     -1.1400353E-004
          4371.84     -1.1249979E-004
          4383.12     -1.1101338E-004
          4394.41     -1.0954423E-004
          4405.70     -1.0809228E-004
          4416.99     -1.0665744E-004
          4428.28     -1.0523964E-004
          4439.57     -1.0383878E-004
          4450.86     -1.0245478E-004
          4462.15     -1.0108752E-004
          4473.44     -9.9736908E-005
          4484.73     -9.8402820E-005
          4496.02     -9.7085140E-005
          4507.30     -9.5783741E-005
          4518.59     -9.4498497E-005
          4529.88     -9.3229276E-005
          4541.17     -9.1975938E-005
          4552.46     -9.0738351E-005
          4563.75     -8.9516373E-005
          4575.04     -8.8309857E-005
          4586.33     -8.7118654E-005
          4597.62     -8.5942612E-005
          4608.91     -8.4781580E-005
          4620.20     -8.3635401E-005
          4631.48     -8.2503919E-005
          4642.77     -8.1386978E-005
          4654.06     -8.0284415E-005
          4665.35     -7.9196073E-005
          4676.64     -7.8121788E-005
          4687.93     -7.7061400E-005
          4699.22     -7.6014745E-005
          4710.51     -7.4981659E-005
          4721.80     -7.3961978E-005
          4733.09     -7.2955542E-005
          4744.38     -7.1962186E-005
          4755.66     -7.0981746E-005
          4766.95     -7.0014060E-005
          4778.24     -6.9058962E-005
          4789.53     -6.8116294E-005
          4800.82     -6.7185892E-005
          4812.11     -6.6267594E-005
          4823.40     -6.5361240E-005
          4834.69     -6.4466671E-005
          4845.98     -6.3583724E-005
          4857.27     -6.2712234E-005
          4868.55     -6.1852043E-005
          4879.84     -6.1002994E-005
          4891.13     -6.0164933E-005
          4902.42     -5.9337703E-005
          4913.71     -5.8521153E-005
          4925.00     -5.7715129E-005
          4936.29     -5.6919480E-005
          4947.58     -5.6134055E-005
          4958.87     -5.5358705E-005
          4970.16     -5.4593284E-005
          4981.45     -5.3837643E-005
          4992.73     -5.3091636E-005
          5004.02     -5.2355112E-005
          5015.31     -5.1627925E-005
          5026.60     -5.0909934E-005
          5037.89     -5.0200998E-005
          5049.18     -4.9500979E-005
          5060.47     -4.8809740E-005
          5071.76     -4.8127144E-005
          5083.05     -4.7453055E-005
          5094.34     -4.6787341E-005
          5105.62     -4.6129868E-005
          5116.91     -4.5480507E-005
          5128.20     -4.4839125E-005
          5139.49     -4.4205596E-005
          5150.78     -4.3579788E-005
          5162.07     -4.2961571E-005
          5173.36     -4.2350819E-005
          5184.65     -4.1747412E-005
          5195.94     -4.1151227E-005
          5207.23     -4.0562143E-005
          5218.52     -3.9980041E-005
          5229.80     -3.9404802E-005
          5241.09     -3.8836311E-005
          5252.38     -3.8274452E-005
          5263.67     -3.7719110E-005
          5274.96     -3.7170172E-005
          5286.25     -3.6627526E-005
          5297.54     -3.6091061E-005
          5308.83     -3.5560661E-005
          5320.12     -3.5036219E-005
          5331.41     -3.4517629E-005
          5342.70     -3.4004783E-005
          5353.98     -3.3497577E-005
          5365.27     -3.2995909E-005
          5376.56     -3.2499678E-005
          5387.85     -3.2008778E-005
          5399.14     -3.1523109E-005
          5410.43     -3.1042572E-005
          5421.72     -3.0567070E-005
          5433.01     -3.0096504E-005
          5444.30     -2.9630779E-005
          5455.59     -2.9169791E-005
          5466.88     -2.8713446E-005
          5478.16     -2.8261652E-005
          5489.45     -2.7814317E-005
          5500.74     -2.7371349E-005
          5512.03     -2.6932659E-005
          5523.32     -2.6498159E-005
          5534.61     -2.6067760E-005
          5545.90     -2.5641376E-005
          5557.19     -2.5218919E-005
          5568.48     -2.4800304E-005
          5579.77     -2.4385342E-005
          5591.05     -2.3973938E-005
          5602.34     -2.3566015E-005
          5613.63     -2.3161498E-005
          5624.92     -2.2760311E-005
          5636.21     -2.2362379E-005
          5647.50     -2.1967628E-005
          5658.79     -2.1575983E-005
          5670.08     -2.1187367E-005
          5681.37     -2.0801092E-005
          5692.66     -2.0417122E-005
          5703.95     -2.0035420E-005
          5715.23     -1.9655946E-005
          5726.52     -1.9278663E-005
          5737.81     -1.8903530E-005
          5749.10     -1.8530506E-005
          5760.39     -1.8159551E-005
          5771.68     -1.7790621E-005
          5782.97     -1.7423718E-005
          5794.26     -1.7059253E-005
          5805.55     -1.6697151E-005
          5816.84     -1.6337335E-005
          5828.12     -1.5979729E-005
          5839.41     -1.5624258E-005
          5850.70     -1.5270847E-005
          5861.99     -1.4919420E-005
          5873.28     -1.4569906E-005
          5884.57     -1.4222229E-005
          5895.86     -1.3876317E-005
          5907.15     -1.3532094E-005
          5918.44     -1.3189346E-005
          5929.73     -1.2848011E-005
          5941.02     -1.2508029E-005
          5952.30     -1.2169339E-005
          5963.59     -1.1831880E-005
          5974.88     -1.1495567E-005
          5986.17     -1.1160312E-005
          5997.46     -1.0826058E-005
          6008.75     -1.0492751E-005
          6020.04     -1.0160333E-005
          6031.33     -9.8288838E-006
          6042.62     -9.4983337E-006
          6053.91     -9.1686139E-006
          6065.20     -8.8396549E-006
          6076.48     -8.5114269E-006
          6087.77     -8.1838853E-006
          6099.06     -7.8569540E-006
          6110.35     -7.5305574E-006
          6121.64     -7.2046020E-006
          6132.93     -6.8789133E-006
          6144.22     -6.5534329E-006
          6155.51     -6.2281392E-006
          6166.80     -5.9029701E-006
          6178.09     -5.5779390E-006
          6189.38     -5.2529975E-006
          6200.66     -4.9280635E-006
          6211.95     -4.6030552E-006
          6223.24     -4.2778908E-006
          6234.53     -3.9524892E-006
          6245.82     -3.6267697E-006
          6257.11     -3.3006510E-006
          6268.40     -2.9740537E-006
          6279.69     -2.6469008E-006
          6290.98     -2.3191120E-006
          6302.27     -1.9906059E-006
          6313.55     -1.6613012E-006
          6324.84     -1.3311188E-006
          6336.13     -9.9997819E-007
          6347.42     -6.6779810E-007
          6358.71     -3.3449877E-007
          6370.00     -8.4986839E-041
