          3480.00     -1.8518519E-004
          3491.29     -1.8585453E-004
          3502.58     -1.8622002E-004
          3513.87     -1.8630634E-004
          3525.16     -1.8613652E-004
          3536.45     -1.8573199E-004
          3547.73     -1.8511273E-004
          3559.02     -1.8429737E-004
          3570.31     -1.8330322E-004
          3581.60     -1.8214643E-004
          3592.89     -1.8084201E-004
          3604.18     -1.7940393E-004
          3615.47     -1.7784518E-004
          3626.76     -1.7617786E-004
          3638.05     -1.7441318E-004
          3649.34     -1.7256159E-004
          3660.62     -1.7063276E-004
          3671.91     -1.6863568E-004
          3683.20     -1.6657870E-004
          3694.49     -1.6446955E-004
          3705.78     -1.6231538E-004
          3717.07     -1.6012284E-004
          3728.36     -1.5789806E-004
          3739.65     -1.5564671E-004
          3750.94     -1.5337404E-004
          3762.23     -1.5108489E-004
          3773.52     -1.4878372E-004
          3784.80     -1.4647463E-004
          3796.09     -1.4416143E-004
          3807.38     -1.4184757E-004
          3818.67     -1.3953625E-004
          3829.96     -1.3723041E-004
          3841.25     -1.3493270E-004
          3852.54     -1.3264559E-004
          3863.83     -1.3037129E-004
          3875.12     -1.2811184E-004
          3886.41     -1.2586907E-004
          3897.70     -1.2364466E-004
          3908.98     -1.2144011E-004
          3920.27     -1.1925677E-004
          3931.56     -1.1709585E-004
          3942.85     -1.1495845E-004
          3954.14     -1.1284551E-004
          3965.43     -1.1075789E-004
          3976.72     -1.0869634E-004
          3988.01     -1.0666150E-004
          3999.30     -1.0465392E-004
          4010.59     -1.0267409E-004
          4021.88     -1.0072240E-004
          4033.16     -9.8799176E-005
          4044.45     -9.6904680E-005
          4055.74     -9.5039109E-005
          4067.03     -9.3202610E-005
          4078.32     -9.1395272E-005
          4089.61     -8.9617139E-005
          4100.90     -8.7868214E-005
          4112.19     -8.6148455E-005
          4123.48     -8.4457786E-005
          4134.77     -8.2796097E-005
          4146.05     -8.1163245E-005
          4157.34     -7.9559063E-005
          4168.63     -7.7983356E-005
          4179.92     -7.6435905E-005
          4191.21     -7.4916473E-005
          4202.50     -7.3424801E-005
          4213.79     -7.1960615E-005
          4225.08     -7.0523623E-005
          4236.37     -6.9113522E-005
          4247.66     -6.7729999E-005
          4258.95     -6.6372724E-005
          4270.23     -6.5041362E-005
          4281.52     -6.3735572E-005
          4292.81     -6.2455000E-005
          4304.10     -6.1199291E-005
          4315.39     -5.9968082E-005
          4326.68     -5.8761008E-005
          4337.97     -5.7577700E-005
          4349.26     -5.6417788E-005
          4360.55     -5.5280897E-005
          4371.84     -5.4166654E-005
          4383.12     -5.3074685E-005
          4394.41     -5.2004615E-005
          4405.70     -5.0956069E-005
          4416.99     -4.9928675E-005
          4428.28     -4.8922063E-005
          4439.57     -4.7935863E-005
          4450.86     -4.6969706E-005
          4462.15     -4.6023231E-005
          4473.44     -4.5096073E-005
          4484.73     -4.4187876E-005
          4496.02     -4.3298283E-005
          4507.30     -4.2426942E-005
          4518.59     -4.1573507E-005
          4529.88     -4.0737634E-005
          4541.17     -3.9918981E-005
          4552.46     -3.9117215E-005
          4563.75     -3.8332005E-005
          4575.04     -3.7563022E-005
          4586.33     -3.6809945E-005
          4597.62     -3.6072456E-005
          4608.91     -3.5350242E-005
          4620.20     -3.4642996E-005
          4631.48     -3.3950414E-005
          4642.77     -3.3272197E-005
          4654.06     -3.2608051E-005
          4665.35     -3.1957688E-005
          4676.64     -3.1320823E-005
          4687.93     -3.0697176E-005
          4699.22     -3.0086473E-005
          4710.51     -2.9488446E-005
          4721.80     -2.8902827E-005
          4733.09     -2.8329357E-005
          4744.38     -2.7767782E-005
          4755.66     -2.7217849E-005
          4766.95     -2.6679313E-005
          4778.24     -2.6151931E-005
          4789.53     -2.5635468E-005
          4800.82     -2.5129690E-005
          4812.11     -2.4634369E-005
          4823.40     -2.4149282E-005
          4834.69     -2.3674208E-005
          4845.98     -2.3208934E-005
          4857.27     -2.2753248E-005
          4868.55     -2.2306943E-005
          4879.84     -2.1869818E-005
          4891.13     -2.1441673E-005
          4902.42     -2.1022313E-005
          4913.71     -2.0611550E-005
          4925.00     -2.0209194E-005
          4936.29     -1.9815064E-005
          4947.58     -1.9428981E-005
          4958.87     -1.9050768E-005
          4970.16     -1.8680254E-005
          4981.45     -1.8317271E-005
          4992.73     -1.7961653E-005
          5004.02     -1.7613239E-005
          5015.31     -1.7271871E-005
          5026.60     -1.6937394E-005
          5037.89     -1.6609656E-005
          5049.18     -1.6288509E-005
          5060.47     -1.5973808E-005
          5071.76     -1.5665409E-005
          5083.05     -1.5363174E-005
          5094.34     -1.5066967E-005
          5105.62     -1.4776653E-005
          5116.91     -1.4492102E-005
          5128.20     -1.4213185E-005
          5139.49     -1.3939778E-005
          5150.78     -1.3671758E-005
          5162.07     -1.3409004E-005
          5173.36     -1.3151399E-005
          5184.65     -1.2898827E-005
          5195.94     -1.2651177E-005
          5207.23     -1.2408337E-005
          5218.52     -1.2170199E-005
          5229.80     -1.1936658E-005
          5241.09     -1.1707610E-005
          5252.38     -1.1482953E-005
          5263.67     -1.1262588E-005
          5274.96     -1.1046418E-005
          5286.25     -1.0834347E-005
          5297.54     -1.0626282E-005
          5308.83     -1.0422132E-005
          5320.12     -1.0221807E-005
          5331.41     -1.0025219E-005
          5342.70     -9.8322830E-006
          5353.98     -9.6429140E-006
          5365.27     -9.4570301E-006
          5376.56     -9.2745503E-006
          5387.85     -9.0953954E-006
          5399.14     -8.9194880E-006
          5410.43     -8.7467518E-006
          5421.72     -8.5771127E-006
          5433.01     -8.4104975E-006
          5444.30     -8.2468344E-006
          5455.59     -8.0860537E-006
          5466.88     -7.9280863E-006
          5478.16     -7.7728647E-006
          5489.45     -7.6203230E-006
          5500.74     -7.4703959E-006
          5512.03     -7.3230202E-006
          5523.32     -7.1781332E-006
          5534.61     -7.0356736E-006
          5545.90     -6.8955815E-006
          5557.19     -6.7577978E-006
          5568.48     -6.6222645E-006
          5579.77     -6.4889249E-006
          5591.05     -6.3577230E-006
          5602.34     -6.2286041E-006
          5613.63     -6.1015143E-006
          5624.92     -5.9764007E-006
          5636.21     -5.8532114E-006
          5647.50     -5.7318953E-006
          5658.79     -5.6124023E-006
          5670.08     -5.4946828E-006
          5681.37     -5.3786884E-006
          5692.66     -5.2643715E-006
          5703.95     -5.1516850E-006
          5715.23     -5.0405828E-006
          5726.52     -4.9310195E-006
          5737.81     -4.8229502E-006
          5749.10     -4.7163311E-006
          5760.39     -4.6111186E-006
          5771.68     -4.5072700E-006
          5782.97     -4.4047433E-006
          5794.26     -4.3034970E-006
          5805.55     -4.2034901E-006
          5816.84     -4.1046825E-006
          5828.12     -4.0070343E-006
          5839.41     -3.9105063E-006
          5850.70     -3.8150597E-006
          5861.99     -3.7206563E-006
          5873.28     -3.6272585E-006
          5884.57     -3.5348289E-006
          5895.86     -3.4433306E-006
          5907.15     -3.3527274E-006
          5918.44     -3.2629833E-006
          5929.73     -3.1740626E-006
          5941.02     -3.0859302E-006
          5952.30     -2.9985511E-006
          5963.59     -2.9118911E-006
          5974.88     -2.8259159E-006
          5986.17     -2.7405916E-006
          5997.46     -2.6558849E-006
          6008.75     -2.5717624E-006
          6020.04     -2.4881913E-006
          6031.33     -2.4051389E-006
          6042.62     -2.3225726E-006
          6053.91     -2.2404605E-006
          6065.20     -2.1587705E-006
          6076.48     -2.0774708E-006
          6087.77     -1.9965300E-006
          6099.06     -1.9159166E-006
          6110.35     -1.8355996E-006
          6121.64     -1.7555478E-006
          6132.93     -1.6757303E-006
          6144.22     -1.5961166E-006
          6155.51     -1.5166759E-006
          6166.80     -1.4373778E-006
          6178.09     -1.3581918E-006
          6189.38     -1.2790877E-006
          6200.66     -1.2000352E-006
          6211.95     -1.1210042E-006
          6223.24     -1.0419644E-006
          6234.53     -9.6288607E-007
          6245.82     -8.8373898E-007
          6257.11     -8.0449311E-007
          6268.40     -7.2511859E-007
          6279.69     -6.4558537E-007
          6290.98     -5.6586345E-007
          6302.27     -4.8592282E-007
          6313.55     -4.0573336E-007
          6324.84     -3.2526513E-007
          6336.13     -2.4448792E-007
          6347.42     -1.6337146E-007
          6358.71     -8.1885625E-008
          6370.00     -3.0291947E-042
