          3480.00     -1.8518519E-004
          3491.29     -1.8585173E-004
          3502.58     -1.8645658E-004
          3513.87     -1.8700211E-004
          3525.16     -1.8749060E-004
          3536.45     -1.8792426E-004
          3547.73     -1.8830520E-004
          3559.02     -1.8863548E-004
          3570.31     -1.8891705E-004
          3581.60     -1.8915181E-004
          3592.89     -1.8934158E-004
          3604.18     -1.8948812E-004
          3615.47     -1.8959311E-004
          3626.76     -1.8965818E-004
          3638.05     -1.8968490E-004
          3649.34     -1.8967478E-004
          3660.62     -1.8962928E-004
          3671.91     -1.8954979E-004
          3683.20     -1.8943766E-004
          3694.49     -1.8929420E-004
          3705.78     -1.8912064E-004
          3717.07     -1.8891820E-004
          3728.36     -1.8868804E-004
          3739.65     -1.8843127E-004
          3750.94     -1.8814897E-004
          3762.23     -1.8784218E-004
          3773.52     -1.8751190E-004
          3784.80     -1.8715908E-004
          3796.09     -1.8678466E-004
          3807.38     -1.8638952E-004
          3818.67     -1.8597453E-004
          3829.96     -1.8554051E-004
          3841.25     -1.8508826E-004
          3852.54     -1.8461854E-004
          3863.83     -1.8413210E-004
          3875.12     -1.8362965E-004
          3886.41     -1.8311186E-004
          3897.70     -1.8257941E-004
          3908.98     -1.8203292E-004
          3920.27     -1.8147301E-004
          3931.56     -1.8090027E-004
          3942.85     -1.8031526E-004
          3954.14     -1.7971852E-004
          3965.43     -1.7911059E-004
          3976.72     -1.7849197E-004
          3988.01     -1.7786314E-004
          3999.30     -1.7722457E-004
          4010.59     -1.7657671E-004
          4021.88     -1.7592000E-004
          4033.16     -1.7525485E-004
          4044.45     -1.7458166E-004
          4055.74     -1.7390082E-004
          4067.03     -1.7321269E-004
          4078.32     -1.7251764E-004
          4089.61     -1.7181601E-004
          4100.90     -1.7110812E-004
          4112.19     -1.7039429E-004
          4123.48     -1.6967483E-004
          4134.77     -1.6895002E-004
          4146.05     -1.6822015E-004
          4157.34     -1.6748549E-004
          4168.63     -1.6674630E-004
          4179.92     -1.6600281E-004
          4191.21     -1.6525528E-004
          4202.50     -1.6450393E-004
          4213.79     -1.6374898E-004
          4225.08     -1.6299063E-004
          4236.37     -1.6222910E-004
          4247.66     -1.6146457E-004
          4258.95     -1.6069722E-004
          4270.23     -1.5992724E-004
          4281.52     -1.5915480E-004
          4292.81     -1.5838005E-004
          4304.10     -1.5760315E-004
          4315.39     -1.5682425E-004
          4326.68     -1.5604349E-004
          4337.97     -1.5526101E-004
          4349.26     -1.5447693E-004
          4360.55     -1.5369138E-004
          4371.84     -1.5290447E-004
          4383.12     -1.5211632E-004
          4394.41     -1.5132704E-004
          4405.70     -1.5053671E-004
          4416.99     -1.4974545E-004
          4428.28     -1.4895334E-004
          4439.57     -1.4816046E-004
          4450.86     -1.4736691E-004
          4462.15     -1.4657275E-004
          4473.44     -1.4577807E-004
          4484.73     -1.4498293E-004
          4496.02     -1.4418739E-004
          4507.30     -1.4339152E-004
          4518.59     -1.4259538E-004
          4529.88     -1.4179901E-004
          4541.17     -1.4100248E-004
          4552.46     -1.4020583E-004
          4563.75     -1.3940910E-004
          4575.04     -1.3861233E-004
          4586.33     -1.3781557E-004
          4597.62     -1.3701884E-004
          4608.91     -1.3622218E-004
          4620.20     -1.3542563E-004
          4631.48     -1.3462920E-004
          4642.77     -1.3383293E-004
          4654.06     -1.3303682E-004
          4665.35     -1.3224092E-004
          4676.64     -1.3144522E-004
          4687.93     -1.3064975E-004
          4699.22     -1.2985452E-004
          4710.51     -1.2905954E-004
          4721.80     -1.2826481E-004
          4733.09     -1.2747036E-004
          4744.38     -1.2667617E-004
          4755.66     -1.2588226E-004
          4766.95     -1.2508863E-004
          4778.24     -1.2429527E-004
          4789.53     -1.2350218E-004
          4800.82     -1.2270937E-004
          4812.11     -1.2191682E-004
          4823.40     -1.2112452E-004
          4834.69     -1.2033248E-004
          4845.98     -1.1954068E-004
          4857.27     -1.1874910E-004
          4868.55     -1.1795775E-004
          4879.84     -1.1716659E-004
          4891.13     -1.1637563E-004
          4902.42     -1.1558484E-004
          4913.71     -1.1479420E-004
          4925.00     -1.1400370E-004
          4936.29     -1.1321332E-004
          4947.58     -1.1242304E-004
          4958.87     -1.1163283E-004
          4970.16     -1.1084267E-004
          4981.45     -1.1005255E-004
          4992.73     -1.0926242E-004
          5004.02     -1.0847228E-004
          5015.31     -1.0768209E-004
          5026.60     -1.0689183E-004
          5037.89     -1.0610147E-004
          5049.18     -1.0531098E-004
          5060.47     -1.0452032E-004
          5071.76     -1.0372948E-004
          5083.05     -1.0293841E-004
          5094.34     -1.0214709E-004
          5105.62     -1.0135548E-004
          5116.91     -1.0056355E-004
          5128.20     -9.9771275E-005
          5139.49     -9.8978606E-005
          5150.78     -9.8185515E-005
          5162.07     -9.7391965E-005
          5173.36     -9.6597919E-005
          5184.65     -9.5803341E-005
          5195.94     -9.5008193E-005
          5207.23     -9.4212437E-005
          5218.52     -9.3416034E-005
          5229.80     -9.2618945E-005
          5241.09     -9.1821130E-005
          5252.38     -9.1022550E-005
          5263.67     -9.0223162E-005
          5274.96     -8.9422927E-005
          5286.25     -8.8621803E-005
          5297.54     -8.7819748E-005
          5308.83     -8.7016719E-005
          5320.12     -8.6212672E-005
          5331.41     -8.5407565E-005
          5342.70     -8.4601355E-005
          5353.98     -8.3793996E-005
          5365.27     -8.2985444E-005
          5376.56     -8.2175655E-005
          5387.85     -8.1364583E-005
          5399.14     -8.0552183E-005
          5410.43     -7.9738407E-005
          5421.72     -7.8923210E-005
          5433.01     -7.8106545E-005
          5444.30     -7.7288365E-005
          5455.59     -7.6468623E-005
          5466.88     -7.5647270E-005
          5478.16     -7.4824260E-005
          5489.45     -7.3999542E-005
          5500.74     -7.3173068E-005
          5512.03     -7.2344791E-005
          5523.32     -7.1514659E-005
          5534.61     -7.0682623E-005
          5545.90     -6.9848635E-005
          5557.19     -6.9012643E-005
          5568.48     -6.8174597E-005
          5579.77     -6.7334446E-005
          5591.05     -6.6492138E-005
          5602.34     -6.5647624E-005
          5613.63     -6.4800851E-005
          5624.92     -6.3951767E-005
          5636.21     -6.3100321E-005
          5647.50     -6.2246459E-005
          5658.79     -6.1390130E-005
          5670.08     -6.0531280E-005
          5681.37     -5.9669856E-005
          5692.66     -5.8805805E-005
          5703.95     -5.7939073E-005
          5715.23     -5.7069606E-005
          5726.52     -5.6197351E-005
          5737.81     -5.5322253E-005
          5749.10     -5.4444257E-005
          5760.39     -5.3563308E-005
          5771.68     -5.2679352E-005
          5782.97     -5.1792333E-005
          5794.26     -5.0902195E-005
          5805.55     -5.0008883E-005
          5816.84     -4.9112342E-005
          5828.12     -4.8212514E-005
          5839.41     -4.7309344E-005
          5850.70     -4.6402774E-005
          5861.99     -4.5492747E-005
          5873.28     -4.4579208E-005
          5884.57     -4.3662098E-005
          5895.86     -4.2741359E-005
          5907.15     -4.1816935E-005
          5918.44     -4.0888767E-005
          5929.73     -3.9956797E-005
          5941.02     -3.9020966E-005
          5952.30     -3.8081216E-005
          5963.59     -3.7137488E-005
          5974.88     -3.6189724E-005
          5986.17     -3.5237862E-005
          5997.46     -3.4281845E-005
          6008.75     -3.3321613E-005
          6020.04     -3.2357106E-005
          6031.33     -3.1388263E-005
          6042.62     -3.0415024E-005
          6053.91     -2.9437329E-005
          6065.20     -2.8455116E-005
          6076.48     -2.7468325E-005
          6087.77     -2.6476896E-005
          6099.06     -2.5480765E-005
          6110.35     -2.4479873E-005
          6121.64     -2.3474156E-005
          6132.93     -2.2463552E-005
          6144.22     -2.1448000E-005
          6155.51     -2.0427438E-005
          6166.80     -1.9401801E-005
          6178.09     -1.8371028E-005
          6189.38     -1.7335055E-005
          6200.66     -1.6293820E-005
          6211.95     -1.5247258E-005
          6223.24     -1.4195305E-005
          6234.53     -1.3137898E-005
          6245.82     -1.2074973E-005
          6257.11     -1.1006464E-005
          6268.40     -9.9323088E-006
          6279.69     -8.8524410E-006
          6290.98     -7.7667958E-006
          6302.27     -6.6753080E-006
          6313.55     -5.5779110E-006
          6324.84     -4.4745411E-006
          6336.13     -3.3651314E-006
          6347.42     -2.2496148E-006
          6358.71     -1.1279268E-006
          6370.00     -2.9487614E-040
