          3480.00     -1.8518519E-004
          3491.29     -1.8520564E-004
          3502.58     -1.8521803E-004
          3513.87     -1.8522251E-004
          3525.16     -1.8521921E-004
          3536.45     -1.8520830E-004
          3547.73     -1.8518989E-004
          3559.02     -1.8516414E-004
          3570.31     -1.8513116E-004
          3581.60     -1.8509108E-004
          3592.89     -1.8504403E-004
          3604.18     -1.8499012E-004
          3615.47     -1.8492945E-004
          3626.76     -1.8486215E-004
          3638.05     -1.8478831E-004
          3649.34     -1.8470803E-004
          3660.62     -1.8462142E-004
          3671.91     -1.8452855E-004
          3683.20     -1.8442953E-004
          3694.49     -1.8432445E-004
          3705.78     -1.8421337E-004
          3717.07     -1.8409639E-004
          3728.36     -1.8397358E-004
          3739.65     -1.8384501E-004
          3750.94     -1.8371076E-004
          3762.23     -1.8357089E-004
          3773.52     -1.8342547E-004
          3784.80     -1.8327457E-004
          3796.09     -1.8311823E-004
          3807.38     -1.8295653E-004
          3818.67     -1.8278951E-004
          3829.96     -1.8261723E-004
          3841.25     -1.8243974E-004
          3852.54     -1.8225708E-004
          3863.83     -1.8206931E-004
          3875.12     -1.8187646E-004
          3886.41     -1.8167859E-004
          3897.70     -1.8147571E-004
          3908.98     -1.8126789E-004
          3920.27     -1.8105515E-004
          3931.56     -1.8083752E-004
          3942.85     -1.8061504E-004
          3954.14     -1.8038774E-004
          3965.43     -1.8015564E-004
          3976.72     -1.7991878E-004
          3988.01     -1.7967717E-004
          3999.30     -1.7943085E-004
          4010.59     -1.7917983E-004
          4021.88     -1.7892414E-004
          4033.16     -1.7866379E-004
          4044.45     -1.7839880E-004
          4055.74     -1.7812919E-004
          4067.03     -1.7785498E-004
          4078.32     -1.7757617E-004
          4089.61     -1.7729278E-004
          4100.90     -1.7700482E-004
          4112.19     -1.7671230E-004
          4123.48     -1.7641522E-004
          4134.77     -1.7611361E-004
          4146.05     -1.7580745E-004
          4157.34     -1.7549676E-004
          4168.63     -1.7518155E-004
          4179.92     -1.7486181E-004
          4191.21     -1.7453754E-004
          4202.50     -1.7420876E-004
          4213.79     -1.7387545E-004
          4225.08     -1.7353762E-004
          4236.37     -1.7319526E-004
          4247.66     -1.7284837E-004
          4258.95     -1.7249696E-004
          4270.23     -1.7214101E-004
          4281.52     -1.7178052E-004
          4292.81     -1.7141548E-004
          4304.10     -1.7104589E-004
          4315.39     -1.7067173E-004
          4326.68     -1.7029301E-004
          4337.97     -1.6990971E-004
          4349.26     -1.6952182E-004
          4360.55     -1.6912933E-004
          4371.84     -1.6873223E-004
          4383.12     -1.6833050E-004
          4394.41     -1.6792414E-004
          4405.70     -1.6751314E-004
          4416.99     -1.6709747E-004
          4428.28     -1.6667713E-004
          4439.57     -1.6625209E-004
          4450.86     -1.6582235E-004
          4462.15     -1.6538788E-004
          4473.44     -1.6494867E-004
          4484.73     -1.6450471E-004
          4496.02     -1.6405597E-004
          4507.30     -1.6360244E-004
          4518.59     -1.6314409E-004
          4529.88     -1.6268091E-004
          4541.17     -1.6221289E-004
          4552.46     -1.6173999E-004
          4563.75     -1.6126220E-004
          4575.04     -1.6077949E-004
          4586.33     -1.6029185E-004
          4597.62     -1.5979926E-004
          4608.91     -1.5930168E-004
          4620.20     -1.5879910E-004
          4631.48     -1.5829150E-004
          4642.77     -1.5777885E-004
          4654.06     -1.5726112E-004
          4665.35     -1.5673830E-004
          4676.64     -1.5621035E-004
          4687.93     -1.5567726E-004
          4699.22     -1.5513900E-004
          4710.51     -1.5459553E-004
          4721.80     -1.5404684E-004
          4733.09     -1.5349290E-004
          4744.38     -1.5293369E-004
          4755.66     -1.5236917E-004
          4766.95     -1.5179931E-004
          4778.24     -1.5122410E-004
          4789.53     -1.5064350E-004
          4800.82     -1.5005748E-004
          4812.11     -1.4946602E-004
          4823.40     -1.4886908E-004
          4834.69     -1.4826665E-004
          4845.98     -1.4765868E-004
          4857.27     -1.4704514E-004
          4868.55     -1.4642602E-004
          4879.84     -1.4580128E-004
          4891.13     -1.4517088E-004
          4902.42     -1.4453480E-004
          4913.71     -1.4389301E-004
          4925.00     -1.4324548E-004
          4936.29     -1.4259216E-004
          4947.58     -1.4193305E-004
          4958.87     -1.4126809E-004
          4970.16     -1.4059726E-004
          4981.45     -1.3992053E-004
          4992.73     -1.3923786E-004
          5004.02     -1.3854923E-004
          5015.31     -1.3785460E-004
          5026.60     -1.3715393E-004
          5037.89     -1.3644720E-004
          5049.18     -1.3573436E-004
          5060.47     -1.3501540E-004
          5071.76     -1.3429026E-004
          5083.05     -1.3355893E-004
          5094.34     -1.3282136E-004
          5105.62     -1.3207752E-004
          5116.91     -1.3132738E-004
          5128.20     -1.3057090E-004
          5139.49     -1.2980805E-004
          5150.78     -1.2903879E-004
          5162.07     -1.2826309E-004
          5173.36     -1.2748091E-004
          5184.65     -1.2669222E-004
          5195.94     -1.2589698E-004
          5207.23     -1.2509515E-004
          5218.52     -1.2428671E-004
          5229.80     -1.2347161E-004
          5241.09     -1.2264982E-004
          5252.38     -1.2182130E-004
          5263.67     -1.2098602E-004
          5274.96     -1.2014393E-004
          5286.25     -1.1929501E-004
          5297.54     -1.1843922E-004
          5308.83     -1.1757651E-004
          5320.12     -1.1670686E-004
          5331.41     -1.1583022E-004
          5342.70     -1.1494657E-004
          5353.98     -1.1405585E-004
          5365.27     -1.1315803E-004
          5376.56     -1.1225308E-004
          5387.85     -1.1134096E-004
          5399.14     -1.1042163E-004
          5410.43     -1.0949505E-004
          5421.72     -1.0856119E-004
          5433.01     -1.0762000E-004
          5444.30     -1.0667145E-004
          5455.59     -1.0571550E-004
          5466.88     -1.0475211E-004
          5478.16     -1.0378124E-004
          5489.45     -1.0280286E-004
          5500.74     -1.0181692E-004
          5512.03     -1.0082339E-004
          5523.32     -9.9822225E-005
          5534.61     -9.8813387E-005
          5545.90     -9.7796839E-005
          5557.19     -9.6772541E-005
          5568.48     -9.5740453E-005
          5579.77     -9.4700535E-005
          5591.05     -9.3652748E-005
          5602.34     -9.2597053E-005
          5613.63     -9.1533410E-005
          5624.92     -9.0461777E-005
          5636.21     -8.9382117E-005
          5647.50     -8.8294389E-005
          5658.79     -8.7198552E-005
          5670.08     -8.6094567E-005
          5681.37     -8.4982392E-005
          5692.66     -8.3861989E-005
          5703.95     -8.2733315E-005
          5715.23     -8.1596330E-005
          5726.52     -8.0450995E-005
          5737.81     -7.9297268E-005
          5749.10     -7.8135108E-005
          5760.39     -7.6964474E-005
          5771.68     -7.5785325E-005
          5782.97     -7.4597620E-005
          5794.26     -7.3401319E-005
          5805.55     -7.2196378E-005
          5816.84     -7.0982759E-005
          5828.12     -6.9760418E-005
          5839.41     -6.8529315E-005
          5850.70     -6.7289407E-005
          5861.99     -6.6040653E-005
          5873.28     -6.4783012E-005
          5884.57     -6.3516441E-005
          5895.86     -6.2240897E-005
          5907.15     -6.0956341E-005
          5918.44     -5.9662730E-005
          5929.73     -5.8360021E-005
          5941.02     -5.7048171E-005
          5952.30     -5.5727139E-005
          5963.59     -5.4396882E-005
          5974.88     -5.3057359E-005
          5986.17     -5.1708524E-005
          5997.46     -5.0350338E-005
          6008.75     -4.8982757E-005
          6020.04     -4.7605738E-005
          6031.33     -4.6219239E-005
          6042.62     -4.4823214E-005
          6053.91     -4.3417624E-005
          6065.20     -4.2002424E-005
          6076.48     -4.0577570E-005
          6087.77     -3.9143021E-005
          6099.06     -3.7698732E-005
          6110.35     -3.6244661E-005
          6121.64     -3.4780763E-005
          6132.93     -3.3306993E-005
          6144.22     -3.1823312E-005
          6155.51     -3.0329673E-005
          6166.80     -2.8826032E-005
          6178.09     -2.7312347E-005
          6189.38     -2.5788574E-005
          6200.66     -2.4254667E-005
          6211.95     -2.2710584E-005
          6223.24     -2.1156279E-005
          6234.53     -1.9591709E-005
          6245.82     -1.8016831E-005
          6257.11     -1.6431597E-005
          6268.40     -1.4835966E-005
          6279.69     -1.3229893E-005
          6290.98     -1.1613332E-005
          6302.27     -9.9862393E-006
          6313.55     -8.3485685E-006
          6324.84     -6.7002777E-006
          6336.13     -5.0413206E-006
          6347.42     -3.3716507E-006
          6358.71     -1.6912260E-006
          6370.00      0.0000000E+000
