          3480.00     -2.3059593E-004
          3491.29     -2.3142961E-004
          3502.58     -2.3177234E-004
          3513.87     -2.3166914E-004
          3525.16     -2.3116165E-004
          3536.45     -2.3028835E-004
          3547.73     -2.2908481E-004
          3559.02     -2.2758391E-004
          3570.31     -2.2581599E-004
          3581.60     -2.2380909E-004
          3592.89     -2.2158908E-004
          3604.18     -2.1917926E-004
          3615.47     -2.1660068E-004
          3626.76     -2.1387368E-004
          3638.05     -2.1101697E-004
          3649.34     -2.0804777E-004
          3660.62     -2.0498188E-004
          3671.91     -2.0183381E-004
          3683.20     -1.9861689E-004
          3694.49     -1.9534331E-004
          3705.78     -1.9202425E-004
          3717.07     -1.8866992E-004
          3728.36     -1.8528966E-004
          3739.65     -1.8189197E-004
          3750.94     -1.7848462E-004
          3762.23     -1.7507464E-004
          3773.52     -1.7166845E-004
          3784.80     -1.6827183E-004
          3796.09     -1.6489005E-004
          3807.38     -1.6152800E-004
          3818.67     -1.5818991E-004
          3829.96     -1.5487960E-004
          3841.25     -1.5160047E-004
          3852.54     -1.4835555E-004
          3863.83     -1.4514751E-004
          3875.12     -1.4197875E-004
          3886.41     -1.3885133E-004
          3897.70     -1.3576708E-004
          3908.98     -1.3272755E-004
          3920.27     -1.2973409E-004
          3931.56     -1.2678782E-004
          3942.85     -1.2388970E-004
          3954.14     -1.2104057E-004
          3965.43     -1.1824106E-004
          3976.72     -1.1549163E-004
          3988.01     -1.1279259E-004
          3999.30     -1.1014413E-004
          4010.59     -1.0754635E-004
          4021.88     -1.0499923E-004
          4033.16     -1.0250267E-004
          4044.45     -1.0005649E-004
          4055.74     -9.7660414E-005
          4067.03     -9.5314128E-005
          4078.32     -9.3017242E-005
          4089.61     -9.0769312E-005
          4100.90     -8.8569854E-005
          4112.19     -8.6418336E-005
          4123.48     -8.4314187E-005
          4134.77     -8.2256803E-005
          4146.05     -8.0245550E-005
          4157.34     -7.8279773E-005
          4168.63     -7.6358789E-005
          4179.92     -7.4481899E-005
          4191.21     -7.2648391E-005
          4202.50     -7.0857537E-005
          4213.79     -6.9108599E-005
          4225.08     -6.7400833E-005
          4236.37     -6.5733484E-005
          4247.66     -6.4105799E-005
          4258.95     -6.2517014E-005
          4270.23     -6.0966368E-005
          4281.52     -5.9453109E-005
          4292.81     -5.7976479E-005
          4304.10     -5.6535726E-005
          4315.39     -5.5130104E-005
          4326.68     -5.3758868E-005
          4337.97     -5.2421285E-005
          4349.26     -5.1116623E-005
          4360.55     -4.9844161E-005
          4371.84     -4.8603257E-005
          4383.12     -4.7393130E-005
          4394.41     -4.6213085E-005
          4405.70     -4.5062431E-005
          4416.99     -4.3940491E-005
          4428.28     -4.2846604E-005
          4439.57     -4.1780115E-005
          4450.86     -4.0740379E-005
          4462.15     -3.9726766E-005
          4473.44     -3.8738655E-005
          4484.73     -3.7775435E-005
          4496.02     -3.6836508E-005
          4507.30     -3.5921286E-005
          4518.59     -3.5029194E-005
          4529.88     -3.4159667E-005
          4541.17     -3.3312150E-005
          4552.46     -3.2486106E-005
          4563.75     -3.1681003E-005
          4575.04     -3.0896322E-005
          4586.33     -3.0131553E-005
          4597.62     -2.9386200E-005
          4608.91     -2.8659776E-005
          4620.20     -2.7951805E-005
          4631.48     -2.7261822E-005
          4642.77     -2.6589372E-005
          4654.06     -2.5934012E-005
          4665.35     -2.5295307E-005
          4676.64     -2.4672834E-005
          4687.93     -2.4066178E-005
          4699.22     -2.3474935E-005
          4710.51     -2.2898710E-005
          4721.80     -2.2337118E-005
          4733.09     -2.1789785E-005
          4744.38     -2.1256342E-005
          4755.66     -2.0736432E-005
          4766.95     -2.0229707E-005
          4778.24     -1.9735824E-005
          4789.53     -1.9254453E-005
          4800.82     -1.8785270E-005
          4812.11     -1.8327959E-005
          4823.40     -1.7882212E-005
          4834.69     -1.7447730E-005
          4845.98     -1.7024219E-005
          4857.27     -1.6611392E-005
          4868.55     -1.6208971E-005
          4879.84     -1.5816686E-005
          4891.13     -1.5434272E-005
          4902.42     -1.5061473E-005
          4913.71     -1.4698039E-005
          4925.00     -1.4343725E-005
          4936.29     -1.3998293E-005
          4947.58     -1.3661512E-005
          4958.87     -1.3333156E-005
          4970.16     -1.3013005E-005
          4981.45     -1.2700844E-005
          4992.73     -1.2396466E-005
          5004.02     -1.2099665E-005
          5015.31     -1.1810242E-005
          5026.60     -1.1528006E-005
          5037.89     -1.1252768E-005
          5049.18     -1.0984345E-005
          5060.47     -1.0722560E-005
          5071.76     -1.0467239E-005
          5083.05     -1.0218213E-005
          5094.34     -9.9753184E-006
          5105.62     -9.7383942E-006
          5116.91     -9.5072847E-006
          5128.20     -9.2818377E-006
          5139.49     -9.0619054E-006
          5150.78     -8.8473429E-006
          5162.07     -8.6380091E-006
          5173.36     -8.4337672E-006
          5184.65     -8.2344845E-006
          5195.94     -8.0400314E-006
          5207.23     -7.8502815E-006
          5218.52     -7.6651122E-006
          5229.80     -7.4844035E-006
          5241.09     -7.3080391E-006
          5252.38     -7.1359053E-006
          5263.67     -6.9678915E-006
          5274.96     -6.8038902E-006
          5286.25     -6.6437962E-006
          5297.54     -6.4875072E-006
          5308.83     -6.3349227E-006
          5320.12     -6.1859459E-006
          5331.41     -6.0404824E-006
          5342.70     -5.8984403E-006
          5353.98     -5.7597297E-006
          5365.27     -5.6242638E-006
          5376.56     -5.4919578E-006
          5387.85     -5.3627281E-006
          5399.14     -5.2364940E-006
          5410.43     -5.1131767E-006
          5421.72     -4.9926999E-006
          5433.01     -4.8749887E-006
          5444.30     -4.7599704E-006
          5455.59     -4.6475728E-006
          5466.88     -4.5377268E-006
          5478.16     -4.4303651E-006
          5489.45     -4.3254221E-006
          5500.74     -4.2228339E-006
          5512.03     -4.1225383E-006
          5523.32     -4.0244746E-006
          5534.61     -3.9285834E-006
          5545.90     -3.8348071E-006
          5557.19     -3.7430895E-006
          5568.48     -3.6533755E-006
          5579.77     -3.5655965E-006
          5591.05     -3.4796990E-006
          5602.34     -3.3956335E-006
          5613.63     -3.3133514E-006
          5624.92     -3.2328053E-006
          5636.21     -3.1539489E-006
          5647.50     -3.0767371E-006
          5658.79     -3.0011256E-006
          5670.08     -2.9270707E-006
          5681.37     -2.8544469E-006
          5692.66     -2.7832196E-006
          5703.95     -2.7133544E-006
          5715.23     -2.6448176E-006
          5726.52     -2.5775757E-006
          5737.81     -2.5115957E-006
          5749.10     -2.4468451E-006
          5760.39     -2.3832917E-006
          5771.68     -2.3209037E-006
          5782.97     -2.2596554E-006
          5794.26     -2.1995737E-006
          5805.55     -2.1406226E-006
          5816.84     -2.0827672E-006
          5828.12     -2.0259732E-006
          5839.41     -1.9702069E-006
          5850.70     -1.9154353E-006
          5861.99     -1.8616261E-006
          5873.28     -1.8087476E-006
          5884.57     -1.7567687E-006
          5895.86     -1.7056589E-006
          5907.15     -1.6553881E-006
          5918.44     -1.6059098E-006
          5929.73     -1.5571967E-006
          5941.02     -1.5092219E-006
          5952.30     -1.4619589E-006
          5963.59     -1.4153818E-006
          5974.88     -1.3694620E-006
          5986.17     -1.3241709E-006
          5997.46     -1.2794842E-006
          6008.75     -1.2353778E-006
          6020.04     -1.1918278E-006
          6031.33     -1.1488263E-006
          6042.62     -1.1063482E-006
          6053.91     -1.0643689E-006
          6065.20     -1.0228642E-006
          6076.48     -9.8181443E-007
          6087.77     -9.4119862E-007
          6099.06     -9.0099245E-007
          6110.35     -8.6117197E-007
          6121.64     -8.2171152E-007
          6132.93     -7.8257687E-007
          6144.22     -7.4374683E-007
          6155.51     -7.0520440E-007
          6166.80     -6.6692832E-007
          6178.09     -6.2890555E-007
          6189.38     -5.9111650E-007
          6200.66     -5.5353811E-007
          6211.95     -5.1614753E-007
          6223.24     -4.7892209E-007
          6234.53     -4.4183934E-007
          6245.82     -4.0487701E-007
          6257.11     -3.6801291E-007
          6268.40     -3.3122518E-007
          6279.69     -2.9449227E-007
          6290.98     -2.5779241E-007
          6302.27     -2.2110378E-007
          6313.55     -1.8440467E-007
          6324.84     -1.4767362E-007
          6336.13     -1.1088912E-007
          6347.42     -7.4029594E-008
          6358.71     -3.7073675E-008
          6370.00     -7.3656014E-043
