          3480.00     -1.8518519E-004
          3491.29     -1.8526062E-004
          3502.58     -1.8396443E-004
          3513.87     -1.8154362E-004
          3525.16     -1.7821062E-004
          3536.45     -1.7414782E-004
          3547.73     -1.6951134E-004
          3559.02     -1.6443454E-004
          3570.31     -1.5903088E-004
          3581.60     -1.5339662E-004
          3592.89     -1.4761305E-004
          3604.18     -1.4174848E-004
          3615.47     -1.3586003E-004
          3626.76     -1.2999507E-004
          3638.05     -1.2419264E-004
          3649.34     -1.1848457E-004
          3660.62     -1.1289647E-004
          3671.91     -1.0744865E-004
          3683.20     -1.0215688E-004
          3694.49     -9.7033039E-005
          3705.78     -9.2085749E-005
          3717.07     -8.7320816E-005
          3728.36     -8.2741705E-005
          3739.65     -7.8349924E-005
          3750.94     -7.4145333E-005
          3762.23     -7.0126441E-005
          3773.52     -6.6290647E-005
          3784.80     -6.2634448E-005
          3796.09     -5.9153637E-005
          3807.38     -5.5843429E-005
          3818.67     -5.2698614E-005
          3829.96     -4.9713671E-005
          3841.25     -4.6882849E-005
          3852.54     -4.4200258E-005
          3863.83     -4.1659936E-005
          3875.12     -3.9255901E-005
          3886.41     -3.6982208E-005
          3897.70     -3.4832974E-005
          3908.98     -3.2802418E-005
          3920.27     -3.0884887E-005
          3931.56     -2.9074873E-005
          3942.85     -2.7367025E-005
          3954.14     -2.5756171E-005
          3965.43     -2.4237314E-005
          3976.72     -2.2805649E-005
          3988.01     -2.1456558E-005
          3999.30     -2.0185613E-005
          4010.59     -1.8988580E-005
          4021.88     -1.7861413E-005
          4033.16     -1.6800250E-005
          4044.45     -1.5801415E-005
          4055.74     -1.4861405E-005
          4067.03     -1.3976897E-005
          4078.32     -1.3144731E-005
          4089.61     -1.2361910E-005
          4100.90     -1.1625595E-005
          4112.19     -1.0933094E-005
          4123.48     -1.0281861E-005
          4134.77     -9.6694885E-006
          4146.05     -9.0936986E-006
          4157.34     -8.5523417E-006
          4168.63     -8.0433865E-006
          4179.92     -7.5649159E-006
          4191.21     -7.1151223E-006
          4202.50     -6.6923004E-006
          4213.79     -6.2948427E-006
          4225.08     -5.9212347E-006
          4236.37     -5.5700493E-006
          4247.66     -5.2399435E-006
          4258.95     -4.9296521E-006
          4270.23     -4.6379842E-006
          4281.52     -4.3638200E-006
          4292.81     -4.1061051E-006
          4304.10     -3.8638481E-006
          4315.39     -3.6361166E-006
          4326.68     -3.4220338E-006
          4337.97     -3.2207757E-006
          4349.26     -3.0315674E-006
          4360.55     -2.8536805E-006
          4371.84     -2.6864310E-006
          4383.12     -2.5291755E-006
          4394.41     -2.3813100E-006
          4405.70     -2.2422667E-006
          4416.99     -2.1115121E-006
          4428.28     -1.9885455E-006
          4439.57     -1.8728963E-006
          4450.86     -1.7641222E-006
          4462.15     -1.6618084E-006
          4473.44     -1.5655648E-006
          4484.73     -1.4750252E-006
          4496.02     -1.3898457E-006
          4507.30     -1.3097032E-006
          4518.59     -1.2342946E-006
          4529.88     -1.1633348E-006
          4541.17     -1.0965563E-006
          4552.46     -1.0337080E-006
          4563.75     -9.7455386E-007
          4575.04     -9.1887227E-007
          4586.33     -8.6645512E-007
          4597.62     -8.1710690E-007
          4608.91     -7.7064413E-007
          4620.20     -7.2689434E-007
          4631.48     -6.8569553E-007
          4642.77     -6.4689565E-007
          4654.06     -6.1035178E-007
          4665.35     -5.7592967E-007
          4676.64     -5.4350322E-007
          4687.93     -5.1295395E-007
          4699.22     -4.8417060E-007
          4710.51     -4.5704857E-007
          4721.80     -4.3148958E-007
          4733.09     -4.0740134E-007
          4744.38     -3.8469706E-007
          4755.66     -3.6329521E-007
          4766.95     -3.4311914E-007
          4778.24     -3.2409682E-007
          4789.53     -3.0616057E-007
          4800.82     -2.8924674E-007
          4812.11     -2.7329547E-007
          4823.40     -2.5825056E-007
          4834.69     -2.4405909E-007
          4845.98     -2.3067134E-007
          4857.27     -2.1804054E-007
          4868.55     -2.0612271E-007
          4879.84     -1.9487650E-007
          4891.13     -1.8426300E-007
          4902.42     -1.7424561E-007
          4913.71     -1.6478992E-007
          4925.00     -1.5586352E-007
          4936.29     -1.4743594E-007
          4947.58     -1.3947852E-007
          4958.87     -1.3196424E-007
          4970.16     -1.2486775E-007
          4981.45     -1.1816511E-007
          4992.73     -1.1183383E-007
          5004.02     -1.0585274E-007
          5015.31     -1.0020189E-007
          5026.60     -9.4862509E-008
          5037.89     -8.9816910E-008
          5049.18     -8.5048445E-008
          5060.47     -8.0541440E-008
          5071.76     -7.6281125E-008
          5083.05     -7.2253583E-008
          5094.34     -6.8445717E-008
          5105.62     -6.4845175E-008
          5116.91     -6.1440324E-008
          5128.20     -5.8220200E-008
          5139.49     -5.5174470E-008
          5150.78     -5.2293401E-008
          5162.07     -4.9567813E-008
          5173.36     -4.6989050E-008
          5184.65     -4.4548961E-008
          5195.94     -4.2239852E-008
          5207.23     -4.0054472E-008
          5218.52     -3.7985980E-008
          5229.80     -3.6027926E-008
          5241.09     -3.4174229E-008
          5252.38     -3.2419149E-008
          5263.67     -3.0757269E-008
          5274.96     -2.9183486E-008
          5286.25     -2.7692976E-008
          5297.54     -2.6281192E-008
          5308.83     -2.4943842E-008
          5320.12     -2.3676872E-008
          5331.41     -2.2476459E-008
          5342.70     -2.1338993E-008
          5353.98     -2.0261063E-008
          5365.27     -1.9239452E-008
          5376.56     -1.8271120E-008
          5387.85     -1.7353196E-008
          5399.14     -1.6482969E-008
          5410.43     -1.5657876E-008
          5421.72     -1.4875501E-008
          5433.01     -1.4133555E-008
          5444.30     -1.3429878E-008
          5455.59     -1.2762431E-008
          5466.88     -1.2129284E-008
          5478.16     -1.1528614E-008
          5489.45     -1.0958696E-008
          5500.74     -1.0417902E-008
          5512.03     -9.9046913E-009
          5523.32     -9.4176073E-009
          5534.61     -8.9552722E-009
          5545.90     -8.5163840E-009
          5557.19     -8.0997100E-009
          5568.48     -7.7040848E-009
          5579.77     -7.3284057E-009
          5591.05     -6.9716289E-009
          5602.34     -6.6327679E-009
          5613.63     -6.3108881E-009
          5624.92     -6.0051050E-009
          5636.21     -5.7145821E-009
          5647.50     -5.4385266E-009
          5658.79     -5.1761885E-009
          5670.08     -4.9268574E-009
          5681.37     -4.6898602E-009
          5692.66     -4.4645604E-009
          5703.95     -4.2503540E-009
          5715.23     -4.0466693E-009
          5726.52     -3.8529648E-009
          5737.81     -3.6687269E-009
          5749.10     -3.4934692E-009
          5760.39     -3.3267305E-009
          5771.68     -3.1680735E-009
          5782.97     -3.0170839E-009
          5794.26     -2.8733685E-009
          5805.55     -2.7365543E-009
          5816.84     -2.6062879E-009
          5828.12     -2.4822336E-009
          5839.41     -2.3640729E-009
          5850.70     -2.2515036E-009
          5861.99     -2.1442386E-009
          5873.28     -2.0420056E-009
          5884.57     -1.9445458E-009
          5895.86     -1.8516131E-009
          5907.15     -1.7629741E-009
          5918.44     -1.6784066E-009
          5929.73     -1.5976994E-009
          5941.02     -1.5206517E-009
          5952.30     -1.4470723E-009
          5963.59     -1.3767794E-009
          5974.88     -1.3095999E-009
          5986.17     -1.2453685E-009
          5997.46     -1.1839284E-009
          6008.75     -1.1251294E-009
          6020.04     -1.0688285E-009
          6031.33     -1.0148894E-009
          6042.62     -9.6318158E-010
          6053.91     -9.1358055E-010
          6065.20     -8.6596715E-010
          6076.48     -8.2022733E-010
          6087.77     -7.7625196E-010
          6099.06     -7.3393632E-010
          6110.35     -6.9317997E-010
          6121.64     -6.5388646E-010
          6132.93     -6.1596299E-010
          6144.22     -5.7932038E-010
          6155.51     -5.4387258E-010
          6166.80     -5.0953655E-010
          6178.09     -4.7623217E-010
          6189.38     -4.4388183E-010
          6200.66     -4.1241035E-010
          6211.95     -3.8174476E-010
          6223.24     -3.5181413E-010
          6234.53     -3.2254942E-010
          6245.82     -2.9388324E-010
          6257.11     -2.6574969E-010
          6268.40     -2.3808432E-010
          6279.69     -2.1082382E-010
          6290.98     -1.8390593E-010
          6302.27     -1.5726933E-010
          6313.55     -1.3085341E-010
          6324.84     -1.0459827E-010
          6336.13     -7.8444400E-011
          6347.42     -5.2332647E-011
          6358.71     -2.6204137E-011
          6370.00      4.4152975E-047
