          3480.00     -2.3059593E-004
          3491.29     -2.3154680E-004
          3502.58     -2.3239342E-004
          3513.87     -2.3314024E-004
          3525.16     -2.3379156E-004
          3536.45     -2.3435149E-004
          3547.73     -2.3482399E-004
          3559.02     -2.3521286E-004
          3570.31     -2.3552176E-004
          3581.60     -2.3575418E-004
          3592.89     -2.3591350E-004
          3604.18     -2.3600230E-004
          3615.47     -2.3602257E-004
          3626.76     -2.3597731E-004
          3638.05     -2.3586940E-004
          3649.34     -2.3570161E-004
          3660.62     -2.3547661E-004
          3671.91     -2.3519694E-004
          3683.20     -2.3486505E-004
          3694.49     -2.3448330E-004
          3705.78     -2.3405397E-004
          3717.07     -2.3357921E-004
          3728.36     -2.3306113E-004
          3739.65     -2.3250172E-004
          3750.94     -2.3190292E-004
          3762.23     -2.3126657E-004
          3773.52     -2.3059446E-004
          3784.80     -2.2988829E-004
          3796.09     -2.2914973E-004
          3807.38     -2.2838059E-004
          3818.67     -2.2758239E-004
          3829.96     -2.2675656E-004
          3841.25     -2.2590452E-004
          3852.54     -2.2502758E-004
          3863.83     -2.2412703E-004
          3875.12     -2.2320411E-004
          3886.41     -2.2226000E-004
          3897.70     -2.2129584E-004
          3908.98     -2.2031271E-004
          3920.27     -2.1931167E-004
          3931.56     -2.1829372E-004
          3942.85     -2.1725982E-004
          3954.14     -2.1621108E-004
          3965.43     -2.1514843E-004
          3976.72     -2.1407272E-004
          3988.01     -2.1298475E-004
          3999.30     -2.1188532E-004
          4010.59     -2.1077516E-004
          4021.88     -2.0965500E-004
          4033.16     -2.0852553E-004
          4044.45     -2.0738741E-004
          4055.74     -2.0624126E-004
          4067.03     -2.0508771E-004
          4078.32     -2.0392733E-004
          4089.61     -2.0276067E-004
          4100.90     -2.0158828E-004
          4112.19     -2.0041067E-004
          4123.48     -1.9922834E-004
          4134.77     -1.9804174E-004
          4146.05     -1.9685134E-004
          4157.34     -1.9565756E-004
          4168.63     -1.9446081E-004
          4179.92     -1.9326148E-004
          4191.21     -1.9205996E-004
          4202.50     -1.9085659E-004
          4213.79     -1.8965173E-004
          4225.08     -1.8844571E-004
          4236.37     -1.8723883E-004
          4247.66     -1.8603139E-004
          4258.95     -1.8482365E-004
          4270.23     -1.8361591E-004
          4281.52     -1.8240840E-004
          4292.81     -1.8120139E-004
          4304.10     -1.7999510E-004
          4315.39     -1.7878976E-004
          4326.68     -1.7758559E-004
          4337.97     -1.7638279E-004
          4349.26     -1.7518155E-004
          4360.55     -1.7398206E-004
          4371.84     -1.7278474E-004
          4383.12     -1.7158950E-004
          4394.41     -1.7039649E-004
          4405.70     -1.6920583E-004
          4416.99     -1.6801766E-004
          4428.28     -1.6683212E-004
          4439.57     -1.6564934E-004
          4450.86     -1.6446942E-004
          4462.15     -1.6329248E-004
          4473.44     -1.6211864E-004
          4484.73     -1.6094797E-004
          4496.02     -1.5978058E-004
          4507.30     -1.5861656E-004
          4518.59     -1.5745597E-004
          4529.88     -1.5629891E-004
          4541.17     -1.5514542E-004
          4552.46     -1.5399560E-004
          4563.75     -1.5284949E-004
          4575.04     -1.5170716E-004
          4586.33     -1.5056865E-004
          4597.62     -1.4943401E-004
          4608.91     -1.4830328E-004
          4620.20     -1.4717649E-004
          4631.48     -1.4605368E-004
          4642.77     -1.4493488E-004
          4654.06     -1.4382011E-004
          4665.35     -1.4270939E-004
          4676.64     -1.4160274E-004
          4687.93     -1.4050018E-004
          4699.22     -1.3940172E-004
          4710.51     -1.3830736E-004
          4721.80     -1.3721711E-004
          4733.09     -1.3613098E-004
          4744.38     -1.3504896E-004
          4755.66     -1.3397106E-004
          4766.95     -1.3289726E-004
          4778.24     -1.3182756E-004
          4789.53     -1.3076195E-004
          4800.82     -1.2970042E-004
          4812.11     -1.2864296E-004
          4823.40     -1.2758955E-004
          4834.69     -1.2654017E-004
          4845.98     -1.2549481E-004
          4857.27     -1.2445342E-004
          4868.55     -1.2341597E-004
          4879.84     -1.2238246E-004
          4891.13     -1.2135284E-004
          4902.42     -1.2032710E-004
          4913.71     -1.1930520E-004
          4925.00     -1.1828712E-004
          4936.29     -1.1727282E-004
          4947.58     -1.1626226E-004
          4958.87     -1.1525542E-004
          4970.16     -1.1425226E-004
          4981.45     -1.1325274E-004
          4992.73     -1.1225682E-004
          5004.02     -1.1126444E-004
          5015.31     -1.1027557E-004
          5026.60     -1.0929016E-004
          5037.89     -1.0830816E-004
          5049.18     -1.0732954E-004
          5060.47     -1.0635425E-004
          5071.76     -1.0538225E-004
          5083.05     -1.0441349E-004
          5094.34     -1.0344793E-004
          5105.62     -1.0248552E-004
          5116.91     -1.0152621E-004
          5128.20     -1.0056996E-004
          5139.49     -9.9616703E-005
          5150.78     -9.8666396E-005
          5162.07     -9.7718974E-005
          5173.36     -9.6774386E-005
          5184.65     -9.5832582E-005
          5195.94     -9.4893512E-005
          5207.23     -9.3957121E-005
          5218.52     -9.3023357E-005
          5229.80     -9.2092168E-005
          5241.09     -9.1163499E-005
          5252.38     -9.0237296E-005
          5263.67     -8.9313505E-005
          5274.96     -8.8392070E-005
          5286.25     -8.7472937E-005
          5297.54     -8.6556045E-005
          5308.83     -8.5641326E-005
          5320.12     -8.4728724E-005
          5331.41     -8.3818184E-005
          5342.70     -8.2909647E-005
          5353.98     -8.2003056E-005
          5365.27     -8.1098354E-005
          5376.56     -8.0195491E-005
          5387.85     -7.9294397E-005
          5399.14     -7.8395013E-005
          5410.43     -7.7497280E-005
          5421.72     -7.6601141E-005
          5433.01     -7.5706535E-005
          5444.30     -7.4813402E-005
          5455.59     -7.3921663E-005
          5466.88     -7.3031254E-005
          5478.16     -7.2142119E-005
          5489.45     -7.1254196E-005
          5500.74     -7.0367425E-005
          5512.03     -6.9481749E-005
          5523.32     -6.8597105E-005
          5534.61     -6.7713433E-005
          5545.90     -6.6830674E-005
          5557.19     -6.5948765E-005
          5568.48     -6.5067646E-005
          5579.77     -6.4186970E-005
          5591.05     -6.3306644E-005
          5602.34     -6.2426620E-005
          5613.63     -6.1546850E-005
          5624.92     -6.0667287E-005
          5636.21     -5.9787882E-005
          5647.50     -5.8908586E-005
          5658.79     -5.8029349E-005
          5670.08     -5.7150109E-005
          5681.37     -5.6269096E-005
          5692.66     -5.5386344E-005
          5703.95     -5.4501885E-005
          5715.23     -5.3615747E-005
          5726.52     -5.2727960E-005
          5737.81     -5.1838549E-005
          5749.10     -5.0947540E-005
          5760.39     -5.0054954E-005
          5771.68     -4.9160813E-005
          5782.97     -4.8265264E-005
          5794.26     -4.7369643E-005
          5805.55     -4.6473885E-005
          5816.84     -4.5577926E-005
          5828.12     -4.4681700E-005
          5839.41     -4.3785143E-005
          5850.70     -4.2888189E-005
          5861.99     -4.1990772E-005
          5873.28     -4.1092826E-005
          5884.57     -4.0194287E-005
          5895.86     -3.9295086E-005
          5907.15     -3.8395153E-005
          5918.44     -3.7493993E-005
          5929.73     -3.6591569E-005
          5941.02     -3.5687843E-005
          5952.30     -3.4782778E-005
          5963.59     -3.3876335E-005
          5974.88     -3.2968403E-005
          5986.17     -3.2058855E-005
          5997.46     -3.1147665E-005
          6008.75     -3.0234805E-005
          6020.04     -2.9320248E-005
          6031.33     -2.8404382E-005
          6042.62     -2.7487140E-005
          6053.91     -2.6568458E-005
          6065.20     -2.5648269E-005
          6076.48     -2.4726628E-005
          6087.77     -2.3803545E-005
          6099.06     -2.2878933E-005
          6110.35     -2.1952703E-005
          6121.64     -2.1024711E-005
          6132.93     -2.0094546E-005
          6144.22     -1.9162170E-005
          6155.51     -1.8227660E-005
          6166.80     -1.7290964E-005
          6178.09     -1.6352279E-005
          6189.38     -1.5411604E-005
          6200.66     -1.4468826E-005
          6211.95     -1.3523835E-005
          6223.24     -1.2576519E-005
          6234.53     -1.1626767E-005
          6245.82     -1.0674468E-005
          6257.11     -9.7195115E-006
          6268.40     -8.7617895E-006
          6279.69     -7.8012040E-006
          6290.98     -6.8376451E-006
          6302.27     -5.8709980E-006
          6313.55     -4.9011490E-006
          6324.84     -3.9279900E-006
          6336.13     -2.9514103E-006
          6347.42     -1.9712936E-006
          6358.71     -9.8752843E-007
          6370.00      4.2878348E-040
