          3480.00     -2.3059593E-004
          3491.29     -2.3109660E-004
          3502.58     -2.3160533E-004
          3513.87     -2.3212207E-004
          3525.16     -2.3264678E-004
          3536.45     -2.3317941E-004
          3547.73     -2.3371991E-004
          3559.02     -2.3426823E-004
          3570.31     -2.3482433E-004
          3581.60     -2.3538816E-004
          3592.89     -2.3595968E-004
          3604.18     -2.3653540E-004
          3615.47     -2.3710940E-004
          3626.76     -2.3768155E-004
          3638.05     -2.3825170E-004
          3649.34     -2.3881974E-004
          3660.62     -2.3938555E-004
          3671.91     -2.3994899E-004
          3683.20     -2.4050992E-004
          3694.49     -2.4106823E-004
          3705.78     -2.4162377E-004
          3717.07     -2.4217642E-004
          3728.36     -2.4272606E-004
          3739.65     -2.4327254E-004
          3750.94     -2.4381577E-004
          3762.23     -2.4435558E-004
          3773.52     -2.4489187E-004
          3784.80     -2.4542448E-004
          3796.09     -2.4595347E-004
          3807.38     -2.4648007E-004
          3818.67     -2.4700419E-004
          3829.96     -2.4752572E-004
          3841.25     -2.4804454E-004
          3852.54     -2.4856052E-004
          3863.83     -2.4907356E-004
          3875.12     -2.4958354E-004
          3886.41     -2.5009034E-004
          3897.70     -2.5059385E-004
          3908.98     -2.5109395E-004
          3920.27     -2.5159054E-004
          3931.56     -2.5208348E-004
          3942.85     -2.5257267E-004
          3954.14     -2.5305917E-004
          3965.43     -2.5354316E-004
          3976.72     -2.5402455E-004
          3988.01     -2.5450322E-004
          3999.30     -2.5497907E-004
          4010.59     -2.5545200E-004
          4021.88     -2.5592190E-004
          4033.16     -2.5638869E-004
          4044.45     -2.5685224E-004
          4055.74     -2.5731246E-004
          4067.03     -2.5776923E-004
          4078.32     -2.5822248E-004
          4089.61     -2.5867209E-004
          4100.90     -2.5911797E-004
          4112.19     -2.5956007E-004
          4123.48     -2.5999829E-004
          4134.77     -2.6043253E-004
          4146.05     -2.6086267E-004
          4157.34     -2.6128862E-004
          4168.63     -2.6171027E-004
          4179.92     -2.6212752E-004
          4191.21     -2.6254027E-004
          4202.50     -2.6294842E-004
          4213.79     -2.6335186E-004
          4225.08     -2.6375050E-004
          4236.37     -2.6414423E-004
          4247.66     -2.6453291E-004
          4258.95     -2.6491628E-004
          4270.23     -2.6529424E-004
          4281.52     -2.6566670E-004
          4292.81     -2.6603354E-004
          4304.10     -2.6639467E-004
          4315.39     -2.6674998E-004
          4326.68     -2.6709937E-004
          4337.97     -2.6744272E-004
          4349.26     -2.6777993E-004
          4360.55     -2.6811090E-004
          4371.84     -2.6843801E-004
          4383.12     -2.6875863E-004
          4394.41     -2.6907265E-004
          4405.70     -2.6937969E-004
          4416.99     -2.6967967E-004
          4428.28     -2.6997246E-004
          4439.57     -2.7025795E-004
          4450.86     -2.7053605E-004
          4462.15     -2.7080664E-004
          4473.44     -2.7106961E-004
          4484.73     -2.7132486E-004
          4496.02     -2.7157228E-004
          4507.30     -2.7181176E-004
          4518.59     -2.7204316E-004
          4529.88     -2.7226641E-004
          4541.17     -2.7248140E-004
          4552.46     -2.7268809E-004
          4563.75     -2.7288642E-004
          4575.04     -2.7307630E-004
          4586.33     -2.7325760E-004
          4597.62     -2.7343021E-004
          4608.91     -2.7359403E-004
          4620.20     -2.7374894E-004
          4631.48     -2.7389486E-004
          4642.77     -2.7403166E-004
          4654.06     -2.7415922E-004
          4665.35     -2.7427744E-004
          4676.64     -2.7438623E-004
          4687.93     -2.7448547E-004
          4699.22     -2.7457501E-004
          4710.51     -2.7465474E-004
          4721.80     -2.7472454E-004
          4733.09     -2.7478432E-004
          4744.38     -2.7483395E-004
          4755.66     -2.7487333E-004
          4766.95     -2.7490233E-004
          4778.24     -2.7492086E-004
          4789.53     -2.7492879E-004
          4800.82     -2.7492603E-004
          4812.11     -2.7491244E-004
          4823.40     -2.7488794E-004
          4834.69     -2.7485239E-004
          4845.98     -2.7480568E-004
          4857.27     -2.7474741E-004
          4868.55     -2.7467747E-004
          4879.84     -2.7459573E-004
          4891.13     -2.7450208E-004
          4902.42     -2.7439643E-004
          4913.71     -2.7427864E-004
          4925.00     -2.7414860E-004
          4936.29     -2.7400619E-004
          4947.58     -2.7385130E-004
          4958.87     -2.7368383E-004
          4970.16     -2.7350365E-004
          4981.45     -2.7331062E-004
          4992.73     -2.7310466E-004
          5004.02     -2.7288529E-004
          5015.31     -2.7265229E-004
          5026.60     -2.7240556E-004
          5037.89     -2.7214496E-004
          5049.18     -2.7187040E-004
          5060.47     -2.7158172E-004
          5071.76     -2.7127884E-004
          5083.05     -2.7096160E-004
          5094.34     -2.7062991E-004
          5105.62     -2.7028362E-004
          5116.91     -2.6992264E-004
          5128.20     -2.6954682E-004
          5139.49     -2.6915606E-004
          5150.78     -2.6875001E-004
          5162.07     -2.6832833E-004
          5173.36     -2.6789088E-004
          5184.65     -2.6743757E-004
          5195.94     -2.6696826E-004
          5207.23     -2.6648280E-004
          5218.52     -2.6598110E-004
          5229.80     -2.6546301E-004
          5241.09     -2.6492840E-004
          5252.38     -2.6437716E-004
          5263.67     -2.6380916E-004
          5274.96     -2.6322426E-004
          5286.25     -2.6262234E-004
          5297.54     -2.6200316E-004
          5308.83     -2.6136630E-004
          5320.12     -2.6071163E-004
          5331.41     -2.6003900E-004
          5342.70     -2.5934828E-004
          5353.98     -2.5863934E-004
          5365.27     -2.5791205E-004
          5376.56     -2.5716650E-004
          5387.85     -2.5640223E-004
          5399.14     -2.5561908E-004
          5410.43     -2.5481693E-004
          5421.72     -2.5399567E-004
          5433.01     -2.5315514E-004
          5444.30     -2.5229519E-004
          5455.59     -2.5141500E-004
          5466.88     -2.5051435E-004
          5478.16     -2.4959313E-004
          5489.45     -2.4865116E-004
          5500.74     -2.4768831E-004
          5512.03     -2.4670446E-004
          5523.32     -2.4569945E-004
          5534.61     -2.4467315E-004
          5545.90     -2.4362540E-004
          5557.19     -2.4255606E-004
          5568.48     -2.4146501E-004
          5579.77     -2.4034084E-004
          5591.05     -2.3918160E-004
          5602.34     -2.3798704E-004
          5613.63     -2.3675694E-004
          5624.92     -2.3549108E-004
          5636.21     -2.3418920E-004
          5647.50     -2.3285111E-004
          5658.79     -2.3147655E-004
          5670.08     -2.3006475E-004
          5681.37     -2.2853630E-004
          5692.66     -2.2689047E-004
          5703.95     -2.2512650E-004
          5715.23     -2.2324365E-004
          5726.52     -2.2124116E-004
          5737.81     -2.1911827E-004
          5749.10     -2.1687424E-004
          5760.39     -2.1450831E-004
          5771.68     -2.1201970E-004
          5782.97     -2.0941459E-004
          5794.26     -2.0676646E-004
          5805.55     -2.0407508E-004
          5816.84     -2.0134016E-004
          5828.12     -1.9856146E-004
          5839.41     -1.9573874E-004
          5850.70     -1.9287173E-004
          5861.99     -1.8996015E-004
          5873.28     -1.8700376E-004
          5884.57     -1.8400232E-004
          5895.86     -1.8095555E-004
          5907.15     -1.7786278E-004
          5918.44     -1.7469295E-004
          5929.73     -1.7144558E-004
          5941.02     -1.6812021E-004
          5952.30     -1.6471639E-004
          5963.59     -1.6123366E-004
          5974.88     -1.5766562E-004
          5986.17     -1.5400393E-004
          5997.46     -1.5024802E-004
          6008.75     -1.4639738E-004
          6020.04     -1.4245156E-004
          6031.33     -1.3844976E-004
          6042.62     -1.3439164E-004
          6053.91     -1.3027692E-004
          6065.20     -1.2610526E-004
          6076.48     -1.2188973E-004
          6087.77     -1.1764000E-004
          6099.06     -1.1335594E-004
          6110.35     -1.0903739E-004
          6121.64     -1.0467686E-004
          6132.93     -1.0023113E-004
          6144.22     -9.5699730E-005
          6155.51     -9.1099690E-005
          6166.80     -8.6431940E-005
          6178.09     -8.1736277E-005
          6189.38     -7.7028570E-005
          6200.66     -7.2308581E-005
          6211.95     -6.7576159E-005
          6223.24     -6.2831028E-005
          6234.53     -5.8072622E-005
          6245.82     -5.3300870E-005
          6257.11     -4.8515277E-005
          6268.40     -4.3715813E-005
          6279.69     -3.8905645E-005
          6290.98     -3.4085246E-005
          6302.27     -2.9253615E-005
          6313.55     -2.4410171E-005
          6324.84     -1.9555239E-005
          6336.13     -1.4689319E-005
          6347.42     -9.8102090E-006
          6358.71     -4.9156036E-006
          6370.00     -7.7645437E-038
