          3480.00     -1.8518519E-004
          3491.29     -1.8561658E-004
          3502.58     -1.8528985E-004
          3513.87     -1.8430415E-004
          3525.16     -1.8274829E-004
          3536.45     -1.8070177E-004
          3547.73     -1.7823570E-004
          3559.02     -1.7541358E-004
          3570.31     -1.7229206E-004
          3581.60     -1.6892162E-004
          3592.89     -1.6534717E-004
          3604.18     -1.6160860E-004
          3615.47     -1.5774128E-004
          3626.76     -1.5377651E-004
          3638.05     -1.4974190E-004
          3649.34     -1.4566179E-004
          3660.62     -1.4155756E-004
          3671.91     -1.3744790E-004
          3683.20     -1.3334914E-004
          3694.49     -1.2927543E-004
          3705.78     -1.2523905E-004
          3717.07     -1.2125051E-004
          3728.36     -1.1731880E-004
          3739.65     -1.1345156E-004
          3750.94     -1.0965516E-004
          3762.23     -1.0593490E-004
          3773.52     -1.0229511E-004
          3784.80     -9.8739255E-005
          3796.09     -9.5270027E-005
          3807.38     -9.1889447E-005
          3818.67     -8.8598932E-005
          3829.96     -8.5399384E-005
          3841.25     -8.2291232E-005
          3852.54     -7.9274505E-005
          3863.83     -7.6348879E-005
          3875.12     -7.3513721E-005
          3886.41     -7.0768144E-005
          3897.70     -6.8111024E-005
          3908.98     -6.5541044E-005
          3920.27     -6.3056733E-005
          3931.56     -6.0656474E-005
          3942.85     -5.8338539E-005
          3954.14     -5.6101111E-005
          3965.43     -5.3942294E-005
          3976.72     -5.1860145E-005
          3988.01     -4.9852670E-005
          3999.30     -4.7917849E-005
          4010.59     -4.6053649E-005
          4021.88     -4.4258024E-005
          4033.16     -4.2528932E-005
          4044.45     -4.0864339E-005
          4055.74     -3.9262226E-005
          4067.03     -3.7720600E-005
          4078.32     -3.6237488E-005
          4089.61     -3.4810951E-005
          4100.90     -3.3439084E-005
          4112.19     -3.2120018E-005
          4123.48     -3.0851923E-005
          4134.77     -2.9633011E-005
          4146.05     -2.8461536E-005
          4157.34     -2.7335797E-005
          4168.63     -2.6254138E-005
          4179.92     -2.5214947E-005
          4191.21     -2.4216659E-005
          4202.50     -2.3257755E-005
          4213.79     -2.2336760E-005
          4225.08     -2.1452247E-005
          4236.37     -2.0602832E-005
          4247.66     -1.9787177E-005
          4258.95     -1.9003989E-005
          4270.23     -1.8252015E-005
          4281.52     -1.7530048E-005
          4292.81     -1.6836922E-005
          4304.10     -1.6171509E-005
          4315.39     -1.5532725E-005
          4326.68     -1.4919521E-005
          4337.97     -1.4330890E-005
          4349.26     -1.3765859E-005
          4360.55     -1.3223490E-005
          4371.84     -1.2702884E-005
          4383.12     -1.2203171E-005
          4394.41     -1.1723518E-005
          4405.70     -1.1263120E-005
          4416.99     -1.0821205E-005
          4428.28     -1.0397031E-005
          4439.57     -9.9898829E-006
          4450.86     -9.5990746E-006
          4462.15     -9.2239472E-006
          4473.44     -8.8638667E-006
          4484.73     -8.5182245E-006
          4496.02     -8.1864361E-006
          4507.30     -7.8679399E-006
          4518.59     -7.5621973E-006
          4529.88     -7.2686907E-006
          4541.17     -6.9869230E-006
          4552.46     -6.7164181E-006
          4563.75     -6.4567180E-006
          4575.04     -6.2073838E-006
          4586.33     -5.9679939E-006
          4597.62     -5.7381440E-006
          4608.91     -5.5174467E-006
          4620.20     -5.3055295E-006
          4631.48     -5.1020354E-006
          4642.77     -4.9066224E-006
          4654.06     -4.7189619E-006
          4665.35     -4.5387389E-006
          4676.64     -4.3656513E-006
          4687.93     -4.1994093E-006
          4699.22     -4.0397352E-006
          4710.51     -3.8863627E-006
          4721.80     -3.7390358E-006
          4733.09     -3.5975101E-006
          4744.38     -3.4615502E-006
          4755.66     -3.3309310E-006
          4766.95     -3.2054364E-006
          4778.24     -3.0848591E-006
          4789.53     -2.9690008E-006
          4800.82     -2.8576709E-006
          4812.11     -2.7506865E-006
          4823.40     -2.6478729E-006
          4834.69     -2.5490619E-006
          4845.98     -2.4540927E-006
          4857.27     -2.3628107E-006
          4868.55     -2.2750678E-006
          4879.84     -2.1907223E-006
          4891.13     -2.1096379E-006
          4902.42     -2.0316840E-006
          4913.71     -1.9567355E-006
          4925.00     -1.8846724E-006
          4936.29     -1.8153794E-006
          4947.58     -1.7487461E-006
          4958.87     -1.6846667E-006
          4970.16     -1.6230395E-006
          4981.45     -1.5637672E-006
          4992.73     -1.5067563E-006
          5004.02     -1.4519172E-006
          5015.31     -1.3991640E-006
          5026.60     -1.3484141E-006
          5037.89     -1.2995884E-006
          5049.18     -1.2526111E-006
          5060.47     -1.2074093E-006
          5071.76     -1.1639133E-006
          5083.05     -1.1220559E-006
          5094.34     -1.0817730E-006
          5105.62     -1.0430027E-006
          5116.91     -1.0056859E-006
          5128.20     -9.6976585E-007
          5139.49     -9.3518791E-007
          5150.78     -9.0189985E-007
          5162.07     -8.6985142E-007
          5173.36     -8.3899441E-007
          5184.65     -8.0928261E-007
          5195.94     -7.8067158E-007
          5207.23     -7.5311872E-007
          5218.52     -7.2658309E-007
          5229.80     -7.0102539E-007
          5241.09     -6.7640795E-007
          5252.38     -6.5269454E-007
          5263.67     -6.2985036E-007
          5274.96     -6.0784207E-007
          5286.25     -5.8663758E-007
          5297.54     -5.6620610E-007
          5308.83     -5.4651805E-007
          5320.12     -5.2754500E-007
          5331.41     -5.0925972E-007
          5342.70     -4.9163596E-007
          5353.98     -4.7464854E-007
          5365.27     -4.5827329E-007
          5376.56     -4.4248695E-007
          5387.85     -4.2726719E-007
          5399.14     -4.1259255E-007
          5410.43     -3.9844239E-007
          5421.72     -3.8479692E-007
          5433.01     -3.7163706E-007
          5444.30     -3.5894450E-007
          5455.59     -3.4670165E-007
          5466.88     -3.3489158E-007
          5478.16     -3.2349802E-007
          5489.45     -3.1250532E-007
          5500.74     -3.0189843E-007
          5512.03     -2.9166289E-007
          5523.32     -2.8178479E-007
          5534.61     -2.7225072E-007
          5545.90     -2.6304784E-007
          5557.19     -2.5416374E-007
          5568.48     -2.4558650E-007
          5579.77     -2.3730466E-007
          5591.05     -2.2930718E-007
          5602.34     -2.2158343E-007
          5613.63     -2.1412320E-007
          5624.92     -2.0691664E-007
          5636.21     -1.9995427E-007
          5647.50     -1.9322696E-007
          5658.79     -1.8672594E-007
          5670.08     -1.8044272E-007
          5681.37     -1.7436916E-007
          5692.66     -1.6849740E-007
          5703.95     -1.6281987E-007
          5715.23     -1.5732927E-007
          5726.52     -1.5201857E-007
          5737.81     -1.4688099E-007
          5749.10     -1.4190999E-007
          5760.39     -1.3709926E-007
          5771.68     -1.3244271E-007
          5782.97     -1.2793449E-007
          5794.26     -1.2356892E-007
          5805.55     -1.1934053E-007
          5816.84     -1.1524405E-007
          5828.12     -1.1127438E-007
          5839.41     -1.0742659E-007
          5850.70     -1.0369592E-007
          5861.99     -1.0007776E-007
          5873.28     -9.6567674E-008
          5884.57     -9.3161356E-008
          5895.86     -8.9854638E-008
          5907.15     -8.6643496E-008
          5918.44     -8.3524026E-008
          5929.73     -8.0492449E-008
          5941.02     -7.7545101E-008
          5952.30     -7.4678431E-008
          5963.59     -7.1889000E-008
          5974.88     -6.9173462E-008
          5986.17     -6.6528573E-008
          5997.46     -6.3951186E-008
          6008.75     -6.1438236E-008
          6020.04     -5.8986744E-008
          6031.33     -5.6593813E-008
          6042.62     -5.4256620E-008
          6053.91     -5.1972420E-008
          6065.20     -4.9738531E-008
          6076.48     -4.7552337E-008
          6087.77     -4.5411289E-008
          6099.06     -4.3312892E-008
          6110.35     -4.1254707E-008
          6121.64     -3.9234348E-008
          6132.93     -3.7249475E-008
          6144.22     -3.5297801E-008
          6155.51     -3.3377076E-008
          6166.80     -3.1485090E-008
          6178.09     -2.9619677E-008
          6189.38     -2.7778700E-008
          6200.66     -2.5960055E-008
          6211.95     -2.4161668E-008
          6223.24     -2.2381493E-008
          6234.53     -2.0617509E-008
          6245.82     -1.8867717E-008
          6257.11     -1.7130134E-008
          6268.40     -1.5402801E-008
          6279.69     -1.3683770E-008
          6290.98     -1.1971107E-008
          6302.27     -1.0262888E-008
          6313.55     -8.5571968E-009
          6324.84     -6.8521284E-009
          6336.13     -5.1457768E-009
          6347.42     -3.4362386E-009
          6358.71     -1.7216148E-009
          6370.00      5.3697970E-046
