          3480.00     -1.8518519E-004
          3491.29     -1.8587452E-004
          3502.58     -1.8630404E-004
          3513.87     -1.8649325E-004
          3525.16     -1.8646044E-004
          3536.45     -1.8622269E-004
          3547.73     -1.8579605E-004
          3559.02     -1.8519550E-004
          3570.31     -1.8443507E-004
          3581.60     -1.8352792E-004
          3592.89     -1.8248631E-004
          3604.18     -1.8132175E-004
          3615.47     -1.8004499E-004
          3626.76     -1.7866607E-004
          3638.05     -1.7719439E-004
          3649.34     -1.7563872E-004
          3660.62     -1.7400725E-004
          3671.91     -1.7230765E-004
          3683.20     -1.7054705E-004
          3694.49     -1.6873211E-004
          3705.78     -1.6686905E-004
          3717.07     -1.6496367E-004
          3728.36     -1.6302135E-004
          3739.65     -1.6104712E-004
          3750.94     -1.5904566E-004
          3762.23     -1.5702132E-004
          3773.52     -1.5497814E-004
          3784.80     -1.5291987E-004
          3796.09     -1.5085000E-004
          3807.38     -1.4877176E-004
          3818.67     -1.4668814E-004
          3829.96     -1.4460191E-004
          3841.25     -1.4251564E-004
          3852.54     -1.4043169E-004
          3863.83     -1.3835225E-004
          3875.12     -1.3627932E-004
          3886.41     -1.3421475E-004
          3897.70     -1.3216025E-004
          3908.98     -1.3011737E-004
          3920.27     -1.2808754E-004
          3931.56     -1.2607206E-004
          3942.85     -1.2407212E-004
          3954.14     -1.2208879E-004
          3965.43     -1.2012305E-004
          3976.72     -1.1817578E-004
          3988.01     -1.1624778E-004
          3999.30     -1.1433976E-004
          4010.59     -1.1245235E-004
          4021.88     -1.1058611E-004
          4033.16     -1.0874154E-004
          4044.45     -1.0691907E-004
          4055.74     -1.0511907E-004
          4067.03     -1.0334186E-004
          4078.32     -1.0158772E-004
          4089.61     -9.9856856E-005
          4100.90     -9.8149457E-005
          4112.19     -9.6465657E-005
          4123.48     -9.4805555E-005
          4134.77     -9.3169217E-005
          4146.05     -9.1556674E-005
          4157.34     -8.9967931E-005
          4168.63     -8.8402961E-005
          4179.92     -8.6861714E-005
          4191.21     -8.5344117E-005
          4202.50     -8.3850074E-005
          4213.79     -8.2379469E-005
          4225.08     -8.0932167E-005
          4236.37     -7.9508018E-005
          4247.66     -7.8106857E-005
          4258.95     -7.6728504E-005
          4270.23     -7.5372765E-005
          4281.52     -7.4039438E-005
          4292.81     -7.2728307E-005
          4304.10     -7.1439150E-005
          4315.39     -7.0171733E-005
          4326.68     -6.8925816E-005
          4337.97     -6.7701154E-005
          4349.26     -6.6497496E-005
          4360.55     -6.5314582E-005
          4371.84     -6.4152153E-005
          4383.12     -6.3009942E-005
          4394.41     -6.1887681E-005
          4405.70     -6.0785098E-005
          4416.99     -5.9701919E-005
          4428.28     -5.8637871E-005
          4439.57     -5.7592676E-005
          4450.86     -5.6566057E-005
          4462.15     -5.5557737E-005
          4473.44     -5.4567438E-005
          4484.73     -5.3594883E-005
          4496.02     -5.2639794E-005
          4507.30     -5.1701895E-005
          4518.59     -5.0780913E-005
          4529.88     -4.9876573E-005
          4541.17     -4.8988602E-005
          4552.46     -4.8116731E-005
          4563.75     -4.7260692E-005
          4575.04     -4.6420217E-005
          4586.33     -4.5595043E-005
          4597.62     -4.4784907E-005
          4608.91     -4.3989551E-005
          4620.20     -4.3208717E-005
          4631.48     -4.2442152E-005
          4642.77     -4.1689604E-005
          4654.06     -4.0950825E-005
          4665.35     -4.0225570E-005
          4676.64     -3.9513595E-005
          4687.93     -3.8814661E-005
          4699.22     -3.8128533E-005
          4710.51     -3.7454976E-005
          4721.80     -3.6793760E-005
          4733.09     -3.6144659E-005
          4744.38     -3.5507449E-005
          4755.66     -3.4881908E-005
          4766.95     -3.4267821E-005
          4778.24     -3.3664971E-005
          4789.53     -3.3073149E-005
          4800.82     -3.2492147E-005
          4812.11     -3.1921760E-005
          4823.40     -3.1361787E-005
          4834.69     -3.0812029E-005
          4845.98     -3.0272293E-005
          4857.27     -2.9742385E-005
          4868.55     -2.9222116E-005
          4879.84     -2.8711303E-005
          4891.13     -2.8209761E-005
          4902.42     -2.7717310E-005
          4913.71     -2.7233776E-005
          4925.00     -2.6758984E-005
          4936.29     -2.6292764E-005
          4947.58     -2.5834947E-005
          4958.87     -2.5385369E-005
          4970.16     -2.4943869E-005
          4981.45     -2.4510286E-005
          4992.73     -2.4084464E-005
          5004.02     -2.3666251E-005
          5015.31     -2.3255495E-005
          5026.60     -2.2852047E-005
          5037.89     -2.2455762E-005
          5049.18     -2.2066497E-005
          5060.47     -2.1684111E-005
          5071.76     -2.1308467E-005
          5083.05     -2.0939429E-005
          5094.34     -2.0576863E-005
          5105.62     -2.0220639E-005
          5116.91     -1.9870628E-005
          5128.20     -1.9526705E-005
          5139.49     -1.9188745E-005
          5150.78     -1.8856626E-005
          5162.07     -1.8530231E-005
          5173.36     -1.8209439E-005
          5184.65     -1.7894138E-005
          5195.94     -1.7584214E-005
          5207.23     -1.7279555E-005
          5218.52     -1.6980052E-005
          5229.80     -1.6685598E-005
          5241.09     -1.6396089E-005
          5252.38     -1.6111419E-005
          5263.67     -1.5831489E-005
          5274.96     -1.5556198E-005
          5286.25     -1.5285449E-005
          5297.54     -1.5019144E-005
          5308.83     -1.4757190E-005
          5320.12     -1.4499494E-005
          5331.41     -1.4245964E-005
          5342.70     -1.3996510E-005
          5353.98     -1.3751045E-005
          5365.27     -1.3509482E-005
          5376.56     -1.3271736E-005
          5387.85     -1.3037724E-005
          5399.14     -1.2807362E-005
          5410.43     -1.2580571E-005
          5421.72     -1.2357270E-005
          5433.01     -1.2137383E-005
          5444.30     -1.1920831E-005
          5455.59     -1.1707540E-005
          5466.88     -1.1497435E-005
          5478.16     -1.1290444E-005
          5489.45     -1.1086494E-005
          5500.74     -1.0885514E-005
          5512.03     -1.0687436E-005
          5523.32     -1.0492191E-005
          5534.61     -1.0299711E-005
          5545.90     -1.0109931E-005
          5557.19     -9.9227839E-006
          5568.48     -9.7382069E-006
          5579.77     -9.5561363E-006
          5591.05     -9.3765097E-006
          5602.34     -9.1992660E-006
          5613.63     -9.0243445E-006
          5624.92     -8.8516855E-006
          5636.21     -8.6812307E-006
          5647.50     -8.5129220E-006
          5658.79     -8.3467023E-006
          5670.08     -8.1825154E-006
          5681.37     -8.0203056E-006
          5692.66     -7.8600184E-006
          5703.95     -7.7015998E-006
          5715.23     -7.5449963E-006
          5726.52     -7.3901556E-006
          5737.81     -7.2370255E-006
          5749.10     -7.0855548E-006
          5760.39     -6.9356929E-006
          5771.68     -6.7873895E-006
          5782.97     -6.6405955E-006
          5794.26     -6.4952619E-006
          5805.55     -6.3513402E-006
          5816.84     -6.2087829E-006
          5828.12     -6.0675426E-006
          5839.41     -5.9275726E-006
          5850.70     -5.7888266E-006
          5861.99     -5.6512586E-006
          5873.28     -5.5148237E-006
          5884.57     -5.3794766E-006
          5895.86     -5.2451729E-006
          5907.15     -5.1118687E-006
          5918.44     -4.9795201E-006
          5929.73     -4.8480839E-006
          5941.02     -4.7175171E-006
          5952.30     -4.5877769E-006
          5963.59     -4.4588212E-006
          5974.88     -4.3306081E-006
          5986.17     -4.2030956E-006
          5997.46     -4.0762426E-006
          6008.75     -3.9500079E-006
          6020.04     -3.8243506E-006
          6031.33     -3.6992300E-006
          6042.62     -3.5746056E-006
          6053.91     -3.4504376E-006
          6065.20     -3.3266857E-006
          6076.48     -3.2033101E-006
          6087.77     -3.0802713E-006
          6099.06     -2.9575298E-006
          6110.35     -2.8350464E-006
          6121.64     -2.7127817E-006
          6132.93     -2.5906968E-006
          6144.22     -2.4687528E-006
          6155.51     -2.3469108E-006
          6166.80     -2.2251319E-006
          6178.09     -2.1033778E-006
          6189.38     -1.9816098E-006
          6200.66     -1.8597892E-006
          6211.95     -1.7378775E-006
          6223.24     -1.6158363E-006
          6234.53     -1.4936272E-006
          6245.82     -1.3712117E-006
          6257.11     -1.2485513E-006
          6268.40     -1.1256077E-006
          6279.69     -1.0023423E-006
          6290.98     -8.7871664E-007
          6302.27     -7.5469208E-007
          6313.55     -6.3022992E-007
          6324.84     -5.0529169E-007
          6336.13     -3.7983850E-007
          6347.42     -2.5383139E-007
          6358.71     -1.2723162E-007
          6370.00     -5.6149513E-042
