          3480.00     -1.8518519E-004
          3491.29     -1.8568786E-004
          3502.58     -1.8556210E-004
          3513.87     -1.8488231E-004
          3525.16     -1.8371583E-004
          3536.45     -1.8212354E-004
          3547.73     -1.8016046E-004
          3559.02     -1.7787628E-004
          3570.31     -1.7531582E-004
          3581.60     -1.7251945E-004
          3592.89     -1.6952356E-004
          3604.18     -1.6636082E-004
          3615.47     -1.6306060E-004
          3626.76     -1.5964924E-004
          3638.05     -1.5615031E-004
          3649.34     -1.5258489E-004
          3660.62     -1.4897177E-004
          3671.91     -1.4532771E-004
          3683.20     -1.4166756E-004
          3694.49     -1.3800450E-004
          3705.78     -1.3435016E-004
          3717.07     -1.3071477E-004
          3728.36     -1.2710732E-004
          3739.65     -1.2353564E-004
          3750.94     -1.2000654E-004
          3762.23     -1.1652590E-004
          3773.52     -1.1309874E-004
          3784.80     -1.0972935E-004
          3796.09     -1.0642134E-004
          3807.38     -1.0317768E-004
          3818.67     -1.0000080E-004
          3829.96     -9.6892673E-005
          3841.25     -9.3854783E-005
          3852.54     -9.0888243E-005
          3863.83     -8.7993812E-005
          3875.12     -8.5171935E-005
          3886.41     -8.2422786E-005
          3897.70     -7.9746287E-005
          3908.98     -7.7142144E-005
          3920.27     -7.4609880E-005
          3931.56     -7.2148845E-005
          3942.85     -6.9758247E-005
          3954.14     -6.7437168E-005
          3965.43     -6.5184580E-005
          3976.72     -6.2999371E-005
          3988.01     -6.0880343E-005
          3999.30     -5.8826235E-005
          4010.59     -5.6835737E-005
          4021.88     -5.4907490E-005
          4033.16     -5.3040105E-005
          4044.45     -5.1232166E-005
          4055.74     -4.9482237E-005
          4067.03     -4.7788877E-005
          4078.32     -4.6150631E-005
          4089.61     -4.4566049E-005
          4100.90     -4.3033684E-005
          4112.19     -4.1552096E-005
          4123.48     -4.0119857E-005
          4134.77     -3.8735553E-005
          4146.05     -3.7397789E-005
          4157.34     -3.6105189E-005
          4168.63     -3.4856398E-005
          4179.92     -3.3650085E-005
          4191.21     -3.2484944E-005
          4202.50     -3.1359694E-005
          4213.79     -3.0273082E-005
          4225.08     -2.9223882E-005
          4236.37     -2.8210894E-005
          4247.66     -2.7232951E-005
          4258.95     -2.6288913E-005
          4270.23     -2.5377667E-005
          4281.52     -2.4498133E-005
          4292.81     -2.3649257E-005
          4304.10     -2.2830015E-005
          4315.39     -2.2039411E-005
          4326.68     -2.1276479E-005
          4337.97     -2.0540281E-005
          4349.26     -1.9829906E-005
          4360.55     -1.9144469E-005
          4371.84     -1.8483115E-005
          4383.12     -1.7845013E-005
          4394.41     -1.7229360E-005
          4405.70     -1.6635376E-005
          4416.99     -1.6062306E-005
          4428.28     -1.5509423E-005
          4439.57     -1.4976018E-005
          4450.86     -1.4461410E-005
          4462.15     -1.3964937E-005
          4473.44     -1.3485961E-005
          4484.73     -1.3023865E-005
          4496.02     -1.2578053E-005
          4507.30     -1.2147947E-005
          4518.59     -1.1732991E-005
          4529.88     -1.1332648E-005
          4541.17     -1.0946398E-005
          4552.46     -1.0573741E-005
          4563.75     -1.0214191E-005
          4575.04     -9.8672818E-006
          4586.33     -9.5325628E-006
          4597.62     -9.2095983E-006
          4608.91     -8.8979692E-006
          4620.20     -8.5972703E-006
          4631.48     -8.3071105E-006
          4642.77     -8.0271135E-006
          4654.06     -7.7569156E-006
          4665.35     -7.4961663E-006
          4676.64     -7.2445274E-006
          4687.93     -7.0016728E-006
          4699.22     -6.7672886E-006
          4710.51     -6.5410715E-006
          4721.80     -6.3227292E-006
          4733.09     -6.1119804E-006
          4744.38     -5.9085532E-006
          4755.66     -5.7121861E-006
          4766.95     -5.5226266E-006
          4778.24     -5.3396313E-006
          4789.53     -5.1629662E-006
          4800.82     -4.9924052E-006
          4812.11     -4.8277302E-006
          4823.40     -4.6687318E-006
          4834.69     -4.5152074E-006
          4845.98     -4.3669621E-006
          4857.27     -4.2238079E-006
          4868.55     -4.0855637E-006
          4879.84     -3.9520552E-006
          4891.13     -3.8231139E-006
          4902.42     -3.6985778E-006
          4913.71     -3.5782909E-006
          4925.00     -3.4621023E-006
          4936.29     -3.3498670E-006
          4947.58     -3.2414452E-006
          4958.87     -3.1367020E-006
          4970.16     -3.0355077E-006
          4981.45     -2.9377370E-006
          4992.73     -2.8432691E-006
          5004.02     -2.7519879E-006
          5015.31     -2.6637812E-006
          5026.60     -2.5785410E-006
          5037.89     -2.4961631E-006
          5049.18     -2.4165472E-006
          5060.47     -2.3395965E-006
          5071.76     -2.2652177E-006
          5083.05     -2.1933209E-006
          5094.34     -2.1238195E-006
          5105.62     -2.0566299E-006
          5116.91     -1.9916715E-006
          5128.20     -1.9288667E-006
          5139.49     -1.8681406E-006
          5150.78     -1.8094210E-006
          5162.07     -1.7526383E-006
          5173.36     -1.6977253E-006
          5184.65     -1.6446174E-006
          5195.94     -1.5932522E-006
          5207.23     -1.5435694E-006
          5218.52     -1.4955111E-006
          5229.80     -1.4490211E-006
          5241.09     -1.4040456E-006
          5252.38     -1.3605325E-006
          5263.67     -1.3184315E-006
          5274.96     -1.2776943E-006
          5286.25     -1.2382740E-006
          5297.54     -1.2001255E-006
          5308.83     -1.1632054E-006
          5320.12     -1.1274716E-006
          5331.41     -1.0928837E-006
          5342.70     -1.0594026E-006
          5353.98     -1.0269905E-006
          5365.27     -9.9561121E-007
          5376.56     -9.6522942E-007
          5387.85     -9.3581129E-007
          5399.14     -9.0732408E-007
          5410.43     -8.7973618E-007
          5421.72     -8.5301714E-007
          5433.01     -8.2713750E-007
          5444.30     -8.0206880E-007
          5455.59     -7.7778363E-007
          5466.88     -7.5425548E-007
          5478.16     -7.3145873E-007
          5489.45     -7.0936866E-007
          5500.74     -6.8796136E-007
          5512.03     -6.6721381E-007
          5523.32     -6.4710368E-007
          5534.61     -6.2760944E-007
          5545.90     -6.0871029E-007
          5557.19     -5.9038612E-007
          5568.48     -5.7261747E-007
          5579.77     -5.5538557E-007
          5591.05     -5.3867223E-007
          5602.34     -5.2245993E-007
          5613.63     -5.0673165E-007
          5624.92     -4.9147098E-007
          5636.21     -4.7666204E-007
          5647.50     -4.6228947E-007
          5658.79     -4.4833839E-007
          5670.08     -4.3479442E-007
          5681.37     -4.2164362E-007
          5692.66     -4.0887255E-007
          5703.95     -3.9646813E-007
          5715.23     -3.8441774E-007
          5726.52     -3.7270916E-007
          5737.81     -3.6133052E-007
          5749.10     -3.5027034E-007
          5760.39     -3.3951749E-007
          5771.68     -3.2906119E-007
          5782.97     -3.1889098E-007
          5794.26     -3.0899673E-007
          5805.55     -2.9936859E-007
          5816.84     -2.8999702E-007
          5828.12     -2.8087277E-007
          5839.41     -2.7198684E-007
          5850.70     -2.6333049E-007
          5861.99     -2.5489524E-007
          5873.28     -2.4667286E-007
          5884.57     -2.3865534E-007
          5895.86     -2.3083487E-007
          5907.15     -2.2320389E-007
          5918.44     -2.1575502E-007
          5929.73     -2.0848109E-007
          5941.02     -2.0137509E-007
          5952.30     -1.9443021E-007
          5963.59     -1.8763983E-007
          5974.88     -1.8099745E-007
          5986.17     -1.7449676E-007
          5997.46     -1.6813159E-007
          6008.75     -1.6189591E-007
          6020.04     -1.5578384E-007
          6031.33     -1.4978962E-007
          6042.62     -1.4390760E-007
          6053.91     -1.3813228E-007
          6065.20     -1.3245826E-007
          6076.48     -1.2688021E-007
          6087.77     -1.2139298E-007
          6099.06     -1.1599143E-007
          6110.35     -1.1067057E-007
          6121.64     -1.0542547E-007
          6132.93     -1.0025128E-007
          6144.22     -9.5143234E-008
          6155.51     -9.0096633E-008
          6166.80     -8.5106837E-008
          6178.09     -8.0169283E-008
          6189.38     -7.5279447E-008
          6200.66     -7.0432867E-008
          6211.95     -6.5625126E-008
          6223.24     -6.0851845E-008
          6234.53     -5.6108701E-008
          6245.82     -5.1391390E-008
          6257.11     -4.6695640E-008
          6268.40     -4.2017220E-008
          6279.69     -3.7351909E-008
          6290.98     -3.2695509E-008
          6302.27     -2.8043840E-008
          6313.55     -2.3392726E-008
          6324.84     -1.8738016E-008
          6336.13     -1.4075546E-008
          6347.42     -9.4011571E-009
          6358.71     -4.7106984E-009
          6370.00     -4.4784146E-044
