          3480.00     -1.8518519E-004
          3491.29     -1.8520851E-004
          3502.58     -1.8377380E-004
          3513.87     -1.8115254E-004
          3525.16     -1.7757709E-004
          3536.45     -1.7324581E-004
          3547.73     -1.6832758E-004
          3559.02     -1.6296580E-004
          3570.31     -1.5728173E-004
          3581.60     -1.5137755E-004
          3592.89     -1.4533895E-004
          3604.18     -1.3923738E-004
          3615.47     -1.3313206E-004
          3626.76     -1.2707166E-004
          3638.05     -1.2109583E-004
          3649.34     -1.1523649E-004
          3660.62     -1.0951895E-004
          3671.91     -1.0396289E-004
          3683.20     -9.8583209E-005
          3694.49     -9.3390757E-005
          3705.78     -8.8392993E-005
          3717.07     -8.3594501E-005
          3728.36     -7.8997476E-005
          3739.65     -7.4602148E-005
          3750.94     -7.0407107E-005
          3762.23     -6.6409618E-005
          3773.52     -6.2605878E-005
          3784.80     -5.8991233E-005
          3796.09     -5.5560376E-005
          3807.38     -5.2307490E-005
          3818.67     -4.9226393E-005
          3829.96     -4.6310656E-005
          3841.25     -4.3553689E-005
          3852.54     -4.0948826E-005
          3863.83     -3.8489389E-005
          3875.12     -3.6168746E-005
          3886.41     -3.3980355E-005
          3897.70     -3.1917796E-005
          3908.98     -2.9974800E-005
          3920.27     -2.8145280E-005
          3931.56     -2.6423334E-005
          3942.85     -2.4803267E-005
          3954.14     -2.3279597E-005
          3965.43     -2.1847059E-005
          3976.72     -2.0500612E-005
          3988.01     -1.9235435E-005
          3999.30     -1.8046924E-005
          4010.59     -1.6930698E-005
          4021.88     -1.5882583E-005
          4033.16     -1.4898618E-005
          4044.45     -1.3975041E-005
          4055.74     -1.3108286E-005
          4067.03     -1.2294980E-005
          4078.32     -1.1531927E-005
          4089.61     -1.0816109E-005
          4100.90     -1.0144675E-005
          4112.19     -9.5149337E-006
          4123.48     -8.9243463E-006
          4134.77     -8.3705203E-006
          4146.05     -7.8512009E-006
          4157.34     -7.3642666E-006
          4168.63     -6.9077191E-006
          4179.92     -6.4796787E-006
          4191.21     -6.0783789E-006
          4202.50     -5.7021582E-006
          4213.79     -5.3494553E-006
          4225.08     -5.0188039E-006
          4236.37     -4.7088266E-006
          4247.66     -4.4182311E-006
          4258.95     -4.1458034E-006
          4270.23     -3.8904046E-006
          4281.52     -3.6509666E-006
          4292.81     -3.4264872E-006
          4304.10     -3.2160262E-006
          4315.39     -3.0187024E-006
          4326.68     -2.8336893E-006
          4337.97     -2.6602126E-006
          4349.26     -2.4975460E-006
          4360.55     -2.3450089E-006
          4371.84     -2.2019640E-006
          4383.12     -2.0678135E-006
          4394.41     -1.9419975E-006
          4405.70     -1.8239915E-006
          4416.99     -1.7133039E-006
          4428.28     -1.6094747E-006
          4439.57     -1.5120724E-006
          4450.86     -1.4206930E-006
          4462.15     -1.3349583E-006
          4473.44     -1.2545137E-006
          4484.73     -1.1790274E-006
          4496.02     -1.1081884E-006
          4507.30     -1.0417053E-006
          4518.59     -9.7930559E-007
          4529.88     -9.2073362E-007
          4541.17     -8.6575005E-007
          4552.46     -8.1413081E-007
          4563.75     -7.6566588E-007
          4575.04     -7.2015860E-007
          4586.33     -6.7742472E-007
          4597.62     -6.3729162E-007
          4608.91     -5.9959770E-007
          4620.20     -5.6419147E-007
          4631.48     -5.3093098E-007
          4642.77     -4.9968335E-007
          4654.06     -4.7032398E-007
          4665.35     -4.4273615E-007
          4676.64     -4.1681048E-007
          4687.93     -3.9244446E-007
          4699.22     -3.6954207E-007
          4710.51     -3.4801328E-007
          4721.80     -3.2777368E-007
          4733.09     -3.0874422E-007
          4744.38     -2.9085074E-007
          4755.66     -2.7402375E-007
          4766.95     -2.5819807E-007
          4778.24     -2.4331261E-007
          4789.53     -2.2931010E-007
          4800.82     -2.1613682E-007
          4812.11     -2.0374236E-007
          4823.40     -1.9207950E-007
          4834.69     -1.8110391E-007
          4845.98     -1.7077403E-007
          4857.27     -1.6105084E-007
          4868.55     -1.5189777E-007
          4879.84     -1.4328048E-007
          4891.13     -1.3516676E-007
          4902.42     -1.2752637E-007
          4913.71     -1.2033096E-007
          4925.00     -1.1355389E-007
          4936.29     -1.0717015E-007
          4947.58     -1.0115629E-007
          4958.87     -9.5490275E-008
          4970.16     -9.0151419E-008
          4981.45     -8.5120297E-008
          4992.73     -8.0378663E-008
          5004.02     -7.5909392E-008
          5015.31     -7.1696388E-008
          5026.60     -6.7724533E-008
          5037.89     -6.3979625E-008
          5049.18     -6.0448319E-008
          5060.47     -5.7118081E-008
          5071.76     -5.3977125E-008
          5083.05     -5.1014375E-008
          5094.34     -4.8219427E-008
          5105.62     -4.5582495E-008
          5116.91     -4.3094380E-008
          5128.20     -4.0746434E-008
          5139.49     -3.8530522E-008
          5150.78     -3.6439001E-008
          5162.07     -3.4464677E-008
          5173.36     -3.2600783E-008
          5184.65     -3.0840959E-008
          5195.94     -2.9179217E-008
          5207.23     -2.7609925E-008
          5218.52     -2.6127781E-008
          5229.80     -2.4727797E-008
          5241.09     -2.3405281E-008
          5252.38     -2.2155814E-008
          5263.67     -2.0975236E-008
          5274.96     -1.9859632E-008
          5286.25     -1.8805315E-008
          5297.54     -1.7808814E-008
          5308.83     -1.6866858E-008
          5320.12     -1.5976369E-008
          5331.41     -1.5134447E-008
          5342.70     -1.4338360E-008
          5353.98     -1.3585533E-008
          5365.27     -1.2873542E-008
          5376.56     -1.2200100E-008
          5387.85     -1.1563055E-008
          5399.14     -1.0960377E-008
          5410.43     -1.0390151E-008
          5421.72     -9.8505742E-009
          5433.01     -9.3399463E-009
          5444.30     -8.8566632E-009
          5455.59     -8.3992135E-009
          5466.88     -7.9661708E-009
          5478.16     -7.5561901E-009
          5489.45     -7.1680025E-009
          5500.74     -6.8004110E-009
          5512.03     -6.4522867E-009
          5523.32     -6.1225638E-009
          5534.61     -5.8102365E-009
          5545.90     -5.5143561E-009
          5557.19     -5.2340265E-009
          5568.48     -4.9684022E-009
          5579.77     -4.7166848E-009
          5591.05     -4.4781201E-009
          5602.34     -4.2519968E-009
          5613.63     -4.0376424E-009
          5624.92     -3.8344217E-009
          5636.21     -3.6417352E-009
          5647.50     -3.4590162E-009
          5658.79     -3.2857292E-009
          5670.08     -3.1213683E-009
          5681.37     -2.9654552E-009
          5692.66     -2.8175382E-009
          5703.95     -2.6771901E-009
          5715.23     -2.5440067E-009
          5726.52     -2.4176065E-009
          5737.81     -2.2976282E-009
          5749.10     -2.1837302E-009
          5760.39     -2.0755894E-009
          5771.68     -1.9729002E-009
          5782.97     -1.8753733E-009
          5794.26     -1.7827351E-009
          5805.55     -1.6947264E-009
          5816.84     -1.6111022E-009
          5828.12     -1.5316300E-009
          5839.41     -1.4560901E-009
          5850.70     -1.3842742E-009
          5861.99     -1.3159849E-009
          5873.28     -1.2510353E-009
          5884.57     -1.1892482E-009
          5895.86     -1.1304555E-009
          5907.15     -1.0744981E-009
          5918.44     -1.0212248E-009
          5929.73     -9.7049217E-010
          5941.02     -9.2216427E-010
          5952.30     -8.7611184E-010
          5963.59     -8.3221232E-010
          5974.88     -7.9034912E-010
          5986.17     -7.5041143E-010
          5997.46     -7.1229402E-010
          6008.75     -6.7589665E-010
          6020.04     -6.4112397E-010
          6031.33     -6.0788515E-010
          6042.62     -5.7609366E-010
          6053.91     -5.4566705E-010
          6065.20     -5.1652658E-010
          6076.48     -4.8859706E-010
          6087.77     -4.6180675E-010
          6099.06     -4.3608693E-010
          6110.35     -4.1137187E-010
          6121.64     -3.8759859E-010
          6132.93     -3.6470665E-010
          6144.22     -3.4263807E-010
          6155.51     -3.2133706E-010
          6166.80     -3.0074992E-010
          6178.09     -2.8082492E-010
          6189.38     -2.6151208E-010
          6200.66     -2.4276310E-010
          6211.95     -2.2453119E-010
          6223.24     -2.0677095E-010
          6234.53     -1.8943832E-010
          6245.82     -1.7249031E-010
          6257.11     -1.5588502E-010
          6268.40     -1.3958150E-010
          6279.69     -1.2353961E-010
          6290.98     -1.0771992E-010
          6302.27     -9.2083655E-011
          6313.55     -7.6592533E-011
          6324.84     -6.1208750E-011
          6336.13     -4.5894795E-011
          6347.42     -3.0613398E-011
          6358.71     -1.5327485E-011
          6370.00      0.0000000E+000
