          3480.00     -2.3059593E-004
          3491.29     -2.3136306E-004
          3502.58     -2.3150522E-004
          3513.87     -2.3108743E-004
          3525.16     -2.3016922E-004
          3536.45     -2.2880509E-004
          3547.73     -2.2704489E-004
          3559.02     -2.2493419E-004
          3570.31     -2.2251466E-004
          3581.60     -2.1982435E-004
          3592.89     -2.1689800E-004
          3604.18     -2.1376674E-004
          3615.47     -2.1045855E-004
          3626.76     -2.0699981E-004
          3638.05     -2.0341447E-004
          3649.34     -1.9972430E-004
          3660.62     -1.9594903E-004
          3671.91     -1.9210652E-004
          3683.20     -1.8821295E-004
          3694.49     -1.8428290E-004
          3705.78     -1.8032953E-004
          3717.07     -1.7636467E-004
          3728.36     -1.7239894E-004
          3739.65     -1.6844187E-004
          3750.94     -1.6450194E-004
          3762.23     -1.6058674E-004
          3773.52     -1.5670297E-004
          3784.80     -1.5285658E-004
          3796.09     -1.4905282E-004
          3807.38     -1.4529640E-004
          3818.67     -1.4159131E-004
          3829.96     -1.3794098E-004
          3841.25     -1.3434837E-004
          3852.54     -1.3081597E-004
          3863.83     -1.2734589E-004
          3875.12     -1.2393985E-004
          3886.41     -1.2059927E-004
          3897.70     -1.1732522E-004
          3908.98     -1.1411853E-004
          3920.27     -1.1097978E-004
          3931.56     -1.0790932E-004
          3942.85     -1.0490730E-004
          3954.14     -1.0197378E-004
          3965.43     -9.9108570E-005
          3976.72     -9.6311337E-005
          3988.01     -9.3581612E-005
          3999.30     -9.0918814E-005
          4010.59     -8.8322268E-005
          4021.88     -8.5791206E-005
          4033.16     -8.3324785E-005
          4044.45     -8.0922096E-005
          4055.74     -7.8582171E-005
          4067.03     -7.6303999E-005
          4078.32     -7.4086520E-005
          4089.61     -7.1928642E-005
          4100.90     -6.9829248E-005
          4112.19     -6.7787195E-005
          4123.48     -6.5801323E-005
          4134.77     -6.3870457E-005
          4146.05     -6.1993413E-005
          4157.34     -6.0169005E-005
          4168.63     -5.8396043E-005
          4179.92     -5.6673335E-005
          4191.21     -5.4999702E-005
          4202.50     -5.3373962E-005
          4213.79     -5.1794946E-005
          4225.08     -5.0261496E-005
          4236.37     -4.8772462E-005
          4247.66     -4.7326713E-005
          4258.95     -4.5923125E-005
          4270.23     -4.4560596E-005
          4281.52     -4.3238042E-005
          4292.81     -4.1954395E-005
          4304.10     -4.0708608E-005
          4315.39     -3.9499649E-005
          4326.68     -3.8326510E-005
          4337.97     -3.7188201E-005
          4349.26     -3.6083752E-005
          4360.55     -3.5012213E-005
          4371.84     -3.3972705E-005
          4383.12     -3.2964269E-005
          4394.41     -3.1986017E-005
          4405.70     -3.1037078E-005
          4416.99     -3.0116608E-005
          4428.28     -2.9223783E-005
          4439.57     -2.8357799E-005
          4450.86     -2.7517871E-005
          4462.15     -2.6703237E-005
          4473.44     -2.5913151E-005
          4484.73     -2.5146889E-005
          4496.02     -2.4403744E-005
          4507.30     -2.3683029E-005
          4518.59     -2.2984076E-005
          4529.88     -2.2306235E-005
          4541.17     -2.1648872E-005
          4552.46     -2.1011374E-005
          4563.75     -2.0393144E-005
          4575.04     -1.9793600E-005
          4586.33     -1.9212177E-005
          4597.62     -1.8648326E-005
          4608.91     -1.8101515E-005
          4620.20     -1.7571225E-005
          4631.48     -1.7056955E-005
          4642.77     -1.6558217E-005
          4654.06     -1.6074536E-005
          4665.35     -1.5605454E-005
          4676.64     -1.5150523E-005
          4687.93     -1.4709310E-005
          4699.22     -1.4281397E-005
          4710.51     -1.3866375E-005
          4721.80     -1.3463848E-005
          4733.09     -1.3073434E-005
          4744.38     -1.2694761E-005
          4755.66     -1.2327468E-005
          4766.95     -1.1971205E-005
          4778.24     -1.1625634E-005
          4789.53     -1.1290425E-005
          4800.82     -1.0965261E-005
          4812.11     -1.0649831E-005
          4823.40     -1.0343838E-005
          4834.69     -1.0046989E-005
          4845.98     -9.7590053E-006
          4857.27     -9.4796113E-006
          4868.55     -9.2085429E-006
          4879.84     -8.9455446E-006
          4891.13     -8.6903682E-006
          4902.42     -8.4427730E-006
          4913.71     -8.2025264E-006
          4925.00     -7.9694023E-006
          4936.29     -7.7431821E-006
          4947.58     -7.5236537E-006
          4958.87     -7.3106116E-006
          4970.16     -7.1038570E-006
          4981.45     -6.9031968E-006
          4992.73     -6.7084441E-006
          5004.02     -6.5194171E-006
          5015.31     -6.3359400E-006
          5026.60     -6.1578430E-006
          5037.89     -5.9849614E-006
          5049.18     -5.8171357E-006
          5060.47     -5.6542116E-006
          5071.76     -5.4960393E-006
          5083.05     -5.3424735E-006
          5094.34     -5.1933740E-006
          5105.62     -5.0486043E-006
          5116.91     -4.9080327E-006
          5128.20     -4.7715311E-006
          5139.49     -4.6389756E-006
          5150.78     -4.5102459E-006
          5162.07     -4.3852252E-006
          5173.36     -4.2638007E-006
          5184.65     -4.1458635E-006
          5195.94     -4.0313077E-006
          5207.23     -3.9200307E-006
          5218.52     -3.8119332E-006
          5229.80     -3.7069188E-006
          5241.09     -3.6048944E-006
          5252.38     -3.5057694E-006
          5263.67     -3.4094561E-006
          5274.96     -3.3158696E-006
          5286.25     -3.2249277E-006
          5297.54     -3.1365503E-006
          5308.83     -3.0506596E-006
          5320.12     -2.9671807E-006
          5331.41     -2.8860410E-006
          5342.70     -2.8071701E-006
          5353.98     -2.7304996E-006
          5365.27     -2.6559634E-006
          5376.56     -2.5834975E-006
          5387.85     -2.5130394E-006
          5399.14     -2.4445286E-006
          5410.43     -2.3779067E-006
          5421.72     -2.3131171E-006
          5433.01     -2.2501047E-006
          5444.30     -2.1888160E-006
          5455.59     -2.1291990E-006
          5466.88     -2.0712034E-006
          5478.16     -2.0147806E-006
          5489.45     -1.9598835E-006
          5500.74     -1.9064662E-006
          5512.03     -1.8544846E-006
          5523.32     -1.8038955E-006
          5534.61     -1.7546572E-006
          5545.90     -1.7067293E-006
          5557.19     -1.6600723E-006
          5568.48     -1.6146483E-006
          5579.77     -1.5704135E-006
          5591.05     -1.5273316E-006
          5602.34     -1.4853683E-006
          5613.63     -1.4444904E-006
          5624.92     -1.4046655E-006
          5636.21     -1.3658624E-006
          5647.50     -1.3280504E-006
          5658.79     -1.2912000E-006
          5670.08     -1.2552819E-006
          5681.37     -1.2202328E-006
          5692.66     -1.1860284E-006
          5703.95     -1.1526452E-006
          5715.23     -1.1200599E-006
          5726.52     -1.0882498E-006
          5737.81     -1.0571927E-006
          5749.10     -1.0268667E-006
          5760.39     -9.9725034E-007
          5771.68     -9.6832267E-007
          5782.97     -9.4006546E-007
          5794.26     -9.1248238E-007
          5805.55     -8.8555125E-007
          5816.84     -8.5925051E-007
          5828.12     -8.3355909E-007
          5839.41     -8.0845649E-007
          5850.70     -7.8392271E-007
          5861.99     -7.5993823E-007
          5873.28     -7.3648406E-007
          5884.57     -7.1354164E-007
          5895.86     -6.9109282E-007
          5907.15     -6.6911987E-007
          5918.44     -6.4759863E-007
          5929.73     -6.2651291E-007
          5941.02     -6.0584687E-007
          5952.30     -5.8558494E-007
          5963.59     -5.6571194E-007
          5974.88     -5.4621183E-007
          5986.17     -5.2706866E-007
          5997.46     -5.0826836E-007
          6008.75     -4.8979706E-007
          6020.04     -4.7164116E-007
          6031.33     -4.5379329E-007
          6042.62     -4.3623957E-007
          6053.91     -4.1896642E-007
          6065.20     -4.0196044E-007
          6076.48     -3.8521018E-007
          6087.77     -3.6870374E-007
          6099.06     -3.5242803E-007
          6110.35     -3.3637020E-007
          6121.64     -3.2051683E-007
          6132.93     -3.0485126E-007
          6144.22     -2.8936202E-007
          6155.51     -2.7403929E-007
          6166.80     -2.5887167E-007
          6178.09     -2.4385102E-007
          6189.38     -2.2896670E-007
          6200.66     -2.1420680E-007
          6211.95     -1.9955955E-007
          6223.24     -1.8501331E-007
          6234.53     -1.7055659E-007
          6245.82     -1.5617800E-007
          6257.11     -1.4186622E-007
          6268.40     -1.2761013E-007
          6279.69     -1.1339872E-007
          6290.98     -9.9220948E-008
          6302.27     -8.5065792E-008
          6313.55     -7.0922287E-008
          6324.84     -5.6779584E-008
          6336.13     -4.2626828E-008
          6347.42     -2.8453157E-008
          6358.71     -1.4247802E-008
          6370.00      3.6518763E-043
