          3480.00     -2.3059593E-004
          3491.29     -2.3100495E-004
          3502.58     -2.3012235E-004
          3513.87     -2.2814618E-004
          3525.16     -2.2525063E-004
          3536.45     -2.2158872E-004
          3547.73     -2.1729461E-004
          3559.02     -2.1248580E-004
          3570.31     -2.0726497E-004
          3581.60     -2.0172164E-004
          3592.89     -1.9593376E-004
          3604.18     -1.8996845E-004
          3615.47     -1.8388348E-004
          3626.76     -1.7772938E-004
          3638.05     -1.7154947E-004
          3649.34     -1.6538076E-004
          3660.62     -1.5925459E-004
          3671.91     -1.5319743E-004
          3683.20     -1.4723138E-004
          3694.49     -1.4137476E-004
          3705.78     -1.3564254E-004
          3717.07     -1.3004679E-004
          3728.36     -1.2459705E-004
          3739.65     -1.1930063E-004
          3750.94     -1.1416292E-004
          3762.23     -1.0918767E-004
          3773.52     -1.0437717E-004
          3784.80     -9.9732489E-005
          3796.09     -9.5253664E-005
          3807.38     -9.0939899E-005
          3818.67     -8.6789544E-005
          3829.96     -8.2800326E-005
          3841.25     -7.8969441E-005
          3852.54     -7.5293655E-005
          3863.83     -7.1769389E-005
          3875.12     -6.8392781E-005
          3886.41     -6.5159763E-005
          3897.70     -6.2066098E-005
          3908.98     -5.9107433E-005
          3920.27     -5.6279351E-005
          3931.56     -5.3577385E-005
          3942.85     -5.0997063E-005
          3954.14     -4.8533966E-005
          3965.43     -4.6183677E-005
          3976.72     -4.3941830E-005
          3988.01     -4.1804128E-005
          3999.30     -3.9766356E-005
          4010.59     -3.7824401E-005
          4021.88     -3.5974248E-005
          4033.16     -3.4211991E-005
          4044.45     -3.2533837E-005
          4055.74     -3.0936112E-005
          4067.03     -2.9415261E-005
          4078.32     -2.7967850E-005
          4089.61     -2.6590562E-005
          4100.90     -2.5280208E-005
          4112.19     -2.4033713E-005
          4123.48     -2.2848123E-005
          4134.77     -2.1720598E-005
          4146.05     -2.0648414E-005
          4157.34     -1.9628960E-005
          4168.63     -1.8659734E-005
          4179.92     -1.7738337E-005
          4191.21     -1.6862479E-005
          4202.50     -1.6029966E-005
          4213.79     -1.5238702E-005
          4225.08     -1.4486684E-005
          4236.37     -1.3772002E-005
          4247.66     -1.3092830E-005
          4258.95     -1.2447428E-005
          4270.23     -1.1834135E-005
          4281.52     -1.1251370E-005
          4292.81     -1.0697625E-005
          4304.10     -1.0171464E-005
          4315.39     -9.6715185E-006
          4326.68     -9.1964865E-006
          4337.97     -8.7451289E-006
          4349.26     -8.3162653E-006
          4360.55     -7.9087730E-006
          4371.84     -7.5215956E-006
          4383.12     -7.1537052E-006
          4394.41     -6.8041364E-006
          4405.70     -6.4719706E-006
          4416.99     -6.1563349E-006
          4428.28     -5.8564009E-006
          4439.57     -5.5713803E-006
          4450.86     -5.3005239E-006
          4462.15     -5.0431209E-006
          4473.44     -4.7984950E-006
          4484.73     -4.5660042E-006
          4496.02     -4.3450384E-006
          4507.30     -4.1350183E-006
          4518.59     -3.9353940E-006
          4529.88     -3.7456428E-006
          4541.17     -3.5652684E-006
          4552.46     -3.3938002E-006
          4563.75     -3.2307907E-006
          4575.04     -3.0758151E-006
          4586.33     -2.9284700E-006
          4597.62     -2.7883726E-006
          4608.91     -2.6551595E-006
          4620.20     -2.5284854E-006
          4631.48     -2.4080227E-006
          4642.77     -2.2934605E-006
          4654.06     -2.1845034E-006
          4665.35     -2.0808712E-006
          4676.64     -1.9822977E-006
          4687.93     -1.8885303E-006
          4699.22     -1.7993293E-006
          4710.51     -1.7144668E-006
          4721.80     -1.6337269E-006
          4733.09     -1.5569043E-006
          4744.38     -1.4838043E-006
          4755.66     -1.4142419E-006
          4766.95     -1.3480415E-006
          4778.24     -1.2850364E-006
          4789.53     -1.2250684E-006
          4800.82     -1.1679872E-006
          4812.11     -1.1136501E-006
          4823.40     -1.0619215E-006
          4834.69     -1.0126729E-006
          4845.98     -9.6578202E-007
          4857.27     -9.2113273E-007
          4868.55     -8.7861482E-007
          4879.84     -8.3812372E-007
          4891.13     -7.9956002E-007
          4902.42     -7.6282929E-007
          4913.71     -7.2784194E-007
          4925.00     -6.9451275E-007
          4936.29     -6.6276082E-007
          4947.58     -6.3250928E-007
          4958.87     -6.0368508E-007
          4970.16     -5.7621889E-007
          4981.45     -5.5004475E-007
          4992.73     -5.2510001E-007
          5004.02     -5.0132510E-007
          5015.31     -4.7866341E-007
          5026.60     -4.5706121E-007
          5037.89     -4.3646741E-007
          5049.18     -4.1683344E-007
          5060.47     -3.9811317E-007
          5071.76     -3.8026271E-007
          5083.05     -3.6324034E-007
          5094.34     -3.4700643E-007
          5105.62     -3.3152326E-007
          5116.91     -3.1675498E-007
          5128.20     -3.0266750E-007
          5139.49     -2.8922839E-007
          5150.78     -2.7640681E-007
          5162.07     -2.6417341E-007
          5173.36     -2.5250029E-007
          5184.65     -2.4136096E-007
          5195.94     -2.3073016E-007
          5207.23     -2.2058389E-007
          5218.52     -2.1089932E-007
          5229.80     -2.0165470E-007
          5241.09     -1.9282937E-007
          5252.38     -1.8440364E-007
          5263.67     -1.7635878E-007
          5274.96     -1.6867699E-007
          5286.25     -1.6134128E-007
          5297.54     -1.5433551E-007
          5308.83     -1.4764429E-007
          5320.12     -1.4125297E-007
          5331.41     -1.3514765E-007
          5342.70     -1.2931504E-007
          5353.98     -1.2374253E-007
          5365.27     -1.1841808E-007
          5376.56     -1.1333026E-007
          5387.85     -1.0846814E-007
          5399.14     -1.0382132E-007
          5410.43     -9.9379913E-008
          5421.72     -9.5134493E-008
          5433.01     -9.1076076E-008
          5444.30     -8.7196102E-008
          5455.59     -8.3486403E-008
          5466.88     -7.9939207E-008
          5478.16     -7.6547116E-008
          5489.45     -7.3303078E-008
          5500.74     -7.0200368E-008
          5512.03     -6.7232589E-008
          5523.32     -6.4393630E-008
          5534.61     -6.1677671E-008
          5545.90     -5.9079166E-008
          5557.19     -5.6592827E-008
          5568.48     -5.4213610E-008
          5579.77     -5.1936488E-008
          5591.05     -4.9756871E-008
          5602.34     -4.7670420E-008
          5613.63     -4.5672993E-008
          5624.92     -4.3760633E-008
          5636.21     -4.1929573E-008
          5647.50     -4.0176211E-008
          5658.79     -3.8497113E-008
          5670.08     -3.6888992E-008
          5681.37     -3.5347694E-008
          5692.66     -3.3870365E-008
          5703.95     -3.2454266E-008
          5715.23     -3.1096771E-008
          5726.52     -2.9795365E-008
          5737.81     -2.8547632E-008
          5749.10     -2.7351255E-008
          5760.39     -2.6204015E-008
          5771.68     -2.5103778E-008
          5782.97     -2.4048561E-008
          5794.26     -2.3036999E-008
          5805.55     -2.2067124E-008
          5816.84     -2.1137057E-008
          5828.12     -2.0245001E-008
          5839.41     -1.9389236E-008
          5850.70     -1.8568117E-008
          5861.99     -1.7780071E-008
          5873.28     -1.7023594E-008
          5884.57     -1.6297246E-008
          5895.86     -1.5599646E-008
          5907.15     -1.4929473E-008
          5918.44     -1.4285311E-008
          5929.73     -1.3665969E-008
          5941.02     -1.3070303E-008
          5952.30     -1.2497213E-008
          5963.59     -1.1945647E-008
          5974.88     -1.1414567E-008
          5986.17     -1.0902974E-008
          5997.46     -1.0409938E-008
          6008.75     -9.9345624E-009
          6020.04     -9.4759866E-009
          6031.33     -9.0334987E-009
          6042.62     -8.6062803E-009
          6053.91     -8.1935445E-009
          6065.20     -7.7945317E-009
          6076.48     -7.4085421E-009
          6087.77     -7.0348880E-009
          6099.06     -6.6728790E-009
          6110.35     -6.3218487E-009
          6121.64     -5.9811387E-009
          6132.93     -5.6500491E-009
          6144.22     -5.3279922E-009
          6155.51     -5.0144254E-009
          6166.80     -4.7087903E-009
          6178.09     -4.4105994E-009
          6189.38     -4.1193317E-009
          6200.66     -3.8344554E-009
          6211.95     -3.5554521E-009
          6223.24     -3.2818160E-009
          6234.53     -3.0130532E-009
          6245.82     -2.7486802E-009
          6257.11     -2.4882230E-009
          6268.40     -2.2312174E-009
          6279.69     -1.9772082E-009
          6290.98     -1.7257451E-009
          6302.27     -1.4763829E-009
          6313.55     -1.2286819E-009
          6324.84     -9.8220815E-010
          6336.13     -7.3653044E-010
          6347.42     -4.9121995E-010
          6358.71     -2.4585119E-010
          6370.00     -7.3748628E-045
