          3480.00     -2.3059593E-004
          3491.29     -2.3083453E-004
          3502.58     -2.2948292E-004
          3513.87     -2.2681425E-004
          3525.16     -2.2306509E-004
          3536.45     -2.1843998E-004
          3547.73     -2.1311537E-004
          3559.02     -2.0724312E-004
          3570.31     -2.0095361E-004
          3581.60     -1.9435841E-004
          3592.89     -1.8755272E-004
          3604.18     -1.8061695E-004
          3615.47     -1.7361880E-004
          3626.76     -1.6661590E-004
          3638.05     -1.5965631E-004
          3649.34     -1.5277985E-004
          3660.62     -1.4601912E-004
          3671.91     -1.3940053E-004
          3683.20     -1.3294514E-004
          3694.49     -1.2666941E-004
          3705.78     -1.2058586E-004
          3717.07     -1.1470360E-004
          3728.36     -1.0902889E-004
          3739.65     -1.0356553E-004
          3750.94     -9.8315274E-005
          3762.23     -9.3278129E-005
          3773.52     -8.8452661E-005
          3784.80     -8.3836234E-005
          3796.09     -7.9425257E-005
          3807.38     -7.5215393E-005
          3818.67     -7.1201595E-005
          3829.96     -6.7378334E-005
          3841.25     -6.3739705E-005
          3852.54     -6.0279538E-005
          3863.83     -5.6991479E-005
          3875.12     -5.3869066E-005
          3886.41     -5.0905796E-005
          3897.70     -4.8095164E-005
          3908.98     -4.5430711E-005
          3920.27     -4.2906071E-005
          3931.56     -4.0514983E-005
          3942.85     -3.8251323E-005
          3954.14     -3.6109153E-005
          3965.43     -3.4082674E-005
          3976.72     -3.2166270E-005
          3988.01     -3.0354508E-005
          3999.30     -2.8642150E-005
          4010.59     -2.7024164E-005
          4021.88     -2.5495713E-005
          4033.16     -2.4052157E-005
          4044.45     -2.2689058E-005
          4055.74     -2.1402171E-005
          4067.03     -2.0187443E-005
          4078.32     -1.9041009E-005
          4089.61     -1.7959181E-005
          4100.90     -1.6938456E-005
          4112.19     -1.5975496E-005
          4123.48     -1.5067130E-005
          4134.77     -1.4210347E-005
          4146.05     -1.3402287E-005
          4157.34     -1.2640242E-005
          4168.63     -1.1921639E-005
          4179.92     -1.1244045E-005
          4191.21     -1.0605154E-005
          4202.50     -1.0002782E-005
          4213.79     -9.4348650E-006
          4225.08     -8.8994495E-006
          4236.37     -8.3946883E-006
          4247.66     -7.9188368E-006
          4258.95     -7.4702451E-006
          4270.23     -7.0473552E-006
          4281.52     -6.6486972E-006
          4292.81     -6.2728822E-006
          4304.10     -5.9185997E-006
          4315.39     -5.5846130E-006
          4326.68     -5.2697548E-006
          4337.97     -4.9729251E-006
          4349.26     -4.6930854E-006
          4360.55     -4.4292567E-006
          4371.84     -4.1805222E-006
          4383.12     -3.9460049E-006
          4394.41     -3.7248846E-006
          4405.70     -3.5163879E-006
          4416.99     -3.3197863E-006
          4428.28     -3.1343937E-006
          4439.57     -2.9595632E-006
          4450.86     -2.7946851E-006
          4462.15     -2.6391856E-006
          4473.44     -2.4925235E-006
          4484.73     -2.3541893E-006
          4496.02     -2.2237027E-006
          4507.30     -2.1006115E-006
          4518.59     -1.9844899E-006
          4529.88     -1.8749364E-006
          4541.17     -1.7715731E-006
          4552.46     -1.6740441E-006
          4563.75     -1.5820141E-006
          4575.04     -1.4951671E-006
          4586.33     -1.4132057E-006
          4597.62     -1.3358496E-006
          4608.91     -1.2628349E-006
          4620.20     -1.1939130E-006
          4631.48     -1.1288496E-006
          4642.77     -1.0674242E-006
          4654.06     -1.0094291E-006
          4665.35     -9.5466835E-007
          4676.64     -9.0295773E-007
          4687.93     -8.5412344E-007
          4699.22     -8.0800193E-007
          4710.51     -7.6443897E-007
          4721.80     -7.2328929E-007
          4733.09     -6.8441611E-007
          4744.38     -6.4769045E-007
          4755.66     -6.1299081E-007
          4766.95     -5.8020268E-007
          4778.24     -5.4921815E-007
          4789.53     -5.1993559E-007
          4800.82     -4.9225915E-007
          4812.11     -4.6609847E-007
          4823.40     -4.4136847E-007
          4834.69     -4.1798886E-007
          4845.98     -3.9588400E-007
          4857.27     -3.7498251E-007
          4868.55     -3.5521715E-007
          4879.84     -3.3652455E-007
          4891.13     -3.1884493E-007
          4902.42     -3.0212190E-007
          4913.71     -2.8630233E-007
          4925.00     -2.7133608E-007
          4936.29     -2.5717586E-007
          4947.58     -2.4377706E-007
          4958.87     -2.3109759E-007
          4970.16     -2.1909779E-007
          4981.45     -2.0774020E-007
          4992.73     -1.9698946E-007
          5004.02     -1.8681223E-007
          5015.31     -1.7717702E-007
          5026.60     -1.6805416E-007
          5037.89     -1.5941561E-007
          5049.18     -1.5123492E-007
          5060.47     -1.4348714E-007
          5071.76     -1.3614868E-007
          5083.05     -1.2919729E-007
          5094.34     -1.2261196E-007
          5105.62     -1.1637284E-007
          5116.91     -1.1046120E-007
          5128.20     -1.0485933E-007
          5139.49     -9.9550522E-008
          5150.78     -9.4518979E-008
          5162.07     -8.9749777E-008
          5173.36     -8.5228821E-008
          5184.65     -8.0942807E-008
          5195.94     -7.6879153E-008
          5207.23     -7.3025970E-008
          5218.52     -6.9372026E-008
          5229.80     -6.5906698E-008
          5241.09     -6.2619955E-008
          5252.38     -5.9502307E-008
          5263.67     -5.6544782E-008
          5274.96     -5.3738902E-008
          5286.25     -5.1076648E-008
          5297.54     -4.8550434E-008
          5308.83     -4.6153082E-008
          5320.12     -4.3877809E-008
          5331.41     -4.1718205E-008
          5342.70     -3.9668199E-008
          5353.98     -3.7722049E-008
          5365.27     -3.5874326E-008
          5376.56     -3.4119894E-008
          5387.85     -3.2453883E-008
          5399.14     -3.0871692E-008
          5410.43     -2.9368963E-008
          5421.72     -2.7941578E-008
          5433.01     -2.6585631E-008
          5444.30     -2.5297427E-008
          5455.59     -2.4073464E-008
          5466.88     -2.2910430E-008
          5478.16     -2.1805190E-008
          5489.45     -2.0754775E-008
          5500.74     -1.9756372E-008
          5512.03     -1.8807321E-008
          5523.32     -1.7905099E-008
          5534.61     -1.7047315E-008
          5545.90     -1.6231708E-008
          5557.19     -1.5456133E-008
          5568.48     -1.4718558E-008
          5579.77     -1.4016999E-008
          5591.05     -1.3349631E-008
          5602.34     -1.2714737E-008
          5613.63     -1.2110684E-008
          5624.92     -1.1535926E-008
          5636.21     -1.0988999E-008
          5647.50     -1.0468511E-008
          5658.79     -9.9731437E-009
          5670.08     -9.5016451E-009
          5681.37     -9.0525667E-009
          5692.66     -8.6248217E-009
          5703.95     -8.2173746E-009
          5715.23     -7.8292394E-009
          5726.52     -7.4594781E-009
          5737.81     -7.1071961E-009
          5749.10     -6.7715421E-009
          5760.39     -6.4517046E-009
          5771.68     -6.1469107E-009
          5782.97     -5.8564386E-009
          5794.26     -5.5797311E-009
          5805.55     -5.3160964E-009
          5816.84     -5.0648783E-009
          5828.12     -4.8254527E-009
          5839.41     -4.5972269E-009
          5850.70     -4.3796376E-009
          5861.99     -4.1721493E-009
          5873.28     -3.9742536E-009
          5884.57     -3.7854663E-009
          5895.86     -3.6053273E-009
          5907.15     -3.4333987E-009
          5918.44     -3.2692296E-009
          5929.73     -3.1124287E-009
          5941.02     -2.9626231E-009
          5952.30     -2.8194570E-009
          5963.59     -2.6825918E-009
          5974.88     -2.5516984E-009
          5986.17     -2.4264625E-009
          5997.46     -2.3065909E-009
          6008.75     -2.1918033E-009
          6020.04     -2.0818318E-009
          6031.33     -1.9764459E-009
          6042.62     -1.8753963E-009
          6053.91     -1.7784445E-009
          6065.20     -1.6853624E-009
          6076.48     -1.5959382E-009
          6087.77     -1.5099665E-009
          6099.06     -1.4272448E-009
          6110.35     -1.3475786E-009
          6121.64     -1.2707784E-009
          6132.93     -1.1966490E-009
          6144.22     -1.1250214E-009
          6155.51     -1.0557387E-009
          6166.80     -9.8864282E-010
          6178.09     -9.2359270E-010
          6189.38     -8.6044219E-010
          6200.66     -7.9904467E-010
          6211.95     -7.3925816E-010
          6223.24     -6.8094488E-010
          6234.53     -6.2397104E-010
          6245.82     -5.6820638E-010
          6257.11     -5.1352381E-010
          6268.40     -4.5979941E-010
          6279.69     -4.0691212E-010
          6290.98     -3.5474276E-010
          6302.27     -3.0317400E-010
          6313.55     -2.5209034E-010
          6324.84     -2.0137798E-010
          6336.13     -1.5092421E-010
          6347.42     -1.0061715E-010
          6358.71     -5.0345894E-011
          6370.00     -8.7110354E-047
