          3480.00     -1.8518519E-004
          3491.29     -1.8557819E-004
          3502.58     -1.8514448E-004
          3513.87     -1.8399728E-004
          3525.16     -1.8223750E-004
          3536.45     -1.7995503E-004
          3547.73     -1.7722981E-004
          3559.02     -1.7413286E-004
          3570.31     -1.7072719E-004
          3581.60     -1.6706860E-004
          3592.89     -1.6320645E-004
          3604.18     -1.5918430E-004
          3615.47     -1.5504050E-004
          3626.76     -1.5080877E-004
          3638.05     -1.4651864E-004
          3649.34     -1.4219593E-004
          3660.62     -1.3786310E-004
          3671.91     -1.3353966E-004
          3683.20     -1.2924243E-004
          3694.49     -1.2498587E-004
          3705.78     -1.2078233E-004
          3717.07     -1.1664227E-004
          3728.36     -1.1257446E-004
          3739.65     -1.0858624E-004
          3750.94     -1.0468357E-004
          3762.23     -1.0087129E-004
          3773.52     -9.7153197E-005
          3784.80     -9.3532174E-005
          3796.09     -9.0010325E-005
          3807.38     -8.6589045E-005
          3818.67     -8.3269120E-005
          3829.96     -8.0050813E-005
          3841.25     -7.6933915E-005
          3852.54     -7.3917824E-005
          3863.83     -7.1001594E-005
          3875.12     -6.8183986E-005
          3886.41     -6.5463518E-005
          3897.70     -6.2838495E-005
          3908.98     -6.0307046E-005
          3920.27     -5.7867167E-005
          3931.56     -5.5516731E-005
          3942.85     -5.3253522E-005
          3954.14     -5.1075258E-005
          3965.43     -4.8979603E-005
          3976.72     -4.6964194E-005
          3988.01     -4.5026641E-005
          3999.30     -4.3164552E-005
          4010.59     -4.1375542E-005
          4021.88     -3.9657233E-005
          4033.16     -3.8007275E-005
          4044.45     -3.6423343E-005
          4055.74     -3.4903149E-005
          4067.03     -3.3444447E-005
          4078.32     -3.2045031E-005
          4089.61     -3.0702743E-005
          4100.90     -2.9415478E-005
          4112.19     -2.8181181E-005
          4123.48     -2.6997852E-005
          4134.77     -2.5863544E-005
          4146.05     -2.4776367E-005
          4157.34     -2.3734490E-005
          4168.63     -2.2736135E-005
          4179.92     -2.1779581E-005
          4191.21     -2.0863166E-005
          4202.50     -1.9985280E-005
          4213.79     -1.9144370E-005
          4225.08     -1.8338937E-005
          4236.37     -1.7567533E-005
          4247.66     -1.6828765E-005
          4258.95     -1.6121291E-005
          4270.23     -1.5443814E-005
          4281.52     -1.4795093E-005
          4292.81     -1.4173929E-005
          4304.10     -1.3579170E-005
          4315.39     -1.3009709E-005
          4326.68     -1.2464483E-005
          4337.97     -1.1942470E-005
          4349.26     -1.1442690E-005
          4360.55     -1.0964200E-005
          4371.84     -1.0506097E-005
          4383.12     -1.0067514E-005
          4394.41     -9.6476188E-006
          4405.70     -9.2456150E-006
          4416.99     -8.8607372E-006
          4428.28     -8.4922533E-006
          4439.57     -8.1394606E-006
          4450.86     -7.8016860E-006
          4462.15     -7.4782854E-006
          4473.44     -7.1686408E-006
          4484.73     -6.8721609E-006
          4496.02     -6.5882793E-006
          4507.30     -6.3164535E-006
          4518.59     -6.0561647E-006
          4529.88     -5.8069157E-006
          4541.17     -5.5682306E-006
          4552.46     -5.3396544E-006
          4563.75     -5.1207512E-006
          4575.04     -4.9111041E-006
          4586.33     -4.7103139E-006
          4597.62     -4.5179988E-006
          4608.91     -4.3337938E-006
          4620.20     -4.1573493E-006
          4631.48     -3.9883308E-006
          4642.77     -3.8264189E-006
          4654.06     -3.6713074E-006
          4665.35     -3.5227037E-006
          4676.64     -3.3803279E-006
          4687.93     -3.2439122E-006
          4699.22     -3.1132007E-006
          4710.51     -2.9879484E-006
          4721.80     -2.8679209E-006
          4733.09     -2.7528943E-006
          4744.38     -2.6426543E-006
          4755.66     -2.5369959E-006
          4766.95     -2.4357230E-006
          4778.24     -2.3386481E-006
          4789.53     -2.2455921E-006
          4800.82     -2.1563833E-006
          4812.11     -2.0708577E-006
          4823.40     -1.9888584E-006
          4834.69     -1.9102354E-006
          4845.98     -1.8348450E-006
          4857.27     -1.7625501E-006
          4868.55     -1.6932192E-006
          4879.84     -1.6267269E-006
          4891.13     -1.5629528E-006
          4902.42     -1.5017820E-006
          4913.71     -1.4431047E-006
          4925.00     -1.3868156E-006
          4936.29     -1.3328139E-006
          4947.58     -1.2810036E-006
          4958.87     -1.2312923E-006
          4970.16     -1.1835921E-006
          4981.45     -1.1378185E-006
          4992.73     -1.0938908E-006
          5004.02     -1.0517319E-006
          5015.31     -1.0112678E-006
          5026.60     -9.7242788E-007
          5037.89     -9.3514439E-007
          5049.18     -8.9935254E-007
          5060.47     -8.6499041E-007
          5071.76     -8.3199863E-007
          5083.05     -8.0032037E-007
          5094.34     -7.6990133E-007
          5105.62     -7.4068942E-007
          5116.91     -7.1263481E-007
          5128.20     -6.8568982E-007
          5139.49     -6.5980873E-007
          5150.78     -6.3494787E-007
          5162.07     -6.1106533E-007
          5173.36     -5.8812099E-007
          5184.65     -5.6607649E-007
          5195.94     -5.4489504E-007
          5207.23     -5.2454141E-007
          5218.52     -5.0498185E-007
          5229.80     -4.8618404E-007
          5241.09     -4.6811705E-007
          5252.38     -4.5075121E-007
          5263.67     -4.3405808E-007
          5274.96     -4.1801048E-007
          5286.25     -4.0258230E-007
          5297.54     -3.8774854E-007
          5308.83     -3.7348526E-007
          5320.12     -3.5976949E-007
          5331.41     -3.4657925E-007
          5342.70     -3.3389343E-007
          5353.98     -3.2169183E-007
          5365.27     -3.0995507E-007
          5376.56     -2.9866457E-007
          5387.85     -2.8780252E-007
          5399.14     -2.7735185E-007
          5410.43     -2.6729616E-007
          5421.72     -2.5761978E-007
          5433.01     -2.4830763E-007
          5444.30     -2.3934527E-007
          5455.59     -2.3071884E-007
          5466.88     -2.2241506E-007
          5478.16     -2.1442117E-007
          5489.45     -2.0672494E-007
          5500.74     -1.9931463E-007
          5512.03     -1.9217898E-007
          5523.32     -1.8530718E-007
          5534.61     -1.7868884E-007
          5545.90     -1.7231404E-007
          5557.19     -1.6617318E-007
          5568.48     -1.6025711E-007
          5579.77     -1.5455701E-007
          5591.05     -1.4906441E-007
          5602.34     -1.4377119E-007
          5613.63     -1.3866956E-007
          5624.92     -1.3375200E-007
          5636.21     -1.2901133E-007
          5647.50     -1.2444062E-007
          5658.79     -1.2003322E-007
          5670.08     -1.1578275E-007
          5681.37     -1.1168305E-007
          5692.66     -1.0772824E-007
          5703.95     -1.0391262E-007
          5715.23     -1.0023075E-007
          5726.52     -9.6677378E-008
          5737.81     -9.3247449E-008
          5749.10     -8.9936107E-008
          5760.39     -8.6738677E-008
          5771.68     -8.3650657E-008
          5782.97     -8.0667722E-008
          5794.26     -7.7785699E-008
          5805.55     -7.5000570E-008
          5816.84     -7.2308472E-008
          5828.12     -6.9705674E-008
          5839.41     -6.7188584E-008
          5850.70     -6.4753740E-008
          5861.99     -6.2397800E-008
          5873.28     -6.0117547E-008
          5884.57     -5.7909872E-008
          5895.86     -5.5771773E-008
          5907.15     -5.3700357E-008
          5918.44     -5.1692826E-008
          5929.73     -4.9746475E-008
          5941.02     -4.7858693E-008
          5952.30     -4.6026950E-008
          5963.59     -4.4248806E-008
          5974.88     -4.2521891E-008
          5986.17     -4.0843914E-008
          5997.46     -3.9212656E-008
          6008.75     -3.7625964E-008
          6020.04     -3.6081749E-008
          6031.33     -3.4577984E-008
          6042.62     -3.3112699E-008
          6053.91     -3.1683985E-008
          6065.20     -3.0289978E-008
          6076.48     -2.8928867E-008
          6087.77     -2.7598891E-008
          6099.06     -2.6298330E-008
          6110.35     -2.5025505E-008
          6121.64     -2.3778780E-008
          6132.93     -2.2556553E-008
          6144.22     -2.1357262E-008
          6155.51     -2.0179372E-008
          6166.80     -1.9021380E-008
          6178.09     -1.7881817E-008
          6189.38     -1.6759232E-008
          6200.66     -1.5652206E-008
          6211.95     -1.4559336E-008
          6223.24     -1.3479244E-008
          6234.53     -1.2410572E-008
          6245.82     -1.1351974E-008
          6257.11     -1.0302122E-008
          6268.40     -9.2597030E-009
          6279.69     -8.2234136E-009
          6290.98     -7.1919610E-009
          6302.27     -6.1640609E-009
          6313.55     -5.1384349E-009
          6324.84     -4.1138126E-009
          6336.13     -3.0889244E-009
          6347.42     -2.0625031E-009
          6358.71     -1.0332842E-009
          6370.00     -5.3155945E-045
