          3480.00     -6.0521153E-026
          3491.29     -1.6931863E-008
          3502.58     -3.3956130E-008
          3513.87     -5.1224378E-008
          3525.16     -6.8887723E-008
          3536.45     -8.7098244E-008
          3547.73     -1.0601025E-007
          3559.02     -1.2578149E-007
          3570.31     -1.4657455E-007
          3581.60     -1.6855808E-007
          3592.89     -1.9190804E-007
          3604.18     -2.1680909E-007
          3615.47     -2.4345582E-007
          3626.76     -2.7205428E-007
          3638.05     -3.0282333E-007
          3649.34     -3.3599612E-007
          3660.62     -3.7182174E-007
          3671.91     -4.1056681E-007
          3683.20     -4.5251726E-007
          3694.49     -4.9798020E-007
          3705.78     -5.4728569E-007
          3717.07     -6.0078912E-007
          3728.36     -6.5887327E-007
          3739.65     -7.2195052E-007
          3750.94     -7.9046567E-007
          3762.23     -8.6489845E-007
          3773.52     -9.4576642E-007
          3784.80     -1.0336282E-006
          3796.09     -1.1290862E-006
          3807.38     -1.2327912E-006
          3818.67     -1.3454451E-006
          3829.96     -1.4678054E-006
          3841.25     -1.6006896E-006
          3852.54     -1.7449798E-006
          3863.83     -1.9016275E-006
          3875.12     -2.0716594E-006
          3886.41     -2.2561819E-006
          3897.70     -2.4563891E-006
          3908.98     -2.6735679E-006
          3920.27     -2.9091049E-006
          3931.56     -3.1644951E-006
          3942.85     -3.4413490E-006
          3954.14     -3.7414014E-006
          3965.43     -4.0665207E-006
          3976.72     -4.4187181E-006
          3988.01     -4.8001590E-006
          3999.30     -5.2131742E-006
          4010.59     -5.6602703E-006
          4021.88     -6.1441450E-006
          4033.16     -6.6676987E-006
          4044.45     -7.2340504E-006
          4055.74     -7.8465531E-006
          4067.03     -8.5088088E-006
          4078.32     -9.2246889E-006
          4089.61     -9.9983526E-006
          4100.90     -1.0834264E-005
          4112.19     -1.1737219E-005
          4123.48     -1.2712363E-005
          4134.77     -1.3765220E-005
          4146.05     -1.4901717E-005
          4157.34     -1.6128208E-005
          4168.63     -1.7451510E-005
          4179.92     -1.8878934E-005
          4191.21     -2.0418309E-005
          4202.50     -2.2078032E-005
          4213.79     -2.3867096E-005
          4225.08     -2.5795136E-005
          4236.37     -2.7872468E-005
          4247.66     -3.0110135E-005
          4258.95     -3.2519960E-005
          4270.23     -3.5114595E-005
          4281.52     -3.7907572E-005
          4292.81     -4.0913367E-005
          4304.10     -4.4147462E-005
          4315.39     -4.7626407E-005
          4326.68     -5.1367895E-005
          4337.97     -5.5390822E-005
          4349.26     -5.9715386E-005
          4360.55     -6.4363162E-005
          4371.84     -6.9357174E-005
          4383.12     -7.4722016E-005
          4394.41     -8.0483933E-005
          4405.70     -8.6670932E-005
          4416.99     -9.3312896E-005
          4428.28     -1.0044168E-004
          4439.57     -1.0809127E-004
          4450.86     -1.1629790E-004
          4462.15     -1.2510016E-004
          4473.44     -1.3453920E-004
          4484.73     -1.4465884E-004
          4496.02     -1.5550577E-004
          4507.30     -1.6712969E-004
          4518.59     -1.7958350E-004
          4529.88     -1.9292351E-004
          4541.17     -2.0720965E-004
          4552.46     -2.2250563E-004
          4563.75     -2.3887925E-004
          4575.04     -2.5640257E-004
          4586.33     -2.7515221E-004
          4597.62     -2.9520959E-004
          4608.91     -3.1666119E-004
          4620.20     -3.3959888E-004
          4631.48     -3.6412028E-004
          4642.77     -3.9032892E-004
          4654.06     -4.1833476E-004
          4665.35     -4.4825449E-004
          4676.64     -4.8021187E-004
          4687.93     -5.1433819E-004
          4699.22     -5.5077260E-004
          4710.51     -5.8966266E-004
          4721.80     -6.3116480E-004
          4733.09     -6.7544460E-004
          4744.38     -7.2267759E-004
          4755.66     -7.7304960E-004
          4766.95     -8.2675737E-004
          4778.24     -8.8400917E-004
          4789.53     -9.4502522E-004
          4800.82     -1.0100386E-003
          4812.11     -1.0792959E-003
          4823.40     -1.1530575E-003
          4834.69     -1.2315989E-003
          4845.98     -1.3152111E-003
          4857.27     -1.4042014E-003
          4868.55     -1.4988947E-003
          4879.84     -1.5996334E-003
          4891.13     -1.7067794E-003
          4902.42     -1.8207145E-003
          4913.71     -1.9418409E-003
          4925.00     -2.0705833E-003
          4936.29     -2.2073893E-003
          4947.58     -2.3527304E-003
          4958.87     -2.5071035E-003
          4970.16     -2.6710317E-003
          4981.45     -2.8450660E-003
          4992.73     -3.0297865E-003
          5004.02     -3.2258027E-003
          5015.31     -3.4337566E-003
          5026.60     -3.6543229E-003
          5037.89     -3.8882106E-003
          5049.18     -4.1361651E-003
          5060.47     -4.3989686E-003
          5071.76     -4.6774429E-003
          5083.05     -4.9724507E-003
          5094.34     -5.2848964E-003
          5105.62     -5.6157291E-003
          5116.91     -5.9659437E-003
          5128.20     -6.3365827E-003
          5139.49     -6.7287385E-003
          5150.78     -7.1435538E-003
          5162.07     -7.5822258E-003
          5173.36     -8.0460068E-003
          5184.65     -8.5362053E-003
          5195.94     -9.0541902E-003
          5207.23     -9.6013909E-003
          5218.52     -1.0179300E-002
          5229.80     -1.0789477E-002
          5241.09     -1.1433546E-002
          5252.38     -1.2113202E-002
          5263.67     -1.2830211E-002
          5274.96     -1.3586411E-002
          5286.25     -1.4383717E-002
          5297.54     -1.5224121E-002
          5308.83     -1.6109692E-002
          5320.12     -1.7042583E-002
          5331.41     -1.8025024E-002
          5342.70     -1.9059334E-002
          5353.98     -2.0147916E-002
          5365.27     -2.1293256E-002
          5376.56     -2.2497931E-002
          5387.85     -2.3764607E-002
          5399.14     -2.5096037E-002
          5410.43     -2.6495067E-002
          5421.72     -2.7964628E-002
          5433.01     -2.9507743E-002
          5444.30     -3.1127527E-002
          5455.59     -3.2827178E-002
          5466.88     -3.4609985E-002
          5478.16     -3.6479321E-002
          5489.45     -3.8438642E-002
          5500.74     -4.0491485E-002
          5512.03     -4.2641459E-002
          5523.32     -4.4892250E-002
          5534.61     -4.7247613E-002
          5545.90     -4.9711354E-002
          5557.19     -5.2287345E-002
          5568.48     -5.4979498E-002
          5579.77     -5.7791764E-002
          5591.05     -6.0728127E-002
          5602.34     -6.3792576E-002
          5613.63     -6.6989111E-002
          5624.92     -7.0321724E-002
          5636.21     -7.3794368E-002
          5647.50     -7.7410961E-002
          5658.79     -8.1175354E-002
          5670.08     -8.5091310E-002
          5681.37     -8.9162484E-002
          5692.66     -9.3392383E-002
          5703.95     -9.7784357E-002
          5715.23     -1.0234156E-001
          5726.52     -1.0706689E-001
          5737.81     -1.1196299E-001
          5749.10     -1.1703218E-001
          5760.39     -1.2227642E-001
          5771.68     -1.2769725E-001
          5782.97     -1.3329576E-001
          5794.26     -1.3907248E-001
          5805.55     -1.4502737E-001
          5816.84     -1.5115973E-001
          5828.12     -1.5746810E-001
          5839.41     -1.6395020E-001
          5850.70     -1.7060286E-001
          5861.99     -1.7742188E-001
          5873.28     -1.8440194E-001
          5884.57     -1.9153649E-001
          5895.86     -1.9881766E-001
          5907.15     -2.0623604E-001
          5918.44     -2.1378065E-001
          5929.73     -2.2143869E-001
          5941.02     -2.2919543E-001
          5952.30     -2.3703404E-001
          5963.59     -2.4493532E-001
          5974.88     -2.5287759E-001
          5986.17     -2.6083643E-001
          5997.46     -2.6878441E-001
          6008.75     -2.7669090E-001
          6020.04     -2.8452175E-001
          6031.33     -2.9223901E-001
          6042.62     -2.9980062E-001
          6053.91     -3.0716006E-001
          6065.20     -3.1426600E-001
          6076.48     -3.2106194E-001
          6087.77     -3.2748572E-001
          6099.06     -3.3346918E-001
          6110.35     -3.3893761E-001
          6121.64     -3.4380928E-001
          6132.93     -3.4799490E-001
          6144.22     -3.5139701E-001
          6155.51     -3.5390942E-001
          6166.80     -3.5541652E-001
          6178.09     -3.5579257E-001
          6189.38     -3.5490099E-001
          6200.66     -3.5259352E-001
          6211.95     -3.4870941E-001
          6223.24     -3.4307446E-001
          6234.53     -3.3550014E-001
          6245.82     -3.2578247E-001
          6257.11     -3.1370099E-001
          6268.40     -2.9901756E-001
          6279.69     -2.8147515E-001
          6290.98     -2.6079647E-001
          6302.27     -2.3668264E-001
          6313.55     -2.0881158E-001
          6324.84     -1.7683661E-001
          6336.13     -1.4038456E-001
          6347.42     -9.9054060E-002
          6358.71     -5.2413738E-002
          6370.00     -4.5802601E-052
