          3480.00      4.6923707E-027
          3491.29     -4.9571093E-008
          3502.58     -9.9352765E-008
          3513.87     -1.4973021E-007
          3525.16     -2.0108647E-007
          3536.45     -2.5380569E-007
          3547.73     -3.0827586E-007
          3559.02     -3.6489147E-007
          3570.31     -4.2405661E-007
          3581.60     -4.8618752E-007
          3592.89     -5.5171545E-007
          3604.18     -6.2108948E-007
          3615.47     -6.9477916E-007
          3626.76     -7.7327773E-007
          3638.05     -8.5710496E-007
          3649.34     -9.4681004E-007
          3660.62     -1.0429751E-006
          3671.91     -1.1462184E-006
          3683.20     -1.2571978E-006
          3694.49     -1.3766145E-006
          3705.78     -1.5052163E-006
          3717.07     -1.6438028E-006
          3728.36     -1.7932287E-006
          3739.65     -1.9544083E-006
          3750.94     -2.1283209E-006
          3762.23     -2.3160156E-006
          3773.52     -2.5186163E-006
          3784.80     -2.7373281E-006
          3796.09     -2.9734421E-006
          3807.38     -3.2283436E-006
          3818.67     -3.5035176E-006
          3829.96     -3.8005561E-006
          3841.25     -4.1211667E-006
          3852.54     -4.4671801E-006
          3863.83     -4.8405593E-006
          3875.12     -5.2434089E-006
          3886.41     -5.6779835E-006
          3897.70     -6.1467010E-006
          3908.98     -6.6521523E-006
          3920.27     -7.1971118E-006
          3931.56     -7.7845533E-006
          3942.85     -8.4176609E-006
          3954.14     -9.0998445E-006
          3965.43     -9.8347554E-006
          3976.72     -1.0626300E-005
          3988.01     -1.1478661E-005
          3999.30     -1.2396313E-005
          4010.59     -1.3384042E-005
          4021.88     -1.4446967E-005
          4033.16     -1.5590563E-005
          4044.45     -1.6820680E-005
          4055.74     -1.8143575E-005
          4067.03     -1.9565928E-005
          4078.32     -2.1094880E-005
          4089.61     -2.2738059E-005
          4100.90     -2.4503606E-005
          4112.19     -2.6400216E-005
          4123.48     -2.8437170E-005
          4134.77     -3.0624371E-005
          4146.05     -3.2972387E-005
          4157.34     -3.5492484E-005
          4168.63     -3.8196683E-005
          4179.92     -4.1097802E-005
          4191.21     -4.4209495E-005
          4202.50     -4.7546322E-005
          4213.79     -5.1123793E-005
          4225.08     -5.4958431E-005
          4236.37     -5.9067836E-005
          4247.66     -6.3470735E-005
          4258.95     -6.8187077E-005
          4270.23     -7.3238093E-005
          4281.52     -7.8646359E-005
          4292.81     -8.4435906E-005
          4304.10     -9.0632288E-005
          4315.39     -9.7262677E-005
          4326.68     -1.0435596E-004
          4337.97     -1.1194284E-004
          4349.26     -1.2005593E-004
          4360.55     -1.2872990E-004
          4371.84     -1.3800155E-004
          4383.12     -1.4790997E-004
          4394.41     -1.5849665E-004
          4405.70     -1.6980565E-004
          4416.99     -1.8188371E-004
          4428.28     -1.9478040E-004
          4439.57     -2.0854832E-004
          4450.86     -2.2324325E-004
          4462.15     -2.3892430E-004
          4473.44     -2.5565416E-004
          4484.73     -2.7349923E-004
          4496.02     -2.9252988E-004
          4507.30     -3.1282066E-004
          4518.59     -3.3445045E-004
          4529.88     -3.5750282E-004
          4541.17     -3.8206624E-004
          4552.46     -4.0823425E-004
          4563.75     -4.3610589E-004
          4575.04     -4.6578589E-004
          4586.33     -4.9738498E-004
          4597.62     -5.3102028E-004
          4608.91     -5.6681549E-004
          4620.20     -6.0490139E-004
          4631.48     -6.4541617E-004
          4642.77     -6.8850567E-004
          4654.06     -7.3432399E-004
          4665.35     -7.8303377E-004
          4676.64     -8.3480667E-004
          4687.93     -8.8982387E-004
          4699.22     -9.4827631E-004
          4710.51     -1.0103655E-003
          4721.80     -1.0763041E-003
          4733.09     -1.1463157E-003
          4744.38     -1.2206365E-003
          4755.66     -1.2995150E-003
          4766.95     -1.3832131E-003
          4778.24     -1.4720066E-003
          4789.53     -1.5661856E-003
          4800.82     -1.6660555E-003
          4812.11     -1.7719378E-003
          4823.40     -1.8841704E-003
          4834.69     -2.0031088E-003
          4845.98     -2.1291266E-003
          4857.27     -2.2626165E-003
          4868.55     -2.4039912E-003
          4879.84     -2.5536837E-003
          4891.13     -2.7121493E-003
          4902.42     -2.8798656E-003
          4913.71     -3.0573336E-003
          4925.00     -3.2450792E-003
          4936.29     -3.4436539E-003
          4947.58     -3.6536357E-003
          4958.87     -3.8756309E-003
          4970.16     -4.1102740E-003
          4981.45     -4.3582300E-003
          4992.73     -4.6201955E-003
          5004.02     -4.8968988E-003
          5015.31     -5.1891027E-003
          5026.60     -5.4976046E-003
          5037.89     -5.8232387E-003
          5049.18     -6.1668769E-003
          5060.47     -6.5294294E-003
          5071.76     -6.9118476E-003
          5083.05     -7.3151249E-003
          5094.34     -7.7402972E-003
          5105.62     -8.1884459E-003
          5116.91     -8.6606985E-003
          5128.20     -9.1582300E-003
          5139.49     -9.6822653E-003
          5150.78     -1.0234078E-002
          5162.07     -1.0814997E-002
          5173.36     -1.1426403E-002
          5184.65     -1.2069731E-002
          5195.94     -1.2746474E-002
          5207.23     -1.3458183E-002
          5218.52     -1.4206469E-002
          5229.80     -1.4993003E-002
          5241.09     -1.5819517E-002
          5252.38     -1.6687809E-002
          5263.67     -1.7599741E-002
          5274.96     -1.8557239E-002
          5286.25     -1.9562298E-002
          5297.54     -2.0616980E-002
          5308.83     -2.1723415E-002
          5320.12     -2.2883806E-002
          5331.41     -2.4100420E-002
          5342.70     -2.5375599E-002
          5353.98     -2.6711754E-002
          5365.27     -2.8111364E-002
          5376.56     -2.9576982E-002
          5387.85     -3.1111231E-002
          5399.14     -3.2716799E-002
          5410.43     -3.4396446E-002
          5421.72     -3.6152995E-002
          5433.01     -3.7989336E-002
          5444.30     -3.9908423E-002
          5455.59     -4.1913263E-002
          5466.88     -4.4006927E-002
          5478.16     -4.6192536E-002
          5489.45     -4.8473258E-002
          5500.74     -5.0852310E-002
          5512.03     -5.3332939E-002
          5523.32     -5.5918429E-002
          5534.61     -5.8612092E-002
          5545.90     -6.1417247E-002
          5557.19     -6.4337227E-002
          5568.48     -6.7375363E-002
          5579.77     -7.0534970E-002
          5591.05     -7.3819340E-002
          5602.34     -7.7231720E-002
          5613.63     -8.0775307E-002
          5624.92     -8.4453230E-002
          5636.21     -8.8268518E-002
          5647.50     -9.2224103E-002
          5658.79     -9.6322782E-002
          5670.08     -1.0056720E-001
          5681.37     -1.0495981E-001
          5692.66     -1.0950288E-001
          5703.95     -1.1419842E-001
          5715.23     -1.1904819E-001
          5726.52     -1.2405360E-001
          5737.81     -1.2921576E-001
          5749.10     -1.3453538E-001
          5760.39     -1.4001272E-001
          5771.68     -1.4564757E-001
          5782.97     -1.5143918E-001
          5794.26     -1.5738621E-001
          5805.55     -1.6348666E-001
          5816.84     -1.6973781E-001
          5828.12     -1.7613616E-001
          5839.41     -1.8267731E-001
          5850.70     -1.8935594E-001
          5861.99     -1.9616567E-001
          5873.28     -2.0309898E-001
          5884.57     -2.1014712E-001
          5895.86     -2.1730000E-001
          5907.15     -2.2454604E-001
          5918.44     -2.3187208E-001
          5929.73     -2.3926324E-001
          5941.02     -2.4670276E-001
          5952.30     -2.5417187E-001
          5963.59     -2.6164957E-001
          5974.88     -2.6911253E-001
          5986.17     -2.7653487E-001
          5997.46     -2.8388792E-001
          6008.75     -2.9114007E-001
          6020.04     -2.9825651E-001
          6031.33     -3.0519896E-001
          6042.62     -3.1192547E-001
          6053.91     -3.1839010E-001
          6065.20     -3.2454262E-001
          6076.48     -3.3032824E-001
          6087.77     -3.3568722E-001
          6099.06     -3.4055456E-001
          6110.35     -3.4485958E-001
          6121.64     -3.4852556E-001
          6132.93     -3.5146929E-001
          6144.22     -3.5360060E-001
          6155.51     -3.5482190E-001
          6166.80     -3.5502767E-001
          6178.09     -3.5410388E-001
          6189.38     -3.5192745E-001
          6200.66     -3.4836561E-001
          6211.95     -3.4327528E-001
          6223.24     -3.3650230E-001
          6234.53     -3.2788082E-001
          6245.82     -3.1723240E-001
          6257.11     -3.0436524E-001
          6268.40     -2.8907336E-001
          6279.69     -2.7113554E-001
          6290.98     -2.5031446E-001
          6302.27     -2.2635561E-001
          6313.55     -1.9898617E-001
          6324.84     -1.6791392E-001
          6336.13     -1.3282594E-001
          6347.42     -9.3387247E-002
          6358.71     -4.9239649E-002
          6370.00      1.7673752E-034
