          3480.00      9.3072285E-035
          3491.29     -2.5819444E-010
          3502.58     -5.1668342E-010
          3513.87     -7.7617986E-010
          3525.16     -1.0373873E-009
          3536.45     -1.3010036E-009
          3547.73     -1.5677216E-009
          3559.02     -1.8382313E-009
          3570.31     -2.1132221E-009
          3581.60     -2.3933844E-009
          3592.89     -2.6794110E-009
          3604.18     -2.9719910E-009
          3615.47     -3.2718090E-009
          3626.76     -3.5795692E-009
          3638.05     -3.8959853E-009
          3649.34     -4.2217801E-009
          3660.62     -4.5576895E-009
          3671.91     -4.9044624E-009
          3683.20     -5.2628625E-009
          3694.49     -5.6336700E-009
          3705.78     -6.0176820E-009
          3717.07     -6.4157155E-009
          3728.36     -6.8286082E-009
          3739.65     -7.2572183E-009
          3750.94     -7.7024288E-009
          3762.23     -8.1651468E-009
          3773.52     -8.6463056E-009
          3784.80     -9.1468668E-009
          3796.09     -9.6678204E-009
          3807.38     -1.0210198E-008
          3818.67     -1.0775056E-008
          3829.96     -1.1363480E-008
          3841.25     -1.1976594E-008
          3852.54     -1.2615558E-008
          3863.83     -1.3281569E-008
          3875.12     -1.3975866E-008
          3886.41     -1.4699726E-008
          3897.70     -1.5454473E-008
          3908.98     -1.6241473E-008
          3920.27     -1.7062139E-008
          3931.56     -1.7917931E-008
          3942.85     -1.8810361E-008
          3954.14     -1.9741008E-008
          3965.43     -2.0711495E-008
          3976.72     -2.1723496E-008
          3988.01     -2.2778742E-008
          3999.30     -2.3879025E-008
          4010.59     -2.5026196E-008
          4021.88     -2.6222170E-008
          4033.16     -2.7468927E-008
          4044.45     -2.8768516E-008
          4055.74     -3.0123055E-008
          4067.03     -3.1534730E-008
          4078.32     -3.3005805E-008
          4089.61     -3.4538619E-008
          4100.90     -3.6135587E-008
          4112.19     -3.7799210E-008
          4123.48     -3.9532067E-008
          4134.77     -4.1336824E-008
          4146.05     -4.3216238E-008
          4157.34     -4.5173147E-008
          4168.63     -4.7210491E-008
          4179.92     -4.9331304E-008
          4191.21     -5.1538712E-008
          4202.50     -5.3835947E-008
          4213.79     -5.6226343E-008
          4225.08     -5.8713341E-008
          4236.37     -6.1300491E-008
          4247.66     -6.3991447E-008
          4258.95     -6.6789979E-008
          4270.23     -6.9699980E-008
          4281.52     -7.2725456E-008
          4292.81     -7.5870543E-008
          4304.10     -7.9139502E-008
          4315.39     -8.2536720E-008
          4326.68     -8.6066720E-008
          4337.97     -8.9734153E-008
          4349.26     -9.3543813E-008
          4360.55     -9.7500640E-008
          4371.84     -1.0160987E-007
          4383.12     -1.0587657E-007
          4394.41     -1.1030613E-007
          4405.70     -1.1490405E-007
          4416.99     -1.1967602E-007
          4428.28     -1.2462787E-007
          4439.57     -1.2976562E-007
          4450.86     -1.3509544E-007
          4462.15     -1.4062366E-007
          4473.44     -1.4635681E-007
          4484.73     -1.5230156E-007
          4496.02     -1.5846478E-007
          4507.30     -1.6485353E-007
          4518.59     -1.7147503E-007
          4529.88     -1.7833669E-007
          4541.17     -1.8544614E-007
          4552.46     -1.9281116E-007
          4563.75     -2.0043978E-007
          4575.04     -2.0834018E-007
          4586.33     -2.1652075E-007
          4597.62     -2.2499011E-007
          4608.91     -2.3375705E-007
          4620.20     -2.4283057E-007
          4631.48     -2.5221992E-007
          4642.77     -2.6193450E-007
          4654.06     -2.7198397E-007
          4665.35     -2.8237820E-007
          4676.64     -2.9312725E-007
          4687.93     -3.0424145E-007
          4699.22     -3.1573127E-007
          4710.51     -3.2760745E-007
          4721.80     -3.3988097E-007
          4733.09     -3.5256299E-007
          4744.38     -3.6566489E-007
          4755.66     -3.7919832E-007
          4766.95     -3.9317509E-007
          4778.24     -4.0760729E-007
          4789.53     -4.2250716E-007
          4800.82     -4.3788722E-007
          4812.11     -4.5376018E-007
          4823.40     -4.7013895E-007
          4834.69     -4.8703667E-007
          4845.98     -5.0446667E-007
          4857.27     -5.2244243E-007
          4868.55     -5.4097769E-007
          4879.84     -5.6008635E-007
          4891.13     -5.7978254E-007
          4902.42     -6.0008060E-007
          4913.71     -6.2099497E-007
          4925.00     -6.4254031E-007
          4936.29     -6.6473144E-007
          4947.58     -6.8758333E-007
          4958.87     -7.1111111E-007
          4970.16     -7.3533000E-007
          4981.45     -7.6025537E-007
          4992.73     -7.8590273E-007
          5004.02     -8.1228747E-007
          5015.31     -8.3942521E-007
          5026.60     -8.6733167E-007
          5037.89     -8.9602261E-007
          5049.18     -9.2551388E-007
          5060.47     -9.5582124E-007
          5071.76     -9.8696054E-007
          5083.05     -1.0189476E-006
          5094.34     -1.0517981E-006
          5105.62     -1.0855278E-006
          5116.91     -1.1201523E-006
          5128.20     -1.1556871E-006
          5139.49     -1.1921474E-006
          5150.78     -1.2295483E-006
          5162.07     -1.2679046E-006
          5173.36     -1.3072309E-006
          5184.65     -1.3475416E-006
          5195.94     -1.3888508E-006
          5207.23     -1.4311722E-006
          5218.52     -1.4745192E-006
          5229.80     -1.5189046E-006
          5241.09     -1.5643407E-006
          5252.38     -1.6108395E-006
          5263.67     -1.6584123E-006
          5274.96     -1.7070695E-006
          5286.25     -1.7568211E-006
          5297.54     -1.8076763E-006
          5308.83     -1.8596430E-006
          5320.12     -1.9127287E-006
          5331.41     -1.9669397E-006
          5342.70     -2.0222815E-006
          5353.98     -2.0787586E-006
          5365.27     -2.1363738E-006
          5376.56     -2.1951294E-006
          5387.85     -2.2550256E-006
          5399.14     -2.3160613E-006
          5410.43     -2.3782340E-006
          5421.72     -2.4415397E-006
          5433.01     -2.5059724E-006
          5444.30     -2.5715244E-006
          5455.59     -2.6381849E-006
          5466.88     -2.7059419E-006
          5478.16     -2.7747814E-006
          5489.45     -2.8446869E-006
          5500.74     -2.9156395E-006
          5512.03     -2.9876175E-006
          5523.32     -3.0605966E-006
          5534.61     -3.1345496E-006
          5545.90     -3.2094461E-006
          5557.19     -3.2852524E-006
          5568.48     -3.3619316E-006
          5579.77     -3.4394228E-006
          5591.05     -3.5176769E-006
          5602.34     -3.5966437E-006
          5613.63     -3.6762689E-006
          5624.92     -3.7564941E-006
          5636.21     -3.8372561E-006
          5647.50     -3.9184870E-006
          5658.79     -4.0001139E-006
          5670.08     -4.0820576E-006
          5681.37     -4.1640600E-006
          5692.66     -4.2460198E-006
          5703.95     -4.3278301E-006
          5715.23     -4.4093790E-006
          5726.52     -4.4905483E-006
          5737.81     -4.5712143E-006
          5749.10     -4.6512469E-006
          5760.39     -4.7305096E-006
          5771.68     -4.8088594E-006
          5782.97     -4.8861643E-006
          5794.26     -4.9624693E-006
          5805.55     -5.0376232E-006
          5816.84     -5.1114656E-006
          5828.12     -5.1838269E-006
          5839.41     -5.2545276E-006
          5850.70     -5.3233782E-006
          5861.99     -5.3901786E-006
          5873.28     -5.4547176E-006
          5884.57     -5.5167729E-006
          5895.86     -5.5761102E-006
          5907.15     -5.6324816E-006
          5918.44     -5.6855253E-006
          5929.73     -5.7349632E-006
          5941.02     -5.7805042E-006
          5952.30     -5.8218439E-006
          5963.59     -5.8586638E-006
          5974.88     -5.8906097E-006
          5986.17     -5.9173040E-006
          5997.46     -5.9383811E-006
          6008.75     -5.9534600E-006
          6020.04     -5.9621442E-006
          6031.33     -5.9641745E-006
          6042.62     -5.9591268E-006
          6053.91     -5.9465579E-006
          6065.20     -5.9260040E-006
          6076.48     -5.8970360E-006
          6087.77     -5.8591919E-006
          6099.06     -5.8119469E-006
          6110.35     -5.7547523E-006
          6121.64     -5.6870028E-006
          6132.93     -5.6079090E-006
          6144.22     -5.5168376E-006
          6155.51     -5.4132083E-006
          6166.80     -5.2963454E-006
          6178.09     -5.1657232E-006
          6189.38     -5.0206829E-006
          6200.66     -4.8604609E-006
          6211.95     -4.6842593E-006
          6223.24     -4.4912441E-006
          6234.53     -4.2805431E-006
          6245.82     -4.0512481E-006
          6257.11     -3.8024091E-006
          6268.40     -3.5330383E-006
          6279.69     -3.2421204E-006
          6290.98     -2.9285836E-006
          6302.27     -2.5913032E-006
          6313.55     -2.2291091E-006
          6324.84     -1.8407876E-006
          6336.13     -1.4250746E-006
          6347.42     -9.8064010E-007
          6358.71     -5.0610064E-007
          6370.00      1.7966687E-039
