          3480.00      2.6439553E-028
          3491.29     -2.4371554E-007
          3502.58     -4.8806073E-007
          3513.87     -7.3453664E-007
          3525.16     -9.8463074E-007
          3536.45     -1.2398275E-006
          3547.73     -1.5016167E-006
          3559.02     -1.7715013E-006
          3570.31     -2.0510076E-006
          3581.60     -2.3416926E-006
          3592.89     -2.6451525E-006
          3604.18     -2.9630311E-006
          3615.47     -3.2970274E-006
          3626.76     -3.6489053E-006
          3638.05     -4.0205014E-006
          3649.34     -4.4137325E-006
          3660.62     -4.8306065E-006
          3671.91     -5.2732299E-006
          3683.20     -5.7438176E-006
          3694.49     -6.2447029E-006
          3705.78     -6.7783457E-006
          3717.07     -7.3473451E-006
          3728.36     -7.9544496E-006
          3739.65     -8.6025659E-006
          3750.94     -9.2947743E-006
          3762.23     -1.0034338E-005
          3773.52     -1.0824719E-005
          3784.80     -1.1669587E-005
          3796.09     -1.2572838E-005
          3807.38     -1.3538605E-005
          3818.67     -1.4571279E-005
          3829.96     -1.5675518E-005
          3841.25     -1.6856273E-005
          3852.54     -1.8118798E-005
          3863.83     -1.9468675E-005
          3875.12     -2.0911830E-005
          3886.41     -2.2454555E-005
          3897.70     -2.4103534E-005
          3908.98     -2.5865862E-005
          3920.27     -2.7749069E-005
          3931.56     -2.9761153E-005
          3942.85     -3.1910599E-005
          3954.14     -3.4206413E-005
          3965.43     -3.6658154E-005
          3976.72     -3.9275954E-005
          3988.01     -4.2070570E-005
          3999.30     -4.5053409E-005
          4010.59     -4.8236559E-005
          4021.88     -5.1632842E-005
          4033.16     -5.5255849E-005
          4044.45     -5.9119982E-005
          4055.74     -6.3240504E-005
          4067.03     -6.7633575E-005
          4078.32     -7.2316322E-005
          4089.61     -7.7306880E-005
          4100.90     -8.2624441E-005
          4112.19     -8.8289329E-005
          4123.48     -9.4323052E-005
          4134.77     -1.0074837E-004
          4146.05     -1.0758936E-004
          4157.34     -1.1487148E-004
          4168.63     -1.2262165E-004
          4179.92     -1.3086837E-004
          4191.21     -1.3964170E-004
          4202.50     -1.4897346E-004
          4213.79     -1.5889725E-004
          4225.08     -1.6944858E-004
          4236.37     -1.8066494E-004
          4247.66     -1.9258591E-004
          4258.95     -2.0525329E-004
          4270.23     -2.1871123E-004
          4281.52     -2.3300624E-004
          4292.81     -2.4818748E-004
          4304.10     -2.6430674E-004
          4315.39     -2.8141869E-004
          4326.68     -2.9958097E-004
          4337.97     -3.1885427E-004
          4349.26     -3.3930265E-004
          4360.55     -3.6099357E-004
          4371.84     -3.8399809E-004
          4383.12     -4.0839108E-004
          4394.41     -4.3425136E-004
          4405.70     -4.6166195E-004
          4416.99     -4.9071024E-004
          4428.28     -5.2148811E-004
          4439.57     -5.5409233E-004
          4450.86     -5.8862469E-004
          4462.15     -6.2519216E-004
          4473.44     -6.6390731E-004
          4484.73     -7.0488842E-004
          4496.02     -7.4825983E-004
          4507.30     -7.9415223E-004
          4518.59     -8.4270278E-004
          4529.88     -8.9405569E-004
          4541.17     -9.4836235E-004
          4552.46     -1.0057816E-003
          4563.75     -1.0664803E-003
          4575.04     -1.1306333E-003
          4586.33     -1.1984245E-003
          4597.62     -1.2700463E-003
          4608.91     -1.3457007E-003
          4620.20     -1.4255994E-003
          4631.48     -1.5099644E-003
          4642.77     -1.5990280E-003
          4654.06     -1.6930340E-003
          4665.35     -1.7922375E-003
          4676.64     -1.8969055E-003
          4687.93     -2.0073180E-003
          4699.22     -2.1237674E-003
          4710.51     -2.2465600E-003
          4721.80     -2.3760164E-003
          4733.09     -2.5124714E-003
          4744.38     -2.6562752E-003
          4755.66     -2.8077941E-003
          4766.95     -2.9674107E-003
          4778.24     -3.1355249E-003
          4789.53     -3.3125536E-003
          4800.82     -3.4989331E-003
          4812.11     -3.6951183E-003
          4823.40     -3.9015838E-003
          4834.69     -4.1188250E-003
          4845.98     -4.3473585E-003
          4857.27     -4.5877229E-003
          4868.55     -4.8404798E-003
          4879.84     -5.1062137E-003
          4891.13     -5.3855343E-003
          4902.42     -5.6790765E-003
          4913.71     -5.9875002E-003
          4925.00     -6.3114934E-003
          4936.29     -6.6517712E-003
          4947.58     -7.0090777E-003
          4958.87     -7.3841865E-003
          4970.16     -7.7779009E-003
          4981.45     -8.1910563E-003
          4992.73     -8.6245205E-003
          5004.02     -9.0791932E-003
          5015.31     -9.5560094E-003
          5026.60     -1.0055938E-002
          5037.89     -1.0579986E-002
          5049.18     -1.1129194E-002
          5060.47     -1.1704642E-002
          5071.76     -1.2307449E-002
          5083.05     -1.2938774E-002
          5094.34     -1.3599812E-002
          5105.62     -1.4291805E-002
          5116.91     -1.5016034E-002
          5128.20     -1.5773822E-002
          5139.49     -1.6566539E-002
          5150.78     -1.7395594E-002
          5162.07     -1.8262445E-002
          5173.36     -1.9168596E-002
          5184.65     -2.0115592E-002
          5195.94     -2.1105029E-002
          5207.23     -2.2138550E-002
          5218.52     -2.3217842E-002
          5229.80     -2.4344644E-002
          5241.09     -2.5520737E-002
          5252.38     -2.6747954E-002
          5263.67     -2.8028174E-002
          5274.96     -2.9363323E-002
          5286.25     -3.0755373E-002
          5297.54     -3.2206344E-002
          5308.83     -3.3718302E-002
          5320.12     -3.5293355E-002
          5331.41     -3.6933655E-002
          5342.70     -3.8641397E-002
          5353.98     -4.0418817E-002
          5365.27     -4.2268186E-002
          5376.56     -4.4191816E-002
          5387.85     -4.6192048E-002
          5399.14     -4.8271258E-002
          5410.43     -5.0431849E-002
          5421.72     -5.2676244E-002
          5433.01     -5.5006889E-002
          5444.30     -5.7426249E-002
          5455.59     -5.9936791E-002
          5466.88     -6.2540995E-002
          5478.16     -6.5241336E-002
          5489.45     -6.8040282E-002
          5500.74     -7.0940291E-002
          5512.03     -7.3943786E-002
          5523.32     -7.7053169E-002
          5534.61     -8.0270802E-002
          5545.90     -8.3598983E-002
          5557.19     -8.7039960E-002
          5568.48     -9.0595901E-002
          5579.77     -9.4268887E-002
          5591.05     -9.8060898E-002
          5602.34     -1.0197379E-001
          5613.63     -1.0600929E-001
          5624.92     -1.1016898E-001
          5636.21     -1.1445424E-001
          5647.50     -1.1886630E-001
          5658.79     -1.2340615E-001
          5670.08     -1.2807454E-001
          5681.37     -1.3287197E-001
          5692.66     -1.3779863E-001
          5703.95     -1.4285441E-001
          5715.23     -1.4803882E-001
          5726.52     -1.5335099E-001
          5737.81     -1.5878965E-001
          5749.10     -1.6435304E-001
          5760.39     -1.7003890E-001
          5771.68     -1.7584444E-001
          5782.97     -1.8176625E-001
          5794.26     -1.8780029E-001
          5805.55     -1.9394182E-001
          5816.84     -2.0018533E-001
          5828.12     -2.0652450E-001
          5839.41     -2.1295213E-001
          5850.70     -2.1946007E-001
          5861.99     -2.2603915E-001
          5873.28     -2.3267908E-001
          5884.57     -2.3936840E-001
          5895.86     -2.4609436E-001
          5907.15     -2.5284287E-001
          5918.44     -2.5959834E-001
          5929.73     -2.6634365E-001
          5941.02     -2.7305995E-001
          5952.30     -2.7972665E-001
          5963.59     -2.8632116E-001
          5974.88     -2.9281890E-001
          5986.17     -2.9919305E-001
          5997.46     -3.0541446E-001
          6008.75     -3.1145146E-001
          6020.04     -3.1726972E-001
          6031.33     -3.2283206E-001
          6042.62     -3.2809828E-001
          6053.91     -3.3302492E-001
          6065.20     -3.3756510E-001
          6076.48     -3.4166826E-001
          6087.77     -3.4527998E-001
          6099.06     -3.4834168E-001
          6110.35     -3.5079037E-001
          6121.64     -3.5255843E-001
          6132.93     -3.5357325E-001
          6144.22     -3.5375695E-001
          6155.51     -3.5302608E-001
          6166.80     -3.5129127E-001
          6178.09     -3.4845686E-001
          6189.38     -3.4442051E-001
          6200.66     -3.3907286E-001
          6211.95     -3.3229706E-001
          6223.24     -3.2396833E-001
          6234.53     -3.1395353E-001
          6245.82     -3.0211064E-001
          6257.11     -2.8828825E-001
          6268.40     -2.7232506E-001
          6279.69     -2.5404924E-001
          6290.98     -2.3327786E-001
          6302.27     -2.0981628E-001
          6313.55     -1.8345744E-001
          6324.84     -1.5398126E-001
          6336.13     -1.2115377E-001
          6347.42     -8.4726379E-002
          6358.71     -4.4435205E-002
          6370.00     -1.5896352E-034
