          3480.00     -9.7216609E-039
          3491.29     -1.1314717E-007
          3502.58     -2.2598700E-007
          3513.87     -3.3854583E-007
          3525.16     -4.5084904E-007
          3536.45     -5.6292167E-007
          3547.73     -6.7478815E-007
          3559.02     -7.8647202E-007
          3570.31     -8.9799650E-007
          3581.60     -1.0093842E-006
          3592.89     -1.1206570E-006
          3604.18     -1.2318299E-006
          3615.47     -1.3429108E-006
          3626.76     -1.4539173E-006
          3638.05     -1.5648667E-006
          3649.34     -1.6757754E-006
          3660.62     -1.7866599E-006
          3671.91     -1.8975357E-006
          3683.20     -2.0084182E-006
          3694.49     -2.1193221E-006
          3705.78     -2.2302616E-006
          3717.07     -2.3412507E-006
          3728.36     -2.4523029E-006
          3739.65     -2.5634311E-006
          3750.94     -2.6746479E-006
          3762.23     -2.7859654E-006
          3773.52     -2.8973955E-006
          3784.80     -3.0089494E-006
          3796.09     -3.1206385E-006
          3807.38     -3.2324783E-006
          3818.67     -3.3444797E-006
          3829.96     -3.4566524E-006
          3841.25     -3.5690065E-006
          3852.54     -3.6815512E-006
          3863.83     -3.7942956E-006
          3875.12     -3.9072485E-006
          3886.41     -4.0204177E-006
          3897.70     -4.1338115E-006
          3908.98     -4.2474372E-006
          3920.27     -4.3613020E-006
          3931.56     -4.4754125E-006
          3942.85     -4.5897752E-006
          3954.14     -4.7044016E-006
          3965.43     -4.8192993E-006
          3976.72     -4.9344736E-006
          3988.01     -5.0499301E-006
          3999.30     -5.1656739E-006
          4010.59     -5.2817093E-006
          4021.88     -5.3980408E-006
          4033.16     -5.5146724E-006
          4044.45     -5.6316075E-006
          4055.74     -5.7488495E-006
          4067.03     -5.8664009E-006
          4078.32     -5.9842645E-006
          4089.61     -6.1024424E-006
          4100.90     -6.2209362E-006
          4112.19     -6.3397479E-006
          4123.48     -6.4588783E-006
          4134.77     -6.5783283E-006
          4146.05     -6.6980982E-006
          4157.34     -6.8181878E-006
          4168.63     -6.9385967E-006
          4179.92     -7.0593244E-006
          4191.21     -7.1803694E-006
          4202.50     -7.3017304E-006
          4213.79     -7.4234055E-006
          4225.08     -7.5453925E-006
          4236.37     -7.6676887E-006
          4247.66     -7.7902907E-006
          4258.95     -7.9131942E-006
          4270.23     -8.0363954E-006
          4281.52     -8.1598899E-006
          4292.81     -8.2836731E-006
          4304.10     -8.4077403E-006
          4315.39     -8.5320858E-006
          4326.68     -8.6567039E-006
          4337.97     -8.7815883E-006
          4349.26     -8.9067324E-006
          4360.55     -9.0321294E-006
          4371.84     -9.1577909E-006
          4383.12     -9.2836900E-006
          4394.41     -9.4098184E-006
          4405.70     -9.5361651E-006
          4416.99     -9.6627212E-006
          4428.28     -9.7894766E-006
          4439.57     -9.9164215E-006
          4450.86     -1.0043545E-005
          4462.15     -1.0170837E-005
          4473.44     -1.0298285E-005
          4484.73     -1.0425878E-005
          4496.02     -1.0553604E-005
          4507.30     -1.0681449E-005
          4518.59     -1.0809400E-005
          4529.88     -1.0937443E-005
          4541.17     -1.1065566E-005
          4552.46     -1.1193752E-005
          4563.75     -1.1321989E-005
          4575.04     -1.1450260E-005
          4586.33     -1.1578549E-005
          4597.62     -1.1706839E-005
          4608.91     -1.1835114E-005
          4620.20     -1.1963356E-005
          4631.48     -1.2091547E-005
          4642.77     -1.2219668E-005
          4654.06     -1.2347699E-005
          4665.35     -1.2475622E-005
          4676.64     -1.2603416E-005
          4687.93     -1.2731061E-005
          4699.22     -1.2858534E-005
          4710.51     -1.2985813E-005
          4721.80     -1.3112877E-005
          4733.09     -1.3239702E-005
          4744.38     -1.3366265E-005
          4755.66     -1.3492541E-005
          4766.95     -1.3618506E-005
          4778.24     -1.3744134E-005
          4789.53     -1.3869399E-005
          4800.82     -1.3994275E-005
          4812.11     -1.4118735E-005
          4823.40     -1.4242751E-005
          4834.69     -1.4366294E-005
          4845.98     -1.4489335E-005
          4857.27     -1.4611842E-005
          4868.55     -1.4733783E-005
          4879.84     -1.4855129E-005
          4891.13     -1.4975846E-005
          4902.42     -1.5095903E-005
          4913.71     -1.5215267E-005
          4925.00     -1.5333903E-005
          4936.29     -1.5451778E-005
          4947.58     -1.5568856E-005
          4958.87     -1.5685101E-005
          4970.16     -1.5800478E-005
          4981.45     -1.5914947E-005
          4992.73     -1.6028473E-005
          5004.02     -1.6141011E-005
          5015.31     -1.6252520E-005
          5026.60     -1.6362961E-005
          5037.89     -1.6472292E-005
          5049.18     -1.6580472E-005
          5060.47     -1.6687457E-005
          5071.76     -1.6793204E-005
          5083.05     -1.6897670E-005
          5094.34     -1.7000808E-005
          5105.62     -1.7102573E-005
          5116.91     -1.7202919E-005
          5128.20     -1.7301798E-005
          5139.49     -1.7399162E-005
          5150.78     -1.7494958E-005
          5162.07     -1.7589134E-005
          5173.36     -1.7681638E-005
          5184.65     -1.7772419E-005
          5195.94     -1.7861424E-005
          5207.23     -1.7948599E-005
          5218.52     -1.8033891E-005
          5229.80     -1.8117243E-005
          5241.09     -1.8198599E-005
          5252.38     -1.8277902E-005
          5263.67     -1.8355095E-005
          5274.96     -1.8430116E-005
          5286.25     -1.8502908E-005
          5297.54     -1.8573407E-005
          5308.83     -1.8641547E-005
          5320.12     -1.8707264E-005
          5331.41     -1.8770495E-005
          5342.70     -1.8831175E-005
          5353.98     -1.8889238E-005
          5365.27     -1.8944616E-005
          5376.56     -1.8997245E-005
          5387.85     -1.9047051E-005
          5399.14     -1.9093963E-005
          5410.43     -1.9137911E-005
          5421.72     -1.9178822E-005
          5433.01     -1.9216624E-005
          5444.30     -1.9251240E-005
          5455.59     -1.9282586E-005
          5466.88     -1.9310582E-005
          5478.16     -1.9335152E-005
          5489.45     -1.9356216E-005
          5500.74     -1.9373693E-005
          5512.03     -1.9387504E-005
          5523.32     -1.9397565E-005
          5534.61     -1.9403793E-005
          5545.90     -1.9406102E-005
          5557.19     -1.9404408E-005
          5568.48     -1.9398622E-005
          5579.77     -1.9388472E-005
          5591.05     -1.9373835E-005
          5602.34     -1.9354616E-005
          5613.63     -1.9330721E-005
          5624.92     -1.9302052E-005
          5636.21     -1.9268511E-005
          5647.50     -1.9229999E-005
          5658.79     -1.9186417E-005
          5670.08     -1.9137654E-005
          5681.37     -1.9082254E-005
          5692.66     -1.9020093E-005
          5703.95     -1.8951044E-005
          5715.23     -1.8874979E-005
          5726.52     -1.8791772E-005
          5737.81     -1.8701295E-005
          5749.10     -1.8603420E-005
          5760.39     -1.8498018E-005
          5771.68     -1.8384960E-005
          5782.97     -1.8264239E-005
          5794.26     -1.8137035E-005
          5805.55     -1.8003238E-005
          5816.84     -1.7862739E-005
          5828.12     -1.7715425E-005
          5839.41     -1.7561184E-005
          5850.70     -1.7399902E-005
          5861.99     -1.7231465E-005
          5873.28     -1.7055755E-005
          5884.57     -1.6872655E-005
          5895.86     -1.6682047E-005
          5907.15     -1.6483804E-005
          5918.44     -1.6277245E-005
          5929.73     -1.6062243E-005
          5941.02     -1.5838665E-005
          5952.30     -1.5606382E-005
          5963.59     -1.5365261E-005
          5974.88     -1.5115060E-005
          5986.17     -1.4855503E-005
          5997.46     -1.4586450E-005
          6008.75     -1.4307764E-005
          6020.04     -1.4019310E-005
          6031.33     -1.3721681E-005
          6042.62     -1.3414745E-005
          6053.91     -1.3098369E-005
          6065.20     -1.2772420E-005
          6076.48     -1.2437008E-005
          6087.77     -1.2092186E-005
          6099.06     -1.1737818E-005
          6110.35     -1.1373771E-005
          6121.64     -1.0999771E-005
          6132.93     -1.0614876E-005
          6144.22     -1.0218938E-005
          6155.51     -9.8121362E-006
          6166.80     -9.3943480E-006
          6178.09     -8.9661783E-006
          6189.38     -8.5277840E-006
          6200.66     -8.0790189E-006
          6211.95     -7.6197365E-006
          6223.24     -7.1497860E-006
          6234.53     -6.6690098E-006
          6245.82     -6.1772567E-006
          6257.11     -5.6743656E-006
          6268.40     -5.1601831E-006
          6279.69     -4.6346127E-006
          6290.98     -4.0975059E-006
          6302.27     -3.5486840E-006
          6313.55     -2.9879739E-006
          6324.84     -2.4152187E-006
          6336.13     -1.8302611E-006
          6347.42     -1.2328911E-006
          6358.71     -6.2289607E-007
          6370.00     -3.5484704E-042
