          3480.00     -2.5632162E-027
          3491.29     -1.4372192E-007
          3502.58     -2.8789205E-007
          3513.87     -4.3346972E-007
          3525.16     -5.8140662E-007
          3536.45     -7.3265406E-007
          3547.73     -8.8816867E-007
          3559.02     -1.0489181E-006
          3570.31     -1.2158876E-006
          3581.60     -1.3900857E-006
          3592.89     -1.5725496E-006
          3604.18     -1.7643516E-006
          3615.47     -1.9666041E-006
          3626.76     -2.1804666E-006
          3638.05     -2.4071510E-006
          3649.34     -2.6479276E-006
          3660.62     -2.9041322E-006
          3671.91     -3.1771720E-006
          3683.20     -3.4685325E-006
          3694.49     -3.7797848E-006
          3705.78     -4.1125920E-006
          3717.07     -4.4687179E-006
          3728.36     -4.8500348E-006
          3739.65     -5.2585305E-006
          3750.94     -5.6963189E-006
          3762.23     -6.1656481E-006
          3773.52     -6.6689106E-006
          3784.80     -7.2086533E-006
          3796.09     -7.7875870E-006
          3807.38     -8.4086002E-006
          3818.67     -9.0747699E-006
          3829.96     -9.7893723E-006
          3841.25     -1.0555900E-005
          3852.54     -1.1378072E-005
          3863.83     -1.2259852E-005
          3875.12     -1.3205462E-005
          3886.41     -1.4219400E-005
          3897.70     -1.5306456E-005
          3908.98     -1.6471733E-005
          3920.27     -1.7720664E-005
          3931.56     -1.9059034E-005
          3942.85     -2.0493002E-005
          3954.14     -2.2029124E-005
          3965.43     -2.3674380E-005
          3976.72     -2.5436191E-005
          3988.01     -2.7322458E-005
          3999.30     -2.9341583E-005
          4010.59     -3.1502499E-005
          4021.88     -3.3814709E-005
          4033.16     -3.6288313E-005
          4044.45     -3.8934046E-005
          4055.74     -4.1763320E-005
          4067.03     -4.4788249E-005
          4078.32     -4.8021710E-005
          4089.61     -5.1477381E-005
          4100.90     -5.5169774E-005
          4112.19     -5.9114302E-005
          4123.48     -6.3327325E-005
          4134.77     -6.7826199E-005
          4146.05     -7.2629344E-005
          4157.34     -7.7756285E-005
          4168.63     -8.3227738E-005
          4179.92     -8.9065672E-005
          4191.21     -9.5293353E-005
          4202.50     -1.0193546E-004
          4213.79     -1.0901813E-004
          4225.08     -1.1656907E-004
          4236.37     -1.2461759E-004
          4247.66     -1.3319476E-004
          4258.95     -1.4233345E-004
          4270.23     -1.5206847E-004
          4281.52     -1.6243663E-004
          4292.81     -1.7347691E-004
          4304.10     -1.8523051E-004
          4315.39     -1.9774101E-004
          4326.68     -2.1105451E-004
          4337.97     -2.2521970E-004
          4349.26     -2.4028807E-004
          4360.55     -2.5631402E-004
          4371.84     -2.7335500E-004
          4383.12     -2.9147169E-004
          4394.41     -3.1072819E-004
          4405.70     -3.3119215E-004
          4416.99     -3.5293500E-004
          4428.28     -3.7603204E-004
          4439.57     -4.0056279E-004
          4450.86     -4.2661112E-004
          4462.15     -4.5426541E-004
          4473.44     -4.8361889E-004
          4484.73     -5.1476984E-004
          4496.02     -5.4782181E-004
          4507.30     -5.8288392E-004
          4518.59     -6.2007104E-004
          4529.88     -6.5950423E-004
          4541.17     -7.0131095E-004
          4552.46     -7.4562527E-004
          4563.75     -7.9258837E-004
          4575.04     -8.4234878E-004
          4586.33     -8.9506274E-004
          4597.62     -9.5089459E-004
          4608.91     -1.0100170E-003
          4620.20     -1.0726115E-003
          4631.48     -1.1388692E-003
          4642.77     -1.2089903E-003
          4654.06     -1.2831855E-003
          4665.35     -1.3616759E-003
          4676.64     -1.4446938E-003
          4687.93     -1.5324830E-003
          4699.22     -1.6252991E-003
          4710.51     -1.7234104E-003
          4721.80     -1.8270985E-003
          4733.09     -1.9366583E-003
          4744.38     -2.0523991E-003
          4755.66     -2.1746453E-003
          4766.95     -2.3037364E-003
          4778.24     -2.4400284E-003
          4789.53     -2.5838936E-003
          4800.82     -2.7357223E-003
          4812.11     -2.8959228E-003
          4823.40     -3.0649220E-003
          4834.69     -3.2431669E-003
          4845.98     -3.4311248E-003
          4857.27     -3.6292842E-003
          4868.55     -3.8381557E-003
          4879.84     -4.0582726E-003
          4891.13     -4.2901920E-003
          4902.42     -4.5344961E-003
          4913.71     -4.7917918E-003
          4925.00     -5.0627130E-003
          4936.29     -5.3479209E-003
          4947.58     -5.6481049E-003
          4958.87     -5.9639842E-003
          4970.16     -6.2963073E-003
          4981.45     -6.6458550E-003
          4992.73     -7.0134404E-003
          5004.02     -7.3999091E-003
          5015.31     -7.8061420E-003
          5026.60     -8.2330553E-003
          5037.89     -8.6816019E-003
          5049.18     -9.1527724E-003
          5060.47     -9.6475953E-003
          5071.76     -1.0167140E-002
          5083.05     -1.0712517E-002
          5094.34     -1.1284877E-002
          5105.62     -1.1885415E-002
          5116.91     -1.2515372E-002
          5128.20     -1.3176030E-002
          5139.49     -1.3868721E-002
          5150.78     -1.4594822E-002
          5162.07     -1.5355759E-002
          5173.36     -1.6153007E-002
          5184.65     -1.6988090E-002
          5195.94     -1.7862584E-002
          5207.23     -1.8778116E-002
          5218.52     -1.9736366E-002
          5229.80     -2.0739066E-002
          5241.09     -2.1788001E-002
          5252.38     -2.2885011E-002
          5263.67     -2.4031990E-002
          5274.96     -2.5230886E-002
          5286.25     -2.6483701E-002
          5297.54     -2.7792492E-002
          5308.83     -2.9159371E-002
          5320.12     -3.0586504E-002
          5331.41     -3.2076107E-002
          5342.70     -3.3630452E-002
          5353.98     -3.5251862E-002
          5365.27     -3.6942706E-002
          5376.56     -3.8705407E-002
          5387.85     -4.0542432E-002
          5399.14     -4.2456292E-002
          5410.43     -4.4449543E-002
          5421.72     -4.6524774E-002
          5433.01     -4.8684615E-002
          5444.30     -5.0931726E-002
          5455.59     -5.3268793E-002
          5466.88     -5.5698526E-002
          5478.16     -5.8223654E-002
          5489.45     -6.0846915E-002
          5500.74     -6.3571055E-002
          5512.03     -6.6398810E-002
          5523.32     -6.9332915E-002
          5534.61     -7.2376081E-002
          5545.90     -7.5530987E-002
          5557.19     -7.8800277E-002
          5568.48     -8.2186541E-002
          5579.77     -8.5692307E-002
          5591.05     -8.9320027E-002
          5602.34     -9.3072049E-002
          5613.63     -9.6950624E-002
          5624.92     -1.0095788E-001
          5636.21     -1.0509577E-001
          5647.50     -1.0936612E-001
          5658.79     -1.1377054E-001
          5670.08     -1.1831043E-001
          5681.37     -1.2298698E-001
          5692.66     -1.2780105E-001
          5703.95     -1.3275327E-001
          5715.23     -1.3784389E-001
          5726.52     -1.4307283E-001
          5737.81     -1.4843958E-001
          5749.10     -1.5394321E-001
          5760.39     -1.5958229E-001
          5771.68     -1.6535486E-001
          5782.97     -1.7125838E-001
          5794.26     -1.7728966E-001
          5805.55     -1.8344486E-001
          5816.84     -1.8971934E-001
          5828.12     -1.9610767E-001
          5839.41     -2.0260353E-001
          5850.70     -2.0919963E-001
          5861.99     -2.1588766E-001
          5873.28     -2.2265816E-001
          5884.57     -2.2950049E-001
          5895.86     -2.3640268E-001
          5907.15     -2.4335134E-001
          5918.44     -2.5033161E-001
          5929.73     -2.5732694E-001
          5941.02     -2.6431906E-001
          5952.30     -2.7128783E-001
          5963.59     -2.7821102E-001
          5974.88     -2.8506431E-001
          5986.17     -2.9182100E-001
          5997.46     -2.9845192E-001
          6008.75     -3.0492523E-001
          6020.04     -3.1120623E-001
          6031.33     -3.1725718E-001
          6042.62     -3.2303707E-001
          6053.91     -3.2850140E-001
          6065.20     -3.3360195E-001
          6076.48     -3.3828656E-001
          6087.77     -3.4249880E-001
          6099.06     -3.4617775E-001
          6110.35     -3.4925766E-001
          6121.64     -3.5166767E-001
          6132.93     -3.5333148E-001
          6144.22     -3.5416694E-001
          6155.51     -3.5408577E-001
          6166.80     -3.5299310E-001
          6178.09     -3.5078707E-001
          6189.38     -3.4735842E-001
          6200.66     -3.4258998E-001
          6211.95     -3.3635623E-001
          6223.24     -3.2852275E-001
          6234.53     -3.1894570E-001
          6245.82     -3.0747121E-001
          6257.11     -2.9393481E-001
          6268.40     -2.7816078E-001
          6279.69     -2.5996146E-001
          6290.98     -2.3913656E-001
          6302.27     -2.1547239E-001
          6313.55     -1.8874105E-001
          6324.84     -1.5869970E-001
          6336.13     -1.2508953E-001
          6347.42     -8.7634898E-002
          6358.71     -4.6042476E-002
          6370.00      1.6488715E-034
