          3480.00      8.8940489E-039
          3491.29     -3.3908931E-007
          3502.58     -6.7673809E-007
          3513.87     -1.0129712E-006
          3525.16     -1.3478118E-006
          3536.45     -1.6812835E-006
          3547.73     -2.0134090E-006
          3559.02     -2.3442097E-006
          3570.31     -2.6737071E-006
          3581.60     -3.0019216E-006
          3592.89     -3.3288734E-006
          3604.18     -3.6544947E-006
          3615.47     -3.9786481E-006
          3626.76     -4.3013410E-006
          3638.05     -4.6225799E-006
          3649.34     -4.9423703E-006
          3660.62     -5.2607180E-006
          3671.91     -5.5776275E-006
          3683.20     -5.8931030E-006
          3694.49     -6.2071485E-006
          3705.78     -6.5197668E-006
          3717.07     -6.8309606E-006
          3728.36     -7.1407326E-006
          3739.65     -7.4490839E-006
          3750.94     -7.7560163E-006
          3762.23     -8.0615303E-006
          3773.52     -8.3656260E-006
          3784.80     -8.6683035E-006
          3796.09     -8.9695663E-006
          3807.38     -9.2694569E-006
          3818.67     -9.5679760E-006
          3829.96     -9.8651229E-006
          3841.25     -1.0160897E-005
          3852.54     -1.0455297E-005
          3863.83     -1.0748321E-005
          3875.12     -1.1039969E-005
          3886.41     -1.1330235E-005
          3897.70     -1.1619119E-005
          3908.98     -1.1906616E-005
          3920.27     -1.2192724E-005
          3931.56     -1.2477437E-005
          3942.85     -1.2760751E-005
          3954.14     -1.3042703E-005
          3965.43     -1.3323298E-005
          3976.72     -1.3602532E-005
          3988.01     -1.3880400E-005
          3999.30     -1.4156898E-005
          4010.59     -1.4432020E-005
          4021.88     -1.4705760E-005
          4033.16     -1.4978114E-005
          4044.45     -1.5249072E-005
          4055.74     -1.5518631E-005
          4067.03     -1.5786780E-005
          4078.32     -1.6053515E-005
          4089.61     -1.6318826E-005
          4100.90     -1.6582706E-005
          4112.19     -1.6845148E-005
          4123.48     -1.7106143E-005
          4134.77     -1.7365682E-005
          4146.05     -1.7623755E-005
          4157.34     -1.7880352E-005
          4168.63     -1.8135462E-005
          4179.92     -1.8389076E-005
          4191.21     -1.8641181E-005
          4202.50     -1.8891768E-005
          4213.79     -1.9140823E-005
          4225.08     -1.9388335E-005
          4236.37     -1.9634291E-005
          4247.66     -1.9878678E-005
          4258.95     -2.0121476E-005
          4270.23     -2.0362671E-005
          4281.52     -2.0602249E-005
          4292.81     -2.0840197E-005
          4304.10     -2.1076501E-005
          4315.39     -2.1311144E-005
          4326.68     -2.1544113E-005
          4337.97     -2.1775391E-005
          4349.26     -2.2004962E-005
          4360.55     -2.2232811E-005
          4371.84     -2.2459029E-005
          4383.12     -2.2683491E-005
          4394.41     -2.2906180E-005
          4405.70     -2.3127066E-005
          4416.99     -2.3346131E-005
          4428.28     -2.3563357E-005
          4439.57     -2.3778726E-005
          4450.86     -2.3992219E-005
          4462.15     -2.4203816E-005
          4473.44     -2.4413498E-005
          4484.73     -2.4621245E-005
          4496.02     -2.4827038E-005
          4507.30     -2.5030855E-005
          4518.59     -2.5232676E-005
          4529.88     -2.5432479E-005
          4541.17     -2.5630245E-005
          4552.46     -2.5825955E-005
          4563.75     -2.6019589E-005
          4575.04     -2.6211127E-005
          4586.33     -2.6400545E-005
          4597.62     -2.6587820E-005
          4608.91     -2.6772930E-005
          4620.20     -2.6955851E-005
          4631.48     -2.7136562E-005
          4642.77     -2.7315036E-005
          4654.06     -2.7491251E-005
          4665.35     -2.7665182E-005
          4676.64     -2.7836805E-005
          4687.93     -2.8006095E-005
          4699.22     -2.8173026E-005
          4710.51     -2.8337570E-005
          4721.80     -2.8499703E-005
          4733.09     -2.8659400E-005
          4744.38     -2.8816632E-005
          4755.66     -2.8971375E-005
          4766.95     -2.9123600E-005
          4778.24     -2.9273281E-005
          4789.53     -2.9420390E-005
          4800.82     -2.9564899E-005
          4812.11     -2.9706782E-005
          4823.40     -2.9846009E-005
          4834.69     -2.9982551E-005
          4845.98     -3.0116380E-005
          4857.27     -3.0247452E-005
          4868.55     -3.0375738E-005
          4879.84     -3.0501206E-005
          4891.13     -3.0623828E-005
          4902.42     -3.0743573E-005
          4913.71     -3.0860410E-005
          4925.00     -3.0974308E-005
          4936.29     -3.1085236E-005
          4947.58     -3.1193163E-005
          4958.87     -3.1298058E-005
          4970.16     -3.1399888E-005
          4981.45     -3.1498620E-005
          4992.73     -3.1594223E-005
          5004.02     -3.1686644E-005
          5015.31     -3.1775846E-005
          5026.60     -3.1861795E-005
          5037.89     -3.1944457E-005
          5049.18     -3.2023798E-005
          5060.47     -3.2099783E-005
          5071.76     -3.2172378E-005
          5083.05     -3.2241547E-005
          5094.34     -3.2307257E-005
          5105.62     -3.2369470E-005
          5116.91     -3.2428152E-005
          5128.20     -3.2483265E-005
          5139.49     -3.2534775E-005
          5150.78     -3.2582632E-005
          5162.07     -3.2626788E-005
          5173.36     -3.2667204E-005
          5184.65     -3.2703844E-005
          5195.94     -3.2736670E-005
          5207.23     -3.2765642E-005
          5218.52     -3.2790724E-005
          5229.80     -3.2811877E-005
          5241.09     -3.2829060E-005
          5252.38     -3.2842236E-005
          5263.67     -3.2851365E-005
          5274.96     -3.2856407E-005
          5286.25     -3.2857322E-005
          5297.54     -3.2854065E-005
          5308.83     -3.2846576E-005
          5320.12     -3.2834816E-005
          5331.41     -3.2818742E-005
          5342.70     -3.2798314E-005
          5353.98     -3.2773488E-005
          5365.27     -3.2744224E-005
          5376.56     -3.2710492E-005
          5387.85     -3.2672230E-005
          5399.14     -3.2629395E-005
          5410.43     -3.2581944E-005
          5421.72     -3.2529834E-005
          5433.01     -3.2473022E-005
          5444.30     -3.2411462E-005
          5455.59     -3.2345070E-005
          5466.88     -3.2273796E-005
          5478.16     -3.2197597E-005
          5489.45     -3.2116426E-005
          5500.74     -3.2030236E-005
          5512.03     -3.1938985E-005
          5523.32     -3.1842624E-005
          5534.61     -3.1741109E-005
          5545.90     -3.1634391E-005
          5557.19     -3.1522424E-005
          5568.48     -3.1405162E-005
          5579.77     -3.1281878E-005
          5591.05     -3.1152413E-005
          5602.34     -3.1016707E-005
          5613.63     -3.0874706E-005
          5624.92     -3.0726352E-005
          5636.21     -3.0571586E-005
          5647.50     -3.0410353E-005
          5658.79     -3.0242595E-005
          5670.08     -3.0068221E-005
          5681.37     -2.9882325E-005
          5692.66     -2.9684798E-005
          5703.95     -2.9475529E-005
          5715.23     -2.9254405E-005
          5726.52     -2.9021318E-005
          5737.81     -2.8776156E-005
          5749.10     -2.8518809E-005
          5760.39     -2.8249167E-005
          5771.68     -2.7967121E-005
          5782.97     -2.7672990E-005
          5794.26     -2.7371276E-005
          5805.55     -2.7061923E-005
          5816.84     -2.6744873E-005
          5828.12     -2.6420067E-005
          5839.41     -2.6087449E-005
          5850.70     -2.5746961E-005
          5861.99     -2.5398543E-005
          5873.28     -2.5042138E-005
          5884.57     -2.4677689E-005
          5895.86     -2.4305135E-005
          5907.15     -2.3924393E-005
          5918.44     -2.3533467E-005
          5929.73     -2.3132275E-005
          5941.02     -2.2720742E-005
          5952.30     -2.2298789E-005
          5963.59     -2.1866339E-005
          5974.88     -2.1422939E-005
          5986.17     -2.0968011E-005
          5997.46     -2.0501468E-005
          6008.75     -2.0023226E-005
          6020.04     -1.9533209E-005
          6031.33     -1.9033857E-005
          6042.62     -1.8525107E-005
          6053.91     -1.8006899E-005
          6065.20     -1.7479169E-005
          6076.48     -1.6942708E-005
          6087.77     -1.6398094E-005
          6099.06     -1.5845281E-005
          6110.35     -1.5284219E-005
          6121.64     -1.4714390E-005
          6132.93     -1.4132982E-005
          6144.22     -1.3539919E-005
          6155.51     -1.2936246E-005
          6166.80     -1.2321980E-005
          6178.09     -1.1699637E-005
          6189.38     -1.1070201E-005
          6200.66     -1.0433619E-005
          6211.95     -9.7898473E-006
          6223.24     -9.1388306E-006
          6234.53     -8.4804961E-006
          6245.82     -7.8148020E-006
          6257.11     -7.1416784E-006
          6268.40     -6.4610864E-006
          6279.69     -5.7731924E-006
          6290.98     -5.0779890E-006
          6302.27     -4.3753730E-006
          6313.55     -3.6652676E-006
          6324.84     -2.9476555E-006
          6336.13     -2.2225293E-006
          6347.42     -1.4897059E-006
          6358.71     -7.4899579E-007
          6370.00      2.5684329E-038
