          3480.00     -1.0496501E-028
          3491.29     -1.9497369E-006
          3502.58     -3.9007158E-006
          3513.87     -5.8613377E-006
          3525.16     -7.8398918E-006
          3536.45     -9.8446033E-006
          3547.73     -1.1883664E-005
          3559.02     -1.3965261E-005
          3570.31     -1.6097622E-005
          3581.60     -1.8289038E-005
          3592.89     -2.0547901E-005
          3604.18     -2.2882734E-005
          3615.47     -2.5302213E-005
          3626.76     -2.7815214E-005
          3638.05     -3.0430831E-005
          3649.34     -3.3158405E-005
          3660.62     -3.6007563E-005
          3671.91     -3.8988241E-005
          3683.20     -4.2110719E-005
          3694.49     -4.5385651E-005
          3705.78     -4.8824085E-005
          3717.07     -5.2437514E-005
          3728.36     -5.6237898E-005
          3739.65     -6.0237689E-005
          3750.94     -6.4449882E-005
          3762.23     -6.8888037E-005
          3773.52     -7.3566320E-005
          3784.80     -7.8499540E-005
          3796.09     -8.3703172E-005
          3807.38     -8.9193421E-005
          3818.67     -9.4987250E-005
          3829.96     -1.0110240E-004
          3841.25     -1.0755749E-004
          3852.54     -1.1437198E-004
          3863.83     -1.2156630E-004
          3875.12     -1.2916184E-004
          3886.41     -1.3718101E-004
          3897.70     -1.4564732E-004
          3908.98     -1.5458540E-004
          3920.27     -1.6402106E-004
          3931.56     -1.7398137E-004
          3942.85     -1.8449469E-004
          3954.14     -1.9559074E-004
          3965.43     -2.0730070E-004
          3976.72     -2.1965720E-004
          3988.01     -2.3269445E-004
          3999.30     -2.4644832E-004
          4010.59     -2.6095634E-004
          4021.88     -2.7625785E-004
          4033.16     -2.9239407E-004
          4044.45     -3.0940813E-004
          4055.74     -3.2734525E-004
          4067.03     -3.4625268E-004
          4078.32     -3.6617997E-004
          4089.61     -3.8717896E-004
          4100.90     -4.0930385E-004
          4112.19     -4.3261141E-004
          4123.48     -4.5716099E-004
          4134.77     -4.8301471E-004
          4146.05     -5.1023750E-004
          4157.34     -5.3889724E-004
          4168.63     -5.6906492E-004
          4179.92     -6.0081477E-004
          4191.21     -6.3422427E-004
          4202.50     -6.6937447E-004
          4213.79     -7.0634999E-004
          4225.08     -7.4523925E-004
          4236.37     -7.8613460E-004
          4247.66     -8.2913235E-004
          4258.95     -8.7433317E-004
          4270.23     -9.2184212E-004
          4281.52     -9.7176870E-004
          4292.81     -1.0242273E-003
          4304.10     -1.0793372E-003
          4315.39     -1.1372228E-003
          4326.68     -1.1980137E-003
          4337.97     -1.2618453E-003
          4349.26     -1.3288583E-003
          4360.55     -1.3991998E-003
          4371.84     -1.4730227E-003
          4383.12     -1.5504864E-003
          4394.41     -1.6317570E-003
          4405.70     -1.7170072E-003
          4416.99     -1.8064172E-003
          4428.28     -1.9001740E-003
          4439.57     -1.9984728E-003
          4450.86     -2.1015163E-003
          4462.15     -2.2095154E-003
          4473.44     -2.3226895E-003
          4484.73     -2.4412667E-003
          4496.02     -2.5654841E-003
          4507.30     -2.6955883E-003
          4518.59     -2.8318351E-003
          4529.88     -2.9744906E-003
          4541.17     -3.1238312E-003
          4552.46     -3.2801436E-003
          4563.75     -3.4437257E-003
          4575.04     -3.6148866E-003
          4586.33     -3.7939470E-003
          4597.62     -3.9812399E-003
          4608.91     -4.1771101E-003
          4620.20     -4.3819157E-003
          4631.48     -4.5960277E-003
          4642.77     -4.8198304E-003
          4654.06     -5.0537224E-003
          4665.35     -5.2981163E-003
          4676.64     -5.5534398E-003
          4687.93     -5.8201354E-003
          4699.22     -6.0986610E-003
          4710.51     -6.3894908E-003
          4721.80     -6.6931155E-003
          4733.09     -7.0100418E-003
          4744.38     -7.3407946E-003
          4755.66     -7.6859160E-003
          4766.95     -8.0459664E-003
          4778.24     -8.4215249E-003
          4789.53     -8.8131888E-003
          4800.82     -9.2215756E-003
          4812.11     -9.6473228E-003
          4823.40     -1.0091087E-002
          4834.69     -1.0553547E-002
          4845.98     -1.1035403E-002
          4857.27     -1.1537374E-002
          4868.55     -1.2060204E-002
          4879.84     -1.2604658E-002
          4891.13     -1.3171525E-002
          4902.42     -1.3761616E-002
          4913.71     -1.4375764E-002
          4925.00     -1.5014830E-002
          4936.29     -1.5679697E-002
          4947.58     -1.6371271E-002
          4958.87     -1.7090487E-002
          4970.16     -1.7838300E-002
          4981.45     -1.8615695E-002
          4992.73     -1.9423681E-002
          5004.02     -2.0263291E-002
          5015.31     -2.1135587E-002
          5026.60     -2.2041656E-002
          5037.89     -2.2982610E-002
          5049.18     -2.3959591E-002
          5060.47     -2.4973761E-002
          5071.76     -2.6026315E-002
          5083.05     -2.7118470E-002
          5094.34     -2.8251469E-002
          5105.62     -2.9426582E-002
          5116.91     -3.0645106E-002
          5128.20     -3.1908358E-002
          5139.49     -3.3217687E-002
          5150.78     -3.4574458E-002
          5162.07     -3.5980064E-002
          5173.36     -3.7435921E-002
          5184.65     -3.8943463E-002
          5195.94     -4.0504150E-002
          5207.23     -4.2119458E-002
          5218.52     -4.3790883E-002
          5229.80     -4.5519939E-002
          5241.09     -4.7308152E-002
          5252.38     -4.9157067E-002
          5263.67     -5.1068240E-002
          5274.96     -5.3043234E-002
          5286.25     -5.5083623E-002
          5297.54     -5.7190986E-002
          5308.83     -5.9366908E-002
          5320.12     -6.1612971E-002
          5331.41     -6.3930753E-002
          5342.70     -6.6321830E-002
          5353.98     -6.8787769E-002
          5365.27     -7.1330117E-002
          5376.56     -7.3950412E-002
          5387.85     -7.6650164E-002
          5399.14     -7.9430860E-002
          5410.43     -8.2293957E-002
          5421.72     -8.5240866E-002
          5433.01     -8.8272964E-002
          5444.30     -9.1391578E-002
          5455.59     -9.4597971E-002
          5466.88     -9.7893351E-002
          5478.16     -1.0127885E-001
          5489.45     -1.0475553E-001
          5500.74     -1.0832436E-001
          5512.03     -1.1198620E-001
          5523.32     -1.1574182E-001
          5534.61     -1.1959188E-001
          5545.90     -1.2353688E-001
          5557.19     -1.2757720E-001
          5568.48     -1.3171308E-001
          5579.77     -1.3594457E-001
          5591.05     -1.4027157E-001
          5602.34     -1.4469374E-001
          5613.63     -1.4921057E-001
          5624.92     -1.5382132E-001
          5636.21     -1.5852497E-001
          5647.50     -1.6332028E-001
          5658.79     -1.6820570E-001
          5670.08     -1.7317940E-001
          5681.37     -1.7823920E-001
          5692.66     -1.8338257E-001
          5703.95     -1.8860663E-001
          5715.23     -1.9390809E-001
          5726.52     -1.9928322E-001
          5737.81     -2.0472785E-001
          5749.10     -2.1023733E-001
          5760.39     -2.1580648E-001
          5771.68     -2.2142957E-001
          5782.97     -2.2710029E-001
          5794.26     -2.3281171E-001
          5805.55     -2.3855624E-001
          5816.84     -2.4432556E-001
          5828.12     -2.5011064E-001
          5839.41     -2.5590163E-001
          5850.70     -2.6168786E-001
          5861.99     -2.6745777E-001
          5873.28     -2.7319884E-001
          5884.57     -2.7889758E-001
          5895.86     -2.8453942E-001
          5907.15     -2.9010868E-001
          5918.44     -2.9558851E-001
          5929.73     -3.0096081E-001
          5941.02     -3.0620615E-001
          5952.30     -3.1130373E-001
          5963.59     -3.1623127E-001
          5974.88     -3.2096494E-001
          5986.17     -3.2547929E-001
          5997.46     -3.2974713E-001
          6008.75     -3.3373945E-001
          6020.04     -3.3742537E-001
          6031.33     -3.4077194E-001
          6042.62     -3.4374413E-001
          6053.91     -3.4630466E-001
          6065.20     -3.4841390E-001
          6076.48     -3.5002975E-001
          6087.77     -3.5110751E-001
          6099.06     -3.5159976E-001
          6110.35     -3.5145619E-001
          6121.64     -3.5062347E-001
          6132.93     -3.4904511E-001
          6144.22     -3.4666128E-001
          6155.51     -3.4340867E-001
          6166.80     -3.3922026E-001
          6178.09     -3.3402522E-001
          6189.38     -3.2774864E-001
          6200.66     -3.2031138E-001
          6211.95     -3.1162987E-001
          6223.24     -3.0161583E-001
          6234.53     -2.9017614E-001
          6245.82     -2.7721251E-001
          6257.11     -2.6262128E-001
          6268.40     -2.4629321E-001
          6279.69     -2.2811311E-001
          6290.98     -2.0795963E-001
          6302.27     -1.8570495E-001
          6313.55     -1.6121447E-001
          6324.84     -1.3434655E-001
          6336.13     -1.0495209E-001
          6347.42     -7.2874213E-002
          6358.71     -3.7948010E-002
          6370.00     -2.7812510E-047
