          3480.00      5.9988641E-033
          3491.29     -9.2297660E-012
          3502.58     -1.8493681E-011
          3513.87     -2.7839316E-011
          3525.16     -3.7313905E-011
          3536.45     -4.6964639E-011
          3547.73     -5.6838877E-011
          3559.02     -6.6984352E-011
          3570.31     -7.7449450E-011
          3581.60     -8.8283396E-011
          3592.89     -9.9536483E-011
          3604.18     -1.1126000E-010
          3615.47     -1.2350633E-010
          3626.76     -1.3633002E-010
          3638.05     -1.4978755E-010
          3649.34     -1.6393749E-010
          3660.62     -1.7884085E-010
          3671.91     -1.9456119E-010
          3683.20     -2.1116491E-010
          3694.49     -2.2872150E-010
          3705.78     -2.4730371E-010
          3717.07     -2.6698789E-010
          3728.36     -2.8785422E-010
          3739.65     -3.0998693E-010
          3750.94     -3.3347466E-010
          3762.23     -3.5841068E-010
          3773.52     -3.8489326E-010
          3784.80     -4.1302592E-010
          3796.09     -4.4291778E-010
          3807.38     -4.7468442E-010
          3818.67     -5.0844732E-010
          3829.96     -5.4433455E-010
          3841.25     -5.8248130E-010
          3852.54     -6.2303019E-010
          3863.83     -6.6613175E-010
          3875.12     -7.1194483E-010
          3886.41     -7.6063696E-010
          3897.70     -8.1238503E-010
          3908.98     -8.6737571E-010
          3920.27     -9.2580582E-010
          3931.56     -9.8788312E-010
          3942.85     -1.0538268E-009
          3954.14     -1.1238689E-009
          3965.43     -1.1982537E-009
          3976.72     -1.2772385E-009
          3988.01     -1.3610945E-009
          3999.30     -1.4501080E-009
          4010.59     -1.5445803E-009
          4021.88     -1.6448292E-009
          4033.16     -1.7511896E-009
          4044.45     -1.8640143E-009
          4055.74     -1.9836748E-009
          4067.03     -2.1105625E-009
          4078.32     -2.2450894E-009
          4089.61     -2.3876895E-009
          4100.90     -2.5388192E-009
          4112.19     -2.6989594E-009
          4123.48     -2.8686155E-009
          4134.77     -3.0483197E-009
          4146.05     -3.2386314E-009
          4157.34     -3.4401387E-009
          4168.63     -3.6534601E-009
          4179.92     -3.8792460E-009
          4191.21     -4.1181792E-009
          4202.50     -4.3709777E-009
          4213.79     -4.6383957E-009
          4225.08     -4.9212252E-009
          4236.37     -5.2202979E-009
          4247.66     -5.5364864E-009
          4258.95     -5.8707066E-009
          4270.23     -6.2239205E-009
          4281.52     -6.5971362E-009
          4292.81     -6.9914122E-009
          4304.10     -7.4078584E-009
          4315.39     -7.8476382E-009
          4326.68     -8.3119718E-009
          4337.97     -8.8021367E-009
          4349.26     -9.3194729E-009
          4360.55     -9.8653842E-009
          4371.84     -1.0441356E-008
          4383.12     -1.1048912E-008
          4394.41     -1.1689664E-008
          4405.70     -1.2365297E-008
          4416.99     -1.3077575E-008
          4428.28     -1.3828344E-008
          4439.57     -1.4619535E-008
          4450.86     -1.5453168E-008
          4462.15     -1.6331353E-008
          4473.44     -1.7256297E-008
          4484.73     -1.8230307E-008
          4496.02     -1.9255792E-008
          4507.30     -2.0335270E-008
          4518.59     -2.1471368E-008
          4529.88     -2.2666830E-008
          4541.17     -2.3924522E-008
          4552.46     -2.5247433E-008
          4563.75     -2.6638684E-008
          4575.04     -2.8101529E-008
          4586.33     -2.9639359E-008
          4597.62     -3.1255714E-008
          4608.91     -3.2954279E-008
          4620.20     -3.4738895E-008
          4631.48     -3.6613569E-008
          4642.77     -3.8582464E-008
          4654.06     -4.0649924E-008
          4665.35     -4.2820466E-008
          4676.64     -4.5098795E-008
          4687.93     -4.7489804E-008
          4699.22     -4.9998578E-008
          4710.51     -5.2630410E-008
          4721.80     -5.5390804E-008
          4733.09     -5.8285474E-008
          4744.38     -6.1320363E-008
          4755.66     -6.4501640E-008
          4766.95     -6.7835714E-008
          4778.24     -7.1329239E-008
          4789.53     -7.4989112E-008
          4800.82     -7.8822499E-008
          4812.11     -8.2836831E-008
          4823.40     -8.7039803E-008
          4834.69     -9.1439401E-008
          4845.98     -9.6043896E-008
          4857.27     -1.0086184E-007
          4868.55     -1.0590211E-007
          4879.84     -1.1117388E-007
          4891.13     -1.1668664E-007
          4902.42     -1.2245024E-007
          4913.71     -1.2847483E-007
          4925.00     -1.3477092E-007
          4936.29     -1.4134935E-007
          4947.58     -1.4822135E-007
          4958.87     -1.5539848E-007
          4970.16     -1.6289269E-007
          4981.45     -1.7071630E-007
          4992.73     -1.7888203E-007
          5004.02     -1.8740292E-007
          5015.31     -1.9629246E-007
          5026.60     -2.0556455E-007
          5037.89     -2.1523347E-007
          5049.18     -2.2531395E-007
          5060.47     -2.3582109E-007
          5071.76     -2.4677045E-007
          5083.05     -2.5817800E-007
          5094.34     -2.7006012E-007
          5105.62     -2.8243363E-007
          5116.91     -2.9531579E-007
          5128.20     -3.0872427E-007
          5139.49     -3.2267718E-007
          5150.78     -3.3719300E-007
          5162.07     -3.5229063E-007
          5173.36     -3.6798946E-007
          5184.65     -3.8430923E-007
          5195.94     -4.0127013E-007
          5207.23     -4.1889272E-007
          5218.52     -4.3719796E-007
          5229.80     -4.5620722E-007
          5241.09     -4.7594214E-007
          5252.38     -4.9642477E-007
          5263.67     -5.1767751E-007
          5274.96     -5.3972297E-007
          5286.25     -5.6258414E-007
          5297.54     -5.8628418E-007
          5308.83     -6.1084644E-007
          5320.12     -6.3629455E-007
          5331.41     -6.6265224E-007
          5342.70     -6.8994344E-007
          5353.98     -7.1819215E-007
          5365.27     -7.4742233E-007
          5376.56     -7.7765809E-007
          5387.85     -8.0892323E-007
          5399.14     -8.4124152E-007
          5410.43     -8.7463661E-007
          5421.72     -9.0913174E-007
          5433.01     -9.4474994E-007
          5444.30     -9.8151377E-007
          5455.59     -1.0194449E-006
          5466.88     -1.0585646E-006
          5478.16     -1.0988937E-006
          5489.45     -1.1404520E-006
          5500.74     -1.1832584E-006
          5512.03     -1.2273307E-006
          5523.32     -1.2726856E-006
          5534.61     -1.3193385E-006
          5545.90     -1.3673030E-006
          5557.19     -1.4165913E-006
          5568.48     -1.4672138E-006
          5579.77     -1.5191703E-006
          5591.05     -1.5724647E-006
          5602.34     -1.6270994E-006
          5613.63     -1.6830746E-006
          5624.92     -1.7403872E-006
          5636.21     -1.7990312E-006
          5647.50     -1.8589971E-006
          5658.79     -1.9202720E-006
          5670.08     -1.9828381E-006
          5681.37     -2.0465950E-006
          5692.66     -2.1115087E-006
          5703.95     -2.1775412E-006
          5715.23     -2.2446492E-006
          5726.52     -2.3127847E-006
          5737.81     -2.3818941E-006
          5749.10     -2.4519180E-006
          5760.39     -2.5227907E-006
          5771.68     -2.5944402E-006
          5782.97     -2.6667962E-006
          5794.26     -2.7398741E-006
          5805.55     -2.8135892E-006
          5816.84     -2.8878468E-006
          5828.12     -2.9625425E-006
          5839.41     -3.0375611E-006
          5850.70     -3.1127758E-006
          5861.99     -3.1880478E-006
          5873.28     -3.2632253E-006
          5884.57     -3.3381433E-006
          5895.86     -3.4126219E-006
          5907.15     -3.4864654E-006
          5918.44     -3.5594052E-006
          5929.73     -3.6312085E-006
          5941.02     -3.7016253E-006
          5952.30     -3.7703873E-006
          5963.59     -3.8372069E-006
          5974.88     -3.9017637E-006
          5986.17     -3.9637103E-006
          5997.46     -4.0226927E-006
          6008.75     -4.0783339E-006
          6020.04     -4.1302323E-006
          6031.33     -4.1780555E-006
          6042.62     -4.2213550E-006
          6053.91     -4.2596516E-006
          6065.20     -4.2924341E-006
          6076.48     -4.3191927E-006
          6087.77     -4.3393756E-006
          6099.06     -4.3523679E-006
          6110.35     -4.3575141E-006
          6121.64     -4.3540950E-006
          6132.93     -4.3412414E-006
          6144.22     -4.3181558E-006
          6155.51     -4.2840473E-006
          6166.80     -4.2380303E-006
          6178.09     -4.1792888E-006
          6189.38     -4.1068823E-006
          6200.66     -4.0197599E-006
          6211.95     -3.9168054E-006
          6223.24     -3.7968329E-006
          6234.53     -3.6585832E-006
          6245.82     -3.5007222E-006
          6257.11     -3.3218344E-006
          6268.40     -3.1204224E-006
          6279.69     -2.8949115E-006
          6290.98     -2.6436253E-006
          6302.27     -2.3647846E-006
          6313.55     -2.0565089E-006
          6324.84     -1.7168146E-006
          6336.13     -1.3436049E-006
          6347.42     -9.3465512E-007
          6358.71     -4.8761701E-007
          6370.00      0.0000000E+000
