          3480.00     -3.9194322E-032
          3491.29     -9.7720944E-005
          3502.58     -1.9520706E-004
          3513.87     -2.9261632E-004
          3525.16     -3.9010338E-004
          3536.45     -4.8782035E-004
          3547.73     -5.8591687E-004
          3559.02     -6.8454013E-004
          3570.31     -7.8383560E-004
          3581.60     -8.8394700E-004
          3592.89     -9.8501661E-004
          3604.18     -1.0871855E-003
          3615.47     -1.1905937E-003
          3626.76     -1.2953805E-003
          3638.05     -1.4016846E-003
          3649.34     -1.5096442E-003
          3660.62     -1.6193977E-003
          3671.91     -1.7310830E-003
          3683.20     -1.8448385E-003
          3694.49     -1.9608029E-003
          3705.78     -2.0791153E-003
          3717.07     -2.1999155E-003
          3728.36     -2.3233443E-003
          3739.65     -2.4495431E-003
          3750.94     -2.5786547E-003
          3762.23     -2.7108231E-003
          3773.52     -2.8461937E-003
          3784.80     -2.9849136E-003
          3796.09     -3.1271310E-003
          3807.38     -3.2729965E-003
          3818.67     -3.4226624E-003
          3829.96     -3.5762828E-003
          3841.25     -3.7340143E-003
          3852.54     -3.8960156E-003
          3863.83     -4.0624477E-003
          3875.12     -4.2334745E-003
          3886.41     -4.4092618E-003
          3897.70     -4.5899787E-003
          3908.98     -4.7757970E-003
          3920.27     -4.9668910E-003
          3931.56     -5.1634385E-003
          3942.85     -5.3656203E-003
          3954.14     -5.5736204E-003
          3965.43     -5.7876262E-003
          3976.72     -6.0078280E-003
          3988.01     -6.2344203E-003
          3999.30     -6.4676009E-003
          4010.59     -6.7075709E-003
          4021.88     -6.9545358E-003
          4033.16     -7.2087045E-003
          4044.45     -7.4702902E-003
          4055.74     -7.7395101E-003
          4067.03     -8.0165849E-003
          4078.32     -8.3017401E-003
          4089.61     -8.5952056E-003
          4100.90     -8.8972147E-003
          4112.19     -9.2080061E-003
          4123.48     -9.5278227E-003
          4134.77     -9.8569117E-003
          4146.05     -1.0195526E-002
          4157.34     -1.0543920E-002
          4168.63     -1.0902358E-002
          4179.92     -1.1271105E-002
          4191.21     -1.1650432E-002
          4202.50     -1.2040615E-002
          4213.79     -1.2441936E-002
          4225.08     -1.2854681E-002
          4236.37     -1.3279141E-002
          4247.66     -1.3715612E-002
          4258.95     -1.4164397E-002
          4270.23     -1.4625802E-002
          4281.52     -1.5100139E-002
          4292.81     -1.5587726E-002
          4304.10     -1.6088886E-002
          4315.39     -1.6603947E-002
          4326.68     -1.7133243E-002
          4337.97     -1.7677112E-002
          4349.26     -1.8235900E-002
          4360.55     -1.8809956E-002
          4371.84     -1.9399635E-002
          4383.12     -2.0005298E-002
          4394.41     -2.0627312E-002
          4405.70     -2.1266049E-002
          4416.99     -2.1921886E-002
          4428.28     -2.2595204E-002
          4439.57     -2.3286393E-002
          4450.86     -2.3995845E-002
          4462.15     -2.4723959E-002
          4473.44     -2.5471139E-002
          4484.73     -2.6237794E-002
          4496.02     -2.7024337E-002
          4507.30     -2.7831190E-002
          4518.59     -2.8658774E-002
          4529.88     -2.9507519E-002
          4541.17     -3.0377861E-002
          4552.46     -3.1270235E-002
          4563.75     -3.2185087E-002
          4575.04     -3.3122863E-002
          4586.33     -3.4084015E-002
          4597.62     -3.5069001E-002
          4608.91     -3.6078277E-002
          4620.20     -3.7112310E-002
          4631.48     -3.8171567E-002
          4642.77     -3.9256517E-002
          4654.06     -4.0367635E-002
          4665.35     -4.1505398E-002
          4676.64     -4.2670285E-002
          4687.93     -4.3862781E-002
          4699.22     -4.5083366E-002
          4710.51     -4.6332528E-002
          4721.80     -4.7610756E-002
          4733.09     -4.8918538E-002
          4744.38     -5.0256362E-002
          4755.66     -5.1624722E-002
          4766.95     -5.3024106E-002
          4778.24     -5.4455006E-002
          4789.53     -5.5917910E-002
          4800.82     -5.7413307E-002
          4812.11     -5.8941686E-002
          4823.40     -6.0503529E-002
          4834.69     -6.2099318E-002
          4845.98     -6.3729533E-002
          4857.27     -6.5394650E-002
          4868.55     -6.7095140E-002
          4879.84     -6.8831466E-002
          4891.13     -7.0604090E-002
          4902.42     -7.2413467E-002
          4913.71     -7.4260041E-002
          4925.00     -7.6144252E-002
          4936.29     -7.8066531E-002
          4947.58     -8.0027297E-002
          4958.87     -8.2026964E-002
          4970.16     -8.4065927E-002
          4981.45     -8.6144575E-002
          4992.73     -8.8263283E-002
          5004.02     -9.0422408E-002
          5015.31     -9.2622297E-002
          5026.60     -9.4863277E-002
          5037.89     -9.7145660E-002
          5049.18     -9.9469739E-002
          5060.47     -1.0183578E-001
          5071.76     -1.0424405E-001
          5083.05     -1.0669476E-001
          5094.34     -1.0918812E-001
          5105.62     -1.1172431E-001
          5116.91     -1.1430348E-001
          5128.20     -1.1692576E-001
          5139.49     -1.1959125E-001
          5150.78     -1.2229999E-001
          5162.07     -1.2505203E-001
          5173.36     -1.2784735E-001
          5184.65     -1.3068592E-001
          5195.94     -1.3356764E-001
          5207.23     -1.3649240E-001
          5218.52     -1.3946002E-001
          5229.80     -1.4247030E-001
          5241.09     -1.4552297E-001
          5252.38     -1.4861773E-001
          5263.67     -1.5175421E-001
          5274.96     -1.5493199E-001
          5286.25     -1.5815060E-001
          5297.54     -1.6140950E-001
          5308.83     -1.6470809E-001
          5320.12     -1.6804572E-001
          5331.41     -1.7142164E-001
          5342.70     -1.7483505E-001
          5353.98     -1.7828509E-001
          5365.27     -1.8177077E-001
          5376.56     -1.8529108E-001
          5387.85     -1.8884488E-001
          5399.14     -1.9243095E-001
          5410.43     -1.9604801E-001
          5421.72     -1.9969464E-001
          5433.01     -2.0336934E-001
          5444.30     -2.0707052E-001
          5455.59     -2.1079644E-001
          5466.88     -2.1454529E-001
          5478.16     -2.1831512E-001
          5489.45     -2.2210387E-001
          5500.74     -2.2590934E-001
          5512.03     -2.2972921E-001
          5523.32     -2.3356102E-001
          5534.61     -2.3740216E-001
          5545.90     -2.4124988E-001
          5557.19     -2.4510128E-001
          5568.48     -2.4895329E-001
          5579.77     -2.5280269E-001
          5591.05     -2.5664608E-001
          5602.34     -2.6047988E-001
          5613.63     -2.6430033E-001
          5624.92     -2.6810349E-001
          5636.21     -2.7188520E-001
          5647.50     -2.7564111E-001
          5658.79     -2.7936666E-001
          5670.08     -2.8305707E-001
          5681.37     -2.8670733E-001
          5692.66     -2.9031219E-001
          5703.95     -2.9386616E-001
          5715.23     -2.9736351E-001
          5726.52     -3.0079824E-001
          5737.81     -3.0416407E-001
          5749.10     -3.0745445E-001
          5760.39     -3.1066256E-001
          5771.68     -3.1378127E-001
          5782.97     -3.1680311E-001
          5794.26     -3.1972035E-001
          5805.55     -3.2252488E-001
          5816.84     -3.2520828E-001
          5828.12     -3.2776178E-001
          5839.41     -3.3017622E-001
          5850.70     -3.3244210E-001
          5861.99     -3.3454952E-001
          5873.28     -3.3648816E-001
          5884.57     -3.3824732E-001
          5895.86     -3.3981586E-001
          5907.15     -3.4118220E-001
          5918.44     -3.4233431E-001
          5929.73     -3.4325970E-001
          5941.02     -3.4394538E-001
          5952.30     -3.4437788E-001
          5963.59     -3.4454321E-001
          5974.88     -3.4442685E-001
          5986.17     -3.4401374E-001
          5997.46     -3.4328826E-001
          6008.75     -3.4223420E-001
          6020.04     -3.4083476E-001
          6031.33     -3.3907252E-001
          6042.62     -3.3692944E-001
          6053.91     -3.3438681E-001
          6065.20     -3.3142526E-001
          6076.48     -3.2802471E-001
          6087.77     -3.2416439E-001
          6099.06     -3.1982277E-001
          6110.35     -3.1497758E-001
          6121.64     -3.0960577E-001
          6132.93     -3.0368346E-001
          6144.22     -2.9718599E-001
          6155.51     -2.9008782E-001
          6166.80     -2.8236252E-001
          6178.09     -2.7398281E-001
          6189.38     -2.6492042E-001
          6200.66     -2.5514618E-001
          6211.95     -2.4462991E-001
          6223.24     -2.3334041E-001
          6234.53     -2.2124549E-001
          6245.82     -2.0831183E-001
          6257.11     -1.9450505E-001
          6268.40     -1.7978964E-001
          6279.69     -1.6412891E-001
          6290.98     -1.4748499E-001
          6302.27     -1.2981878E-001
          6313.55     -1.1108989E-001
          6324.84     -9.1256701E-002
          6336.13     -7.0276192E-002
          6347.42     -4.8103980E-002
          6358.71     -2.4694330E-002
          6370.00      1.7611998E-034
