          3480.00      4.3782496E-034
          3491.29     -8.5920135E-011
          3502.58     -1.7200530E-010
          3513.87     -2.5855403E-010
          3525.16     -3.4586151E-010
          3536.45     -4.3422114E-010
          3547.73     -5.2392529E-010
          3559.02     -6.1526610E-010
          3570.31     -7.0853686E-010
          3581.60     -8.0403266E-010
          3592.89     -9.0205137E-010
          3604.18     -1.0028918E-009
          3615.47     -1.1068538E-009
          3626.76     -1.2142465E-009
          3638.05     -1.3253855E-009
          3649.34     -1.4405930E-009
          3660.62     -1.5601991E-009
          3671.91     -1.6845427E-009
          3683.20     -1.8139721E-009
          3694.49     -1.9488460E-009
          3705.78     -2.0895338E-009
          3717.07     -2.2364172E-009
          3728.36     -2.3898908E-009
          3739.65     -2.5503625E-009
          3750.94     -2.7182548E-009
          3762.23     -2.8940058E-009
          3773.52     -3.0780698E-009
          3784.80     -3.2709183E-009
          3796.09     -3.4730409E-009
          3807.38     -3.6849506E-009
          3818.67     -3.9071768E-009
          3829.96     -4.1402698E-009
          3841.25     -4.3848025E-009
          3852.54     -4.6413706E-009
          3863.83     -4.9105941E-009
          3875.12     -5.1931189E-009
          3886.41     -5.4896161E-009
          3897.70     -5.8007856E-009
          3908.98     -6.1273560E-009
          3920.27     -6.4700851E-009
          3931.56     -6.8297630E-009
          3942.85     -7.2072119E-009
          3954.14     -7.6032947E-009
          3965.43     -8.0189062E-009
          3976.72     -8.4549754E-009
          3988.01     -8.9124707E-009
          3999.30     -9.3924006E-009
          4010.59     -9.8958135E-009
          4021.88     -1.0423802E-008
          4033.16     -1.0977504E-008
          4044.45     -1.1558101E-008
          4055.74     -1.2166826E-008
          4067.03     -1.2804958E-008
          4078.32     -1.3473832E-008
          4089.61     -1.4174834E-008
          4100.90     -1.4909404E-008
          4112.19     -1.5679044E-008
          4123.48     -1.6485313E-008
          4134.77     -1.7329830E-008
          4146.05     -1.8214283E-008
          4157.34     -1.9140418E-008
          4168.63     -2.0110057E-008
          4179.92     -2.1125090E-008
          4191.21     -2.2187478E-008
          4202.50     -2.3299261E-008
          4213.79     -2.4462554E-008
          4225.08     -2.5679555E-008
          4236.37     -2.6952547E-008
          4247.66     -2.8283891E-008
          4258.95     -2.9676043E-008
          4270.23     -3.1131549E-008
          4281.52     -3.2653050E-008
          4292.81     -3.4243284E-008
          4304.10     -3.5905092E-008
          4315.39     -3.7641416E-008
          4326.68     -3.9455309E-008
          4337.97     -4.1349928E-008
          4349.26     -4.3328547E-008
          4360.55     -4.5394560E-008
          4371.84     -4.7551548E-008
          4383.12     -4.9803078E-008
          4394.41     -5.2152912E-008
          4405.70     -5.4604934E-008
          4416.99     -5.7163172E-008
          4428.28     -5.9831786E-008
          4439.57     -6.2615084E-008
          4450.86     -6.5517524E-008
          4462.15     -6.8543701E-008
          4473.44     -7.1698375E-008
          4484.73     -7.4986461E-008
          4496.02     -7.8413034E-008
          4507.30     -8.1983340E-008
          4518.59     -8.5702786E-008
          4529.88     -8.9576960E-008
          4541.17     -9.3611634E-008
          4552.46     -9.7812753E-008
          4563.75     -1.0218646E-007
          4575.04     -1.0673908E-007
          4586.33     -1.1147714E-007
          4597.62     -1.1640736E-007
          4608.91     -1.2153668E-007
          4620.20     -1.2687221E-007
          4631.48     -1.3242133E-007
          4642.77     -1.3819159E-007
          4654.06     -1.4419077E-007
          4665.35     -1.5042690E-007
          4676.64     -1.5690822E-007
          4687.93     -1.6364320E-007
          4699.22     -1.7064056E-007
          4710.51     -1.7790925E-007
          4721.80     -1.8545848E-007
          4733.09     -1.9329769E-007
          4744.38     -2.0143658E-007
          4755.66     -2.0988513E-007
          4766.95     -2.1865355E-007
          4778.24     -2.2775232E-007
          4789.53     -2.3719219E-007
          4800.82     -2.4698418E-007
          4812.11     -2.5713959E-007
          4823.40     -2.6766996E-007
          4834.69     -2.7858715E-007
          4845.98     -2.8990325E-007
          4857.27     -3.0163063E-007
          4868.55     -3.1378195E-007
          4879.84     -3.2637015E-007
          4891.13     -3.3940846E-007
          4902.42     -3.5291041E-007
          4913.71     -3.6688977E-007
          4925.00     -3.8136061E-007
          4936.29     -3.9633729E-007
          4947.58     -4.1183442E-007
          4958.87     -4.2786692E-007
          4970.16     -4.4444992E-007
          4981.45     -4.6159885E-007
          4992.73     -4.7932944E-007
          5004.02     -4.9765751E-007
          5015.31     -5.1659921E-007
          5026.60     -5.3617098E-007
          5037.89     -5.5638947E-007
          5049.18     -5.7727158E-007
          5060.47     -5.9883436E-007
          5071.76     -6.2109513E-007
          5083.05     -6.4407140E-007
          5094.34     -6.6778079E-007
          5105.62     -6.9224113E-007
          5116.91     -7.1747040E-007
          5128.20     -7.4348670E-007
          5139.49     -7.7030826E-007
          5150.78     -7.9795322E-007
          5162.07     -8.2643988E-007
          5173.36     -8.5578662E-007
          5184.65     -8.8601180E-007
          5195.94     -9.1713382E-007
          5207.23     -9.4917101E-007
          5218.52     -9.8214163E-007
          5229.80     -1.0160639E-006
          5241.09     -1.0509556E-006
          5252.38     -1.0868348E-006
          5263.67     -1.1237190E-006
          5274.96     -1.1616254E-006
          5286.25     -1.2005710E-006
          5297.54     -1.2405725E-006
          5308.83     -1.2816457E-006
          5320.12     -1.3238063E-006
          5331.41     -1.3670695E-006
          5342.70     -1.4114497E-006
          5353.98     -1.4569608E-006
          5365.27     -1.5036157E-006
          5376.56     -1.5514270E-006
          5387.85     -1.6004058E-006
          5399.14     -1.6505622E-006
          5410.43     -1.7019056E-006
          5421.72     -1.7544439E-006
          5433.01     -1.8081840E-006
          5444.30     -1.8631312E-006
          5455.59     -1.9192886E-006
          5466.88     -1.9766583E-006
          5478.16     -2.0352409E-006
          5489.45     -2.0950347E-006
          5500.74     -2.1560364E-006
          5512.03     -2.2182403E-006
          5523.32     -2.2816384E-006
          5534.61     -2.3462203E-006
          5545.90     -2.4119729E-006
          5557.19     -2.4788804E-006
          5568.48     -2.5469238E-006
          5579.77     -2.6160661E-006
          5591.05     -2.6862782E-006
          5602.34     -2.7575295E-006
          5613.63     -2.8297857E-006
          5624.92     -2.9030086E-006
          5636.21     -2.9771556E-006
          5647.50     -3.0521796E-006
          5658.79     -3.1280290E-006
          5670.08     -3.2046460E-006
          5681.37     -3.2818353E-006
          5692.66     -3.3595187E-006
          5703.95     -3.4376126E-006
          5715.23     -3.5160282E-006
          5726.52     -3.5946706E-006
          5737.81     -3.6734390E-006
          5749.10     -3.7522264E-006
          5760.39     -3.8309189E-006
          5771.68     -3.9093957E-006
          5782.97     -3.9875433E-006
          5794.26     -4.0653859E-006
          5805.55     -4.1427923E-006
          5816.84     -4.2196213E-006
          5828.12     -4.2957222E-006
          5839.41     -4.3709336E-006
          5850.70     -4.4450831E-006
          5861.99     -4.5179870E-006
          5873.28     -4.5894496E-006
          5884.57     -4.6592627E-006
          5895.86     -4.7272049E-006
          5907.15     -4.7930402E-006
          5918.44     -4.8564355E-006
          5929.73     -4.9171212E-006
          5941.02     -4.9748133E-006
          5952.30     -5.0292122E-006
          5963.59     -5.0800021E-006
          5974.88     -5.1268329E-006
          5986.17     -5.1693300E-006
          5997.46     -5.2071229E-006
          6008.75     -5.2398232E-006
          6020.04     -5.2670237E-006
          6031.33     -5.2884271E-006
          6042.62     -5.3035916E-006
          6053.91     -5.3120524E-006
          6065.20     -5.3133202E-006
          6076.48     -5.3069276E-006
          6087.77     -5.2923714E-006
          6099.06     -5.2690870E-006
          6110.35     -5.2364803E-006
          6121.64     -5.1938985E-006
          6132.93     -5.1405208E-006
          6144.22     -5.0756494E-006
          6155.51     -4.9986231E-006
          6166.80     -4.9086873E-006
          6178.09     -4.8052074E-006
          6189.38     -4.6874217E-006
          6200.66     -4.5544642E-006
          6211.95     -4.4054252E-006
          6223.24     -4.2393487E-006
          6234.53     -4.0552301E-006
          6245.82     -3.8520171E-006
          6257.11     -3.6286040E-006
          6268.40     -3.3838343E-006
          6279.69     -3.1165092E-006
          6290.98     -2.8253605E-006
          6302.27     -2.5090533E-006
          6313.55     -2.1661913E-006
          6324.84     -1.7953176E-006
          6336.13     -1.3949075E-006
          6347.42     -9.6335327E-007
          6358.71     -4.9897464E-007
          6370.00      0.0000000E+000
