          3480.00     -9.1735353E-027
          3491.29     -2.9004087E-008
          3502.58     -5.8148629E-008
          3513.87     -8.7675829E-008
          3525.16     -1.1782684E-007
          3536.45     -1.4884392E-007
          3547.73     -1.8097230E-007
          3559.02     -2.1446202E-007
          3570.31     -2.4956995E-007
          3581.60     -2.8656162E-007
          3592.89     -3.2571310E-007
          3604.18     -3.6731297E-007
          3615.47     -4.1166414E-007
          3626.76     -4.5908610E-007
          3638.05     -5.0991685E-007
          3649.34     -5.6451495E-007
          3660.62     -6.2326205E-007
          3671.91     -6.8656502E-007
          3683.20     -7.5485849E-007
          3694.49     -8.2860754E-007
          3705.78     -9.0831014E-007
          3717.07     -9.9450049E-007
          3728.36     -1.0877519E-006
          3739.65     -1.1886798E-006
          3750.94     -1.2979458E-006
          3762.23     -1.4162609E-006
          3773.52     -1.5443896E-006
          3784.80     -1.6831543E-006
          3796.09     -1.8334392E-006
          3807.38     -1.9961958E-006
          3818.67     -2.1724479E-006
          3829.96     -2.3632960E-006
          3841.25     -2.5699247E-006
          3852.54     -2.7936079E-006
          3863.83     -3.0357157E-006
          3875.12     -3.2977216E-006
          3886.41     -3.5812093E-006
          3897.70     -3.8878820E-006
          3908.98     -4.2195703E-006
          3920.27     -4.5782408E-006
          3931.56     -4.9660072E-006
          3942.85     -5.3851398E-006
          3954.14     -5.8380771E-006
          3965.43     -6.3274378E-006
          3976.72     -6.8560318E-006
          3988.01     -7.4268767E-006
          3999.30     -8.0432103E-006
          4010.59     -8.7085049E-006
          4021.88     -9.4264866E-006
          4033.16     -1.0201150E-005
          4044.45     -1.1036779E-005
          4055.74     -1.1937965E-005
          4067.03     -1.2909627E-005
          4078.32     -1.3957035E-005
          4089.61     -1.5085838E-005
          4100.90     -1.6302080E-005
          4112.19     -1.7612234E-005
          4123.48     -1.9023231E-005
          4134.77     -2.0542485E-005
          4146.05     -2.2177933E-005
          4157.34     -2.3938056E-005
          4168.63     -2.5831932E-005
          4179.92     -2.7869265E-005
          4191.21     -3.0060424E-005
          4202.50     -3.2416495E-005
          4213.79     -3.4949319E-005
          4225.08     -3.7671547E-005
          4236.37     -4.0596690E-005
          4247.66     -4.3739167E-005
          4258.95     -4.7114376E-005
          4270.23     -5.0738751E-005
          4281.52     -5.4629816E-005
          4292.81     -5.8806275E-005
          4304.10     -6.3288070E-005
          4315.39     -6.8096465E-005
          4326.68     -7.3254129E-005
          4337.97     -7.8785209E-005
          4349.26     -8.4715446E-005
          4360.55     -9.1072262E-005
          4371.84     -9.7884842E-005
          4383.12     -1.0518428E-004
          4394.41     -1.1300366E-004
          4405.70     -1.2137821E-004
          4416.99     -1.3034540E-004
          4428.28     -1.3994509E-004
          4439.57     -1.5021965E-004
          4450.86     -1.6121419E-004
          4462.15     -1.7297658E-004
          4473.44     -1.8555776E-004
          4484.73     -1.9901182E-004
          4496.02     -2.1339624E-004
          4507.30     -2.2877205E-004
          4518.59     -2.4520404E-004
          4529.88     -2.6276099E-004
          4541.17     -2.8151591E-004
          4552.46     -3.0154624E-004
          4563.75     -3.2293413E-004
          4575.04     -3.4576670E-004
          4586.33     -3.7013632E-004
          4597.62     -3.9614093E-004
          4608.91     -4.2388423E-004
          4620.20     -4.5347617E-004
          4631.48     -4.8503320E-004
          4642.77     -5.1867856E-004
          4654.06     -5.5454280E-004
          4665.35     -5.9276406E-004
          4676.64     -6.3348853E-004
          4687.93     -6.7687087E-004
          4699.22     -7.2307457E-004
          4710.51     -7.7227258E-004
          4721.80     -8.2464774E-004
          4733.09     -8.8039313E-004
          4744.38     -9.3971289E-004
          4755.66     -1.0028226E-003
          4766.95     -1.0699499E-003
          4778.24     -1.1413351E-003
          4789.53     -1.2172317E-003
          4800.82     -1.2979075E-003
          4812.11     -1.3836446E-003
          4823.40     -1.4747408E-003
          4834.69     -1.5715098E-003
          4845.98     -1.6742824E-003
          4857.27     -1.7834070E-003
          4868.55     -1.8992510E-003
          4879.84     -2.0222005E-003
          4891.13     -2.1526626E-003
          4902.42     -2.2910658E-003
          4913.71     -2.4378603E-003
          4925.00     -2.5935203E-003
          4936.29     -2.7585440E-003
          4947.58     -2.9334552E-003
          4958.87     -3.1188045E-003
          4970.16     -3.3151698E-003
          4981.45     -3.5231584E-003
          4992.73     -3.7434080E-003
          5004.02     -3.9765871E-003
          5015.31     -4.2233977E-003
          5026.60     -4.4845757E-003
          5037.89     -4.7608927E-003
          5049.18     -5.0531575E-003
          5060.47     -5.3622166E-003
          5071.76     -5.6889575E-003
          5083.05     -6.0343089E-003
          5094.34     -6.3992420E-003
          5105.62     -6.7847734E-003
          5116.91     -7.1919659E-003
          5128.20     -7.6219301E-003
          5139.49     -8.0758269E-003
          5150.78     -8.5548672E-003
          5162.07     -9.0603163E-003
          5173.36     -9.5934942E-003
          5184.65     -1.0155776E-002
          5195.94     -1.0748597E-002
          5207.23     -1.1373452E-002
          5218.52     -1.2031897E-002
          5229.80     -1.2725552E-002
          5241.09     -1.3456101E-002
          5252.38     -1.4225297E-002
          5263.67     -1.5034960E-002
          5274.96     -1.5886980E-002
          5286.25     -1.6783319E-002
          5297.54     -1.7726012E-002
          5308.83     -1.8717168E-002
          5320.12     -1.9758972E-002
          5331.41     -2.0853685E-002
          5342.70     -2.2003645E-002
          5353.98     -2.3211271E-002
          5365.27     -2.4479059E-002
          5376.56     -2.5809583E-002
          5387.85     -2.7205501E-002
          5399.14     -2.8669548E-002
          5410.43     -3.0204539E-002
          5421.72     -3.1813366E-002
          5433.01     -3.3499001E-002
          5444.30     -3.5264494E-002
          5455.59     -3.7112963E-002
          5466.88     -3.9047604E-002
          5478.16     -4.1071681E-002
          5489.45     -4.3188525E-002
          5500.74     -4.5401531E-002
          5512.03     -4.7714144E-002
          5523.32     -5.0129869E-002
          5534.61     -5.2652257E-002
          5545.90     -5.5284891E-002
          5557.19     -5.8031393E-002
          5568.48     -6.0895405E-002
          5579.77     -6.3880580E-002
          5591.05     -6.6990574E-002
          5602.34     -7.0229026E-002
          5613.63     -7.3599554E-002
          5624.92     -7.7105738E-002
          5636.21     -8.0751088E-002
          5647.50     -8.4539048E-002
          5658.79     -8.8472959E-002
          5670.08     -9.2556041E-002
          5681.37     -9.6791371E-002
          5692.66     -1.0118184E-001
          5703.95     -1.0573016E-001
          5715.23     -1.1043877E-001
          5726.52     -1.1530987E-001
          5737.81     -1.2034533E-001
          5749.10     -1.2554667E-001
          5760.39     -1.3091501E-001
          5771.68     -1.3645102E-001
          5782.97     -1.4215486E-001
          5794.26     -1.4802614E-001
          5805.55     -1.5406382E-001
          5816.84     -1.6026619E-001
          5828.12     -1.6663075E-001
          5839.41     -1.7315416E-001
          5850.70     -1.7983214E-001
          5861.99     -1.8665938E-001
          5873.28     -1.9362944E-001
          5884.57     -2.0073463E-001
          5895.86     -2.0796593E-001
          5907.15     -2.1531281E-001
          5918.44     -2.2276316E-001
          5929.73     -2.3030307E-001
          5941.02     -2.3791674E-001
          5952.30     -2.4558631E-001
          5963.59     -2.5329162E-001
          5974.88     -2.6101008E-001
          5986.17     -2.6871645E-001
          5997.46     -2.7638261E-001
          6008.75     -2.8397734E-001
          6020.04     -2.9146607E-001
          6031.33     -2.9881057E-001
          6042.62     -3.0596875E-001
          6053.91     -3.1289424E-001
          6065.20     -3.1953617E-001
          6076.48     -3.2583877E-001
          6087.77     -3.3174098E-001
          6099.06     -3.3717609E-001
          6110.35     -3.4207130E-001
          6121.64     -3.4634727E-001
          6132.93     -3.4991763E-001
          6144.22     -3.5268846E-001
          6155.51     -3.5455779E-001
          6166.80     -3.5541496E-001
          6178.09     -3.5514002E-001
          6189.38     -3.5360309E-001
          6200.66     -3.5066363E-001
          6211.95     -3.4616970E-001
          6223.24     -3.3995717E-001
          6234.53     -3.3184890E-001
          6245.82     -3.2165380E-001
          6257.11     -3.0916589E-001
          6268.40     -2.9416332E-001
          6279.69     -2.7640725E-001
          6290.98     -2.5564072E-001
          6302.27     -2.3158748E-001
          6313.55     -2.0395061E-001
          6324.84     -1.7241131E-001
          6336.13     -1.3662729E-001
          6347.42     -9.6231291E-002
          6358.71     -5.0829573E-002
          6370.00      0.0000000E+000
