          3480.00      1.9160744E-034
          3491.29     -7.6553264E-010
          3502.58     -1.5313931E-009
          3513.87     -2.2992132E-009
          3525.16     -3.0706004E-009
          3536.45     -3.8471454E-009
          3547.73     -4.6304238E-009
          3559.02     -5.4219974E-009
          3570.31     -6.2234218E-009
          3581.60     -7.0362468E-009
          3592.89     -7.8620201E-009
          3604.18     -8.7022658E-009
          3615.47     -9.5584804E-009
          3626.76     -1.0432205E-008
          3638.05     -1.1324989E-008
          3649.34     -1.2238392E-008
          3660.62     -1.3173990E-008
          3671.91     -1.4133373E-008
          3683.20     -1.5118152E-008
          3694.49     -1.6129958E-008
          3705.78     -1.7170444E-008
          3717.07     -1.8241292E-008
          3728.36     -1.9344211E-008
          3739.65     -2.0480937E-008
          3750.94     -2.1653243E-008
          3762.23     -2.2862933E-008
          3773.52     -2.4111850E-008
          3784.80     -2.5401875E-008
          3796.09     -2.6734929E-008
          3807.38     -2.8113010E-008
          3818.67     -2.9538133E-008
          3829.96     -3.1012356E-008
          3841.25     -3.2537791E-008
          3852.54     -3.4116601E-008
          3863.83     -3.5751000E-008
          3875.12     -3.7443261E-008
          3886.41     -3.9195710E-008
          3897.70     -4.1010735E-008
          3908.98     -4.2890790E-008
          3920.27     -4.4838384E-008
          3931.56     -4.6856098E-008
          3942.85     -4.8946581E-008
          3954.14     -5.1112595E-008
          3965.43     -5.3356948E-008
          3976.72     -5.5682510E-008
          3988.01     -5.8092230E-008
          3999.30     -6.0589139E-008
          4010.59     -6.3176342E-008
          4021.88     -6.5857033E-008
          4033.16     -6.8634491E-008
          4044.45     -7.1512082E-008
          4055.74     -7.4493265E-008
          4067.03     -7.7581583E-008
          4078.32     -8.0780683E-008
          4089.61     -8.4094306E-008
          4100.90     -8.7526288E-008
          4112.19     -9.1080574E-008
          4123.48     -9.4761210E-008
          4134.77     -9.8572345E-008
          4146.05     -1.0251824E-007
          4157.34     -1.0660326E-007
          4168.63     -1.1083189E-007
          4179.92     -1.1520873E-007
          4191.21     -1.1973848E-007
          4202.50     -1.2442599E-007
          4213.79     -1.2927620E-007
          4225.08     -1.3429421E-007
          4236.37     -1.3948521E-007
          4247.66     -1.4485454E-007
          4258.95     -1.5040764E-007
          4270.23     -1.5615012E-007
          4281.52     -1.6208771E-007
          4292.81     -1.6822626E-007
          4304.10     -1.7457181E-007
          4315.39     -1.8113049E-007
          4326.68     -1.8790860E-007
          4337.97     -1.9491257E-007
          4349.26     -2.0214901E-007
          4360.55     -2.0962464E-007
          4371.84     -2.1734670E-007
          4383.12     -2.2532190E-007
          4394.41     -2.3355744E-007
          4405.70     -2.4206063E-007
          4416.99     -2.5083899E-007
          4428.28     -2.5990016E-007
          4439.57     -2.6925198E-007
          4450.86     -2.7890246E-007
          4462.15     -2.8885973E-007
          4473.44     -2.9913212E-007
          4484.73     -3.0972812E-007
          4496.02     -3.2065638E-007
          4507.30     -3.3192573E-007
          4518.59     -3.4354515E-007
          4529.88     -3.5552379E-007
          4541.17     -3.6787101E-007
          4552.46     -3.8059629E-007
          4563.75     -3.9370934E-007
          4575.04     -4.0722000E-007
          4586.33     -4.2113826E-007
          4597.62     -4.3547434E-007
          4608.91     -4.5023854E-007
          4620.20     -4.6544140E-007
          4631.48     -4.8109362E-007
          4642.77     -4.9720601E-007
          4654.06     -5.1378960E-007
          4665.35     -5.3085555E-007
          4676.64     -5.4841520E-007
          4687.93     -5.6648005E-007
          4699.22     -5.8506170E-007
          4710.51     -6.0417194E-007
          4721.80     -6.2382272E-007
          4733.09     -6.4402610E-007
          4744.38     -6.6479430E-007
          4755.66     -6.8613967E-007
          4766.95     -7.0807468E-007
          4778.24     -7.3061196E-007
          4789.53     -7.5376417E-007
          4800.82     -7.7754417E-007
          4812.11     -8.0196491E-007
          4823.40     -8.2703936E-007
          4834.69     -8.5278066E-007
          4845.98     -8.7920199E-007
          4857.27     -9.0631647E-007
          4868.55     -9.3413741E-007
          4879.84     -9.6267812E-007
          4891.13     -9.9195203E-007
          4902.42     -1.0219726E-006
          4913.71     -1.0527531E-006
          4925.00     -1.0843071E-006
          4936.29     -1.1166479E-006
          4947.58     -1.1497890E-006
          4958.87     -1.1837438E-006
          4970.16     -1.2185253E-006
          4981.45     -1.2541469E-006
          4992.73     -1.2906216E-006
          5004.02     -1.3279622E-006
          5015.31     -1.3661813E-006
          5026.60     -1.4052916E-006
          5037.89     -1.4453056E-006
          5049.18     -1.4862356E-006
          5060.47     -1.5280934E-006
          5071.76     -1.5708909E-006
          5083.05     -1.6146395E-006
          5094.34     -1.6593504E-006
          5105.62     -1.7050343E-006
          5116.91     -1.7517016E-006
          5128.20     -1.7993623E-006
          5139.49     -1.8480260E-006
          5150.78     -1.8977014E-006
          5162.07     -1.9483969E-006
          5173.36     -2.0001203E-006
          5184.65     -2.0528790E-006
          5195.94     -2.1066796E-006
          5207.23     -2.1615280E-006
          5218.52     -2.2174296E-006
          5229.80     -2.2743886E-006
          5241.09     -2.3324086E-006
          5252.38     -2.3914923E-006
          5263.67     -2.4516415E-006
          5274.96     -2.5128567E-006
          5286.25     -2.5751376E-006
          5297.54     -2.6384824E-006
          5308.83     -2.7028880E-006
          5320.12     -2.7683504E-006
          5331.41     -2.8348640E-006
          5342.70     -2.9024221E-006
          5353.98     -2.9710162E-006
          5365.27     -3.0406365E-006
          5376.56     -3.1112717E-006
          5387.85     -3.1829080E-006
          5399.14     -3.2555300E-006
          5410.43     -3.3291209E-006
          5421.72     -3.4036612E-006
          5433.01     -3.4791298E-006
          5444.30     -3.5555031E-006
          5455.59     -3.6327537E-006
          5466.88     -3.7108532E-006
          5478.16     -3.7897705E-006
          5489.45     -3.8694720E-006
          5500.74     -3.9499211E-006
          5512.03     -4.0310783E-006
          5523.32     -4.1129010E-006
          5534.61     -4.1953437E-006
          5545.90     -4.2783570E-006
          5557.19     -4.3618882E-006
          5568.48     -4.4458812E-006
          5579.77     -4.5302483E-006
          5591.05     -4.6149192E-006
          5602.34     -4.6998235E-006
          5613.63     -4.7848869E-006
          5624.92     -4.8700305E-006
          5636.21     -4.9551706E-006
          5647.50     -5.0402191E-006
          5658.79     -5.1250825E-006
          5670.08     -5.2096610E-006
          5681.37     -5.2936203E-006
          5692.66     -5.3768373E-006
          5703.95     -5.4591837E-006
          5715.23     -5.5405264E-006
          5726.52     -5.6207266E-006
          5737.81     -5.6996399E-006
          5749.10     -5.7771166E-006
          5760.39     -5.8530007E-006
          5771.68     -5.9271304E-006
          5782.97     -5.9993609E-006
          5794.26     -6.0697756E-006
          5805.55     -6.1382082E-006
          5816.84     -6.2044838E-006
          5828.12     -6.2684193E-006
          5839.41     -6.3298231E-006
          5850.70     -6.3884943E-006
          5861.99     -6.4442229E-006
          5873.28     -6.4967893E-006
          5884.57     -6.5459639E-006
          5895.86     -6.5915070E-006
          5907.15     -6.6331664E-006
          5918.44     -6.6705547E-006
          5929.73     -6.7033935E-006
          5941.02     -6.7313935E-006
          5952.30     -6.7542543E-006
          5963.59     -6.7716639E-006
          5974.88     -6.7832727E-006
          5986.17     -6.7887084E-006
          5997.46     -6.7876202E-006
          6008.75     -6.7796446E-006
          6020.04     -6.7644057E-006
          6031.33     -6.7416996E-006
          6042.62     -6.7111299E-006
          6053.91     -6.6722850E-006
          6065.20     -6.6247372E-006
          6076.48     -6.5681080E-006
          6087.77     -6.5019876E-006
          6099.06     -6.4259013E-006
          6110.35     -6.3393555E-006
          6121.64     -6.2417996E-006
          6132.93     -6.1324785E-006
          6144.22     -6.0108313E-006
          6155.51     -5.8763695E-006
          6166.80     -5.7285034E-006
          6178.09     -5.5668293E-006
          6189.38     -5.3907992E-006
          6200.66     -5.1997564E-006
          6211.95     -4.9930184E-006
          6223.24     -4.7698754E-006
          6234.53     -4.5295887E-006
          6245.82     -4.2713936E-006
          6257.11     -3.9944937E-006
          6268.40     -3.6980658E-006
          6279.69     -3.3812729E-006
          6290.98     -3.0432314E-006
          6302.27     -2.6830163E-006
          6313.55     -2.2996703E-006
          6324.84     -1.8922072E-006
          6336.13     -1.4596048E-006
          6347.42     -1.0007878E-006
          6358.71     -5.1464333E-007
          6370.00     -1.8115705E-039
