          3480.00      9.7870005E-030
          3491.29     -2.3705987E-005
          3502.58     -4.7379193E-005
          3513.87     -7.1078163E-005
          3525.16     -9.4860381E-005
          3536.45     -1.1878255E-004
          3547.73     -1.4290069E-004
          3559.02     -1.6727021E-004
          3570.31     -1.9194617E-004
          3581.60     -2.1698335E-004
          3592.89     -2.4243639E-004
          3604.18     -2.6835992E-004
          3615.47     -2.9480861E-004
          3626.76     -3.2183743E-004
          3638.05     -3.4950168E-004
          3649.34     -3.7785701E-004
          3660.62     -4.0695973E-004
          3671.91     -4.3686675E-004
          3683.20     -4.6763575E-004
          3694.49     -4.9932530E-004
          3705.78     -5.3199485E-004
          3717.07     -5.6570497E-004
          3728.36     -6.0051741E-004
          3739.65     -6.3649506E-004
          3750.94     -6.7370225E-004
          3762.23     -7.1220473E-004
          3773.52     -7.5206977E-004
          3784.80     -7.9336630E-004
          3796.09     -8.3616488E-004
          3807.38     -8.8053796E-004
          3818.67     -9.2655993E-004
          3829.96     -9.7430704E-004
          3841.25     -1.0238578E-003
          3852.54     -1.0752927E-003
          3863.83     -1.1286948E-003
          3875.12     -1.1841494E-003
          3886.41     -1.2417440E-003
          3897.70     -1.3015692E-003
          3908.98     -1.3637179E-003
          3920.27     -1.4282859E-003
          3931.56     -1.4953717E-003
          3942.85     -1.5650771E-003
          3954.14     -1.6375067E-003
          3965.43     -1.7127684E-003
          3976.72     -1.7909732E-003
          3988.01     -1.8722358E-003
          3999.30     -1.9566743E-003
          4010.59     -2.0444101E-003
          4021.88     -2.1355687E-003
          4033.16     -2.2302792E-003
          4044.45     -2.3286749E-003
          4055.74     -2.4308929E-003
          4067.03     -2.5370744E-003
          4078.32     -2.6473652E-003
          4089.61     -2.7619155E-003
          4100.90     -2.8808796E-003
          4112.19     -3.0044170E-003
          4123.48     -3.1326916E-003
          4134.77     -3.2658723E-003
          4146.05     -3.4041334E-003
          4157.34     -3.5476537E-003
          4168.63     -3.6966177E-003
          4179.92     -3.8512155E-003
          4191.21     -4.0116423E-003
          4202.50     -4.1780992E-003
          4213.79     -4.3507932E-003
          4225.08     -4.5299373E-003
          4236.37     -4.7157507E-003
          4247.66     -4.9084584E-003
          4258.95     -5.1082920E-003
          4270.23     -5.3154901E-003
          4281.52     -5.5302972E-003
          4292.81     -5.7529651E-003
          4304.10     -5.9837525E-003
          4315.39     -6.2229251E-003
          4326.68     -6.4707562E-003
          4337.97     -6.7275257E-003
          4349.26     -6.9935219E-003
          4360.55     -7.2690405E-003
          4371.84     -7.5543847E-003
          4383.12     -7.8498660E-003
          4394.41     -8.1558042E-003
          4405.70     -8.4725269E-003
          4416.99     -8.8003708E-003
          4428.28     -9.1396801E-003
          4439.57     -9.4908086E-003
          4450.86     -9.8541189E-003
          4462.15     -1.0229982E-002
          4473.44     -1.0618778E-002
          4484.73     -1.1020897E-002
          4496.02     -1.1436738E-002
          4507.30     -1.1866710E-002
          4518.59     -1.2311230E-002
          4529.88     -1.2770726E-002
          4541.17     -1.3245637E-002
          4552.46     -1.3736409E-002
          4563.75     -1.4243501E-002
          4575.04     -1.4767380E-002
          4586.33     -1.5308525E-002
          4597.62     -1.5867424E-002
          4608.91     -1.6444576E-002
          4620.20     -1.7040490E-002
          4631.48     -1.7655687E-002
          4642.77     -1.8290697E-002
          4654.06     -1.8946060E-002
          4665.35     -1.9622330E-002
          4676.64     -2.0320069E-002
          4687.93     -2.1039850E-002
          4699.22     -2.1782257E-002
          4710.51     -2.2547886E-002
          4721.80     -2.3337342E-002
          4733.09     -2.4151240E-002
          4744.38     -2.4990209E-002
          4755.66     -2.5854884E-002
          4766.95     -2.6745915E-002
          4778.24     -2.7663959E-002
          4789.53     -2.8609685E-002
          4800.82     -2.9583770E-002
          4812.11     -3.0586905E-002
          4823.40     -3.1619785E-002
          4834.69     -3.2683119E-002
          4845.98     -3.3777624E-002
          4857.27     -3.4904025E-002
          4868.55     -3.6063058E-002
          4879.84     -3.7255464E-002
          4891.13     -3.8481993E-002
          4902.42     -3.9743407E-002
          4913.71     -4.1040467E-002
          4925.00     -4.2373948E-002
          4936.29     -4.3744627E-002
          4947.58     -4.5153290E-002
          4958.87     -4.6600726E-002
          4970.16     -4.8087726E-002
          4981.45     -4.9615090E-002
          4992.73     -5.1183619E-002
          5004.02     -5.2794113E-002
          5015.31     -5.4447378E-002
          5026.60     -5.6144219E-002
          5037.89     -5.7885441E-002
          5049.18     -5.9671848E-002
          5060.47     -6.1504239E-002
          5071.76     -6.3383412E-002
          5083.05     -6.5310163E-002
          5094.34     -6.7285273E-002
          5105.62     -6.9309526E-002
          5116.91     -7.1383691E-002
          5128.20     -7.3508530E-002
          5139.49     -7.5684793E-002
          5150.78     -7.7913212E-002
          5162.07     -8.0194510E-002
          5173.36     -8.2529392E-002
          5184.65     -8.4918538E-002
          5195.94     -8.7362613E-002
          5207.23     -8.9862259E-002
          5218.52     -9.2418089E-002
          5229.80     -9.5030693E-002
          5241.09     -9.7700623E-002
          5252.38     -1.0042840E-001
          5263.67     -1.0321453E-001
          5274.96     -1.0605944E-001
          5286.25     -1.0896354E-001
          5297.54     -1.1192721E-001
          5308.83     -1.1495074E-001
          5320.12     -1.1803442E-001
          5331.41     -1.2117843E-001
          5342.70     -1.2438293E-001
          5353.98     -1.2764801E-001
          5365.27     -1.3097368E-001
          5376.56     -1.3435989E-001
          5387.85     -1.3780650E-001
          5399.14     -1.4131330E-001
          5410.43     -1.4488000E-001
          5421.72     -1.4850620E-001
          5433.01     -1.5219141E-001
          5444.30     -1.5593506E-001
          5455.59     -1.5973642E-001
          5466.88     -1.6359471E-001
          5478.16     -1.6750897E-001
          5489.45     -1.7147814E-001
          5500.74     -1.7550104E-001
          5512.03     -1.7957631E-001
          5523.32     -1.8370247E-001
          5534.61     -1.8787787E-001
          5545.90     -1.9210069E-001
          5557.19     -1.9636895E-001
          5568.48     -2.0068047E-001
          5579.77     -2.0503288E-001
          5591.05     -2.0942363E-001
          5602.34     -2.1384991E-001
          5613.63     -2.1830873E-001
          5624.92     -2.2279686E-001
          5636.21     -2.2731080E-001
          5647.50     -2.3184681E-001
          5658.79     -2.3640087E-001
          5670.08     -2.4096870E-001
          5681.37     -2.4554570E-001
          5692.66     -2.5012698E-001
          5703.95     -2.5470730E-001
          5715.23     -2.5928112E-001
          5726.52     -2.6384250E-001
          5737.81     -2.6838517E-001
          5749.10     -2.7290246E-001
          5760.39     -2.7738729E-001
          5771.68     -2.8183217E-001
          5782.97     -2.8622916E-001
          5794.26     -2.9056987E-001
          5805.55     -2.9484542E-001
          5816.84     -2.9904645E-001
          5828.12     -3.0316307E-001
          5839.41     -3.0718483E-001
          5850.70     -3.1110075E-001
          5861.99     -3.1489923E-001
          5873.28     -3.1856808E-001
          5884.57     -3.2209445E-001
          5895.86     -3.2546485E-001
          5907.15     -3.2866506E-001
          5918.44     -3.3168019E-001
          5929.73     -3.3449455E-001
          5941.02     -3.3709170E-001
          5952.30     -3.3945439E-001
          5963.59     -3.4156450E-001
          5974.88     -3.4340307E-001
          5986.17     -3.4495020E-001
          5997.46     -3.4618504E-001
          6008.75     -3.4708579E-001
          6020.04     -3.4762958E-001
          6031.33     -3.4779252E-001
          6042.62     -3.4754959E-001
          6053.91     -3.4687463E-001
          6065.20     -3.4574029E-001
          6076.48     -3.4411799E-001
          6087.77     -3.4197786E-001
          6099.06     -3.3928872E-001
          6110.35     -3.3601798E-001
          6121.64     -3.3213163E-001
          6132.93     -3.2759419E-001
          6144.22     -3.2236862E-001
          6155.51     -3.1641631E-001
          6166.80     -3.0969694E-001
          6178.09     -3.0216855E-001
          6189.38     -2.9378733E-001
          6200.66     -2.8450768E-001
          6211.95     -2.7428206E-001
          6223.24     -2.6306095E-001
          6234.53     -2.5079281E-001
          6245.82     -2.3742394E-001
          6257.11     -2.2289845E-001
          6268.40     -2.0715821E-001
          6279.69     -1.9014268E-001
          6290.98     -1.7178892E-001
          6302.27     -1.5203143E-001
          6313.55     -1.3080210E-001
          6324.84     -1.0803016E-001
          6336.13     -8.3641989E-002
          6347.42     -5.7561069E-002
          6358.71     -2.9707945E-002
          6370.00      1.8826674E-044
