          3480.00      1.0127843E-031
          3491.29     -5.4740754E-004
          3502.58     -1.0928255E-003
          3513.87     -1.6366751E-003
          3525.16     -2.1793666E-003
          3536.45     -2.7213026E-003
          3547.73     -3.2628770E-003
          3559.02     -3.8044740E-003
          3570.31     -4.3464715E-003
          3581.60     -4.8892395E-003
          3592.89     -5.4331411E-003
          3604.18     -5.9785332E-003
          3615.47     -6.5257650E-003
          3626.76     -7.0751812E-003
          3638.05     -7.6271210E-003
          3649.34     -8.1819165E-003
          3660.62     -8.7398968E-003
          3671.91     -9.3013852E-003
          3683.20     -9.8667009E-003
          3694.49     -1.0436159E-002
          3705.78     -1.1010070E-002
          3717.07     -1.1588741E-002
          3728.36     -1.2172477E-002
          3739.65     -1.2761576E-002
          3750.94     -1.3356336E-002
          3762.23     -1.3957052E-002
          3773.52     -1.4564014E-002
          3784.80     -1.5177513E-002
          3796.09     -1.5797833E-002
          3807.38     -1.6425259E-002
          3818.67     -1.7060074E-002
          3829.96     -1.7702556E-002
          3841.25     -1.8352985E-002
          3852.54     -1.9011635E-002
          3863.83     -1.9678783E-002
          3875.12     -2.0354701E-002
          3886.41     -2.1039659E-002
          3897.70     -2.1733930E-002
          3908.98     -2.2437781E-002
          3920.27     -2.3151481E-002
          3931.56     -2.3875295E-002
          3942.85     -2.4609489E-002
          3954.14     -2.5354328E-002
          3965.43     -2.6110076E-002
          3976.72     -2.6876995E-002
          3988.01     -2.7655345E-002
          3999.30     -2.8445390E-002
          4010.59     -2.9247388E-002
          4021.88     -3.0061599E-002
          4033.16     -3.0888281E-002
          4044.45     -3.1727691E-002
          4055.74     -3.2580089E-002
          4067.03     -3.3445729E-002
          4078.32     -3.4324866E-002
          4089.61     -3.5217758E-002
          4100.90     -3.6124655E-002
          4112.19     -3.7045812E-002
          4123.48     -3.7981482E-002
          4134.77     -3.8931916E-002
          4146.05     -3.9897367E-002
          4157.34     -4.0878082E-002
          4168.63     -4.1874310E-002
          4179.92     -4.2886302E-002
          4191.21     -4.3914302E-002
          4202.50     -4.4958557E-002
          4213.79     -4.6019312E-002
          4225.08     -4.7096811E-002
          4236.37     -4.8191296E-002
          4247.66     -4.9303006E-002
          4258.95     -5.0432182E-002
          4270.23     -5.1579063E-002
          4281.52     -5.2743883E-002
          4292.81     -5.3926878E-002
          4304.10     -5.5128280E-002
          4315.39     -5.6348319E-002
          4326.68     -5.7587227E-002
          4337.97     -5.8845226E-002
          4349.26     -6.0122542E-002
          4360.55     -6.1419397E-002
          4371.84     -6.2736010E-002
          4383.12     -6.4072596E-002
          4394.41     -6.5429370E-002
          4405.70     -6.6806541E-002
          4416.99     -6.8204319E-002
          4428.28     -6.9622903E-002
          4439.57     -7.1062497E-002
          4450.86     -7.2523297E-002
          4462.15     -7.4005493E-002
          4473.44     -7.5509274E-002
          4484.73     -7.7034825E-002
          4496.02     -7.8582325E-002
          4507.30     -8.0151950E-002
          4518.59     -8.1743867E-002
          4529.88     -8.3358240E-002
          4541.17     -8.4995232E-002
          4552.46     -8.6654990E-002
          4563.75     -8.8337664E-002
          4575.04     -9.0043395E-002
          4586.33     -9.1772317E-002
          4597.62     -9.3524558E-002
          4608.91     -9.5300236E-002
          4620.20     -9.7099464E-002
          4631.48     -9.8922350E-002
          4642.77     -1.0076899E-001
          4654.06     -1.0263946E-001
          4665.35     -1.0453386E-001
          4676.64     -1.0645225E-001
          4687.93     -1.0839470E-001
          4699.22     -1.1036124E-001
          4710.51     -1.1235194E-001
          4721.80     -1.1436681E-001
          4733.09     -1.1640587E-001
          4744.38     -1.1846914E-001
          4755.66     -1.2055661E-001
          4766.95     -1.2266826E-001
          4778.24     -1.2480407E-001
          4789.53     -1.2696399E-001
          4800.82     -1.2914797E-001
          4812.11     -1.3135595E-001
          4823.40     -1.3358782E-001
          4834.69     -1.3584351E-001
          4845.98     -1.3812288E-001
          4857.27     -1.4042582E-001
          4868.55     -1.4275217E-001
          4879.84     -1.4510177E-001
          4891.13     -1.4747444E-001
          4902.42     -1.4986997E-001
          4913.71     -1.5228815E-001
          4925.00     -1.5472873E-001
          4936.29     -1.5719146E-001
          4947.58     -1.5967606E-001
          4958.87     -1.6218222E-001
          4970.16     -1.6470962E-001
          4981.45     -1.6725792E-001
          4992.73     -1.6982673E-001
          5004.02     -1.7241567E-001
          5015.31     -1.7502432E-001
          5026.60     -1.7765222E-001
          5037.89     -1.8029891E-001
          5049.18     -1.8296389E-001
          5060.47     -1.8564663E-001
          5071.76     -1.8834657E-001
          5083.05     -1.9106312E-001
          5094.34     -1.9379567E-001
          5105.62     -1.9654356E-001
          5116.91     -1.9930611E-001
          5128.20     -2.0208261E-001
          5139.49     -2.0487232E-001
          5150.78     -2.0767443E-001
          5162.07     -2.1048813E-001
          5173.36     -2.1331256E-001
          5184.65     -2.1614682E-001
          5195.94     -2.1898998E-001
          5207.23     -2.2184105E-001
          5218.52     -2.2469902E-001
          5229.80     -2.2756283E-001
          5241.09     -2.3043137E-001
          5252.38     -2.3330348E-001
          5263.67     -2.3617797E-001
          5274.96     -2.3905359E-001
          5286.25     -2.4192905E-001
          5297.54     -2.4480301E-001
          5308.83     -2.4767407E-001
          5320.12     -2.5054077E-001
          5331.41     -2.5340163E-001
          5342.70     -2.5625507E-001
          5353.98     -2.5909949E-001
          5365.27     -2.6193321E-001
          5376.56     -2.6475450E-001
          5387.85     -2.6756157E-001
          5399.14     -2.7035255E-001
          5410.43     -2.7312553E-001
          5421.72     -2.7587851E-001
          5433.01     -2.7860945E-001
          5444.30     -2.8131622E-001
          5455.59     -2.8399662E-001
          5466.88     -2.8664838E-001
          5478.16     -2.8926917E-001
          5489.45     -2.9185656E-001
          5500.74     -2.9440806E-001
          5512.03     -2.9692108E-001
          5523.32     -2.9939298E-001
          5534.61     -3.0182100E-001
          5545.90     -3.0420232E-001
          5557.19     -3.0653403E-001
          5568.48     -3.0881311E-001
          5579.77     -3.1103646E-001
          5591.05     -3.1320091E-001
          5602.34     -3.1530315E-001
          5613.63     -3.1733980E-001
          5624.92     -3.1930737E-001
          5636.21     -3.2120227E-001
          5647.50     -3.2302081E-001
          5658.79     -3.2475918E-001
          5670.08     -3.2641346E-001
          5681.37     -3.2797963E-001
          5692.66     -3.2945355E-001
          5703.95     -3.3083095E-001
          5715.23     -3.3210746E-001
          5726.52     -3.3327857E-001
          5737.81     -3.3433965E-001
          5749.10     -3.3528594E-001
          5760.39     -3.3611255E-001
          5771.68     -3.3681446E-001
          5782.97     -3.3738651E-001
          5794.26     -3.3782339E-001
          5805.55     -3.3811967E-001
          5816.84     -3.3826974E-001
          5828.12     -3.3826787E-001
          5839.41     -3.3810816E-001
          5850.70     -3.3778457E-001
          5861.99     -3.3729088E-001
          5873.28     -3.3662072E-001
          5884.57     -3.3576757E-001
          5895.86     -3.3472470E-001
          5907.15     -3.3348524E-001
          5918.44     -3.3204213E-001
          5929.73     -3.3038814E-001
          5941.02     -3.2851584E-001
          5952.30     -3.2641762E-001
          5963.59     -3.2408568E-001
          5974.88     -3.2151203E-001
          5986.17     -3.1868846E-001
          5997.46     -3.1560658E-001
          6008.75     -3.1225777E-001
          6020.04     -3.0863322E-001
          6031.33     -3.0472389E-001
          6042.62     -3.0052050E-001
          6053.91     -2.9601359E-001
          6065.20     -2.9119344E-001
          6076.48     -2.8605009E-001
          6087.77     -2.8057336E-001
          6099.06     -2.7475282E-001
          6110.35     -2.6857778E-001
          6121.64     -2.6203731E-001
          6132.93     -2.5512021E-001
          6144.22     -2.4781503E-001
          6155.51     -2.4011004E-001
          6166.80     -2.3199323E-001
          6178.09     -2.2345234E-001
          6189.38     -2.1447478E-001
          6200.66     -2.0504771E-001
          6211.95     -1.9515797E-001
          6223.24     -1.8479210E-001
          6234.53     -1.7393635E-001
          6245.82     -1.6257664E-001
          6257.11     -1.5069856E-001
          6268.40     -1.3828741E-001
          6279.69     -1.2532813E-001
          6290.98     -1.1180532E-001
          6302.27     -9.7703250E-002
          6313.55     -8.3005818E-002
          6324.84     -6.7696605E-002
          6336.13     -5.1758788E-002
          6347.42     -3.5175173E-002
          6358.71     -1.7928230E-002
          6370.00      1.2930153E-034
