          3480.00      8.5814258E-032
          3491.29     -3.6453568E-004
          3502.58     -7.2785756E-004
          3513.87     -1.0903121E-003
          3525.16     -1.4522371E-003
          3536.45     -1.8139643E-003
          3547.73     -2.1758186E-003
          3559.02     -2.5381177E-003
          3570.31     -2.9011746E-003
          3581.60     -3.2652960E-003
          3592.89     -3.6307839E-003
          3604.18     -3.9979356E-003
          3615.47     -4.3670430E-003
          3626.76     -4.7383948E-003
          3638.05     -5.1122759E-003
          3649.34     -5.4889665E-003
          3660.62     -5.8687446E-003
          3671.91     -6.2518849E-003
          3683.20     -6.6386592E-003
          3694.49     -7.0293372E-003
          3705.78     -7.4241850E-003
          3717.07     -7.8234680E-003
          3728.36     -8.2274493E-003
          3739.65     -8.6363895E-003
          3750.94     -9.0505487E-003
          3762.23     -9.4701854E-003
          3773.52     -9.8955566E-003
          3784.80     -1.0326919E-002
          3796.09     -1.0764527E-002
          3807.38     -1.1208636E-002
          3818.67     -1.1659500E-002
          3829.96     -1.2117373E-002
          3841.25     -1.2582507E-002
          3852.54     -1.3055157E-002
          3863.83     -1.3535574E-002
          3875.12     -1.4024013E-002
          3886.41     -1.4520727E-002
          3897.70     -1.5025968E-002
          3908.98     -1.5539991E-002
          3920.27     -1.6063050E-002
          3931.56     -1.6595400E-002
          3942.85     -1.7137295E-002
          3954.14     -1.7688992E-002
          3965.43     -1.8250748E-002
          3976.72     -1.8822819E-002
          3988.01     -1.9405463E-002
          3999.30     -1.9998941E-002
          4010.59     -2.0603510E-002
          4021.88     -2.1219432E-002
          4033.16     -2.1846968E-002
          4044.45     -2.2486381E-002
          4055.74     -2.3137936E-002
          4067.03     -2.3801896E-002
          4078.32     -2.4478527E-002
          4089.61     -2.5168096E-002
          4100.90     -2.5870870E-002
          4112.19     -2.6587119E-002
          4123.48     -2.7317113E-002
          4134.77     -2.8061121E-002
          4146.05     -2.8819418E-002
          4157.34     -2.9592274E-002
          4168.63     -3.0379964E-002
          4179.92     -3.1182764E-002
          4191.21     -3.2000948E-002
          4202.50     -3.2834794E-002
          4213.79     -3.3684580E-002
          4225.08     -3.4550582E-002
          4236.37     -3.5433082E-002
          4247.66     -3.6332358E-002
          4258.95     -3.7248691E-002
          4270.23     -3.8182362E-002
          4281.52     -3.9133651E-002
          4292.81     -4.0102841E-002
          4304.10     -4.1090215E-002
          4315.39     -4.2096053E-002
          4326.68     -4.3120640E-002
          4337.97     -4.4164257E-002
          4349.26     -4.5227186E-002
          4360.55     -4.6309710E-002
          4371.84     -4.7412110E-002
          4383.12     -4.8534668E-002
          4394.41     -4.9677664E-002
          4405.70     -5.0841378E-002
          4416.99     -5.2026091E-002
          4428.28     -5.3232079E-002
          4439.57     -5.4459618E-002
          4450.86     -5.5708987E-002
          4462.15     -5.6980455E-002
          4473.44     -5.8274298E-002
          4484.73     -5.9590783E-002
          4496.02     -6.0930181E-002
          4507.30     -6.2292757E-002
          4518.59     -6.3678771E-002
          4529.88     -6.5088486E-002
          4541.17     -6.6522160E-002
          4552.46     -6.7980044E-002
          4563.75     -6.9462390E-002
          4575.04     -7.0969443E-002
          4586.33     -7.2501447E-002
          4597.62     -7.4058641E-002
          4608.91     -7.5641255E-002
          4620.20     -7.7249518E-002
          4631.48     -7.8883656E-002
          4642.77     -8.0543883E-002
          4654.06     -8.2230411E-002
          4665.35     -8.3943445E-002
          4676.64     -8.5683184E-002
          4687.93     -8.7449821E-002
          4699.22     -8.9243536E-002
          4710.51     -9.1064507E-002
          4721.80     -9.2912903E-002
          4733.09     -9.4788880E-002
          4744.38     -9.6692589E-002
          4755.66     -9.8624170E-002
          4766.95     -1.0058375E-001
          4778.24     -1.0257146E-001
          4789.53     -1.0458740E-001
          4800.82     -1.0663167E-001
          4812.11     -1.0870435E-001
          4823.40     -1.1080551E-001
          4834.69     -1.1293522E-001
          4845.98     -1.1509351E-001
          4857.27     -1.1728043E-001
          4868.55     -1.1949599E-001
          4879.84     -1.2174018E-001
          4891.13     -1.2401299E-001
          4902.42     -1.2631440E-001
          4913.71     -1.2864434E-001
          4925.00     -1.3100275E-001
          4936.29     -1.3338954E-001
          4947.58     -1.3580461E-001
          4958.87     -1.3824782E-001
          4970.16     -1.4071903E-001
          4981.45     -1.4321807E-001
          4992.73     -1.4574474E-001
          5004.02     -1.4829882E-001
          5015.31     -1.5088007E-001
          5026.60     -1.5348822E-001
          5037.89     -1.5612297E-001
          5049.18     -1.5878402E-001
          5060.47     -1.6147099E-001
          5071.76     -1.6418352E-001
          5083.05     -1.6692119E-001
          5094.34     -1.6968355E-001
          5105.62     -1.7247014E-001
          5116.91     -1.7528045E-001
          5128.20     -1.7811392E-001
          5139.49     -1.8096999E-001
          5150.78     -1.8384803E-001
          5162.07     -1.8674739E-001
          5173.36     -1.8966738E-001
          5184.65     -1.9260725E-001
          5195.94     -1.9556624E-001
          5207.23     -1.9854351E-001
          5218.52     -2.0153820E-001
          5229.80     -2.0454940E-001
          5241.09     -2.0757614E-001
          5252.38     -2.1061742E-001
          5263.67     -2.1367218E-001
          5274.96     -2.1673929E-001
          5286.25     -2.1981759E-001
          5297.54     -2.2290586E-001
          5308.83     -2.2600281E-001
          5320.12     -2.2910711E-001
          5331.41     -2.3221735E-001
          5342.70     -2.3533206E-001
          5353.98     -2.3844973E-001
          5365.27     -2.4156875E-001
          5376.56     -2.4468745E-001
          5387.85     -2.4780412E-001
          5399.14     -2.5091692E-001
          5410.43     -2.5402400E-001
          5421.72     -2.5712339E-001
          5433.01     -2.6021305E-001
          5444.30     -2.6329086E-001
          5455.59     -2.6635463E-001
          5466.88     -2.6940206E-001
          5478.16     -2.7243079E-001
          5489.45     -2.7543835E-001
          5500.74     -2.7842218E-001
          5512.03     -2.8137962E-001
          5523.32     -2.8430794E-001
          5534.61     -2.8720427E-001
          5545.90     -2.9006566E-001
          5557.19     -2.9288904E-001
          5568.48     -2.9567126E-001
          5579.77     -2.9840902E-001
          5591.05     -3.0109893E-001
          5602.34     -3.0373748E-001
          5613.63     -3.0632103E-001
          5624.92     -3.0884581E-001
          5636.21     -3.1130795E-001
          5647.50     -3.1370342E-001
          5658.79     -3.1602808E-001
          5670.08     -3.1827763E-001
          5681.37     -3.2044764E-001
          5692.66     -3.2253354E-001
          5703.95     -3.2453061E-001
          5715.23     -3.2643397E-001
          5726.52     -3.2823859E-001
          5737.81     -3.2993928E-001
          5749.10     -3.3153069E-001
          5760.39     -3.3300730E-001
          5771.68     -3.3436341E-001
          5782.97     -3.3559315E-001
          5794.26     -3.3669048E-001
          5805.55     -3.3764915E-001
          5816.84     -3.3846276E-001
          5828.12     -3.3912467E-001
          5839.41     -3.3962808E-001
          5850.70     -3.3996596E-001
          5861.99     -3.4013109E-001
          5873.28     -3.4011603E-001
          5884.57     -3.3991311E-001
          5895.86     -3.3951445E-001
          5907.15     -3.3891196E-001
          5918.44     -3.3809727E-001
          5929.73     -3.3706180E-001
          5941.02     -3.3579673E-001
          5952.30     -3.3429297E-001
          5963.59     -3.3254118E-001
          5974.88     -3.3053177E-001
          5986.17     -3.2825487E-001
          5997.46     -3.2570033E-001
          6008.75     -3.2285773E-001
          6020.04     -3.1971635E-001
          6031.33     -3.1626518E-001
          6042.62     -3.1249292E-001
          6053.91     -3.0838796E-001
          6065.20     -3.0393836E-001
          6076.48     -2.9913186E-001
          6087.77     -2.9395590E-001
          6099.06     -2.8839754E-001
          6110.35     -2.8244354E-001
          6121.64     -2.7608027E-001
          6132.93     -2.6929376E-001
          6144.22     -2.6206969E-001
          6155.51     -2.5439332E-001
          6166.80     -2.4624956E-001
          6178.09     -2.3762293E-001
          6189.38     -2.2849754E-001
          6200.66     -2.1885709E-001
          6211.95     -2.0868485E-001
          6223.24     -1.9796368E-001
          6234.53     -1.8667601E-001
          6245.82     -1.7480382E-001
          6257.11     -1.6232860E-001
          6268.40     -1.4923144E-001
          6279.69     -1.3549290E-001
          6290.98     -1.2109309E-001
          6302.27     -1.0601160E-001
          6313.55     -9.0227516E-002
          6324.84     -7.3719440E-002
          6336.13     -5.6465413E-002
          6347.42     -3.8442934E-002
          6358.71     -1.9629000E-002
          6370.00      1.4095086E-034
