          3480.00     -1.5138041E-033
          3491.29     -2.8583275E-003
          3502.58     -5.6976433E-003
          3513.87     -8.5183076E-003
          3525.16     -1.1320663E-002
          3536.45     -1.4105049E-002
          3547.73     -1.6871795E-002
          3559.02     -1.9621213E-002
          3570.31     -2.2353612E-002
          3581.60     -2.5069292E-002
          3592.89     -2.7768540E-002
          3604.18     -3.0451637E-002
          3615.47     -3.3118851E-002
          3626.76     -3.5770445E-002
          3638.05     -3.8406674E-002
          3649.34     -4.1027778E-002
          3660.62     -4.3633997E-002
          3671.91     -4.6225558E-002
          3683.20     -4.8802683E-002
          3694.49     -5.1365585E-002
          3705.78     -5.3914465E-002
          3717.07     -5.6449522E-002
          3728.36     -5.8970950E-002
          3739.65     -6.1478925E-002
          3750.94     -6.3973625E-002
          3762.23     -6.6455219E-002
          3773.52     -6.8923868E-002
          3784.80     -7.1379729E-002
          3796.09     -7.3822945E-002
          3807.38     -7.6253659E-002
          3818.67     -7.8672008E-002
          3829.96     -8.1078116E-002
          3841.25     -8.3472107E-002
          3852.54     -8.5854097E-002
          3863.83     -8.8224194E-002
          3875.12     -9.0582504E-002
          3886.41     -9.2929121E-002
          3897.70     -9.5264137E-002
          3908.98     -9.7587639E-002
          3920.27     -9.9899705E-002
          3931.56     -1.0220041E-001
          3942.85     -1.0448982E-001
          3954.14     -1.0676800E-001
          3965.43     -1.0903501E-001
          3976.72     -1.1129089E-001
          3988.01     -1.1353570E-001
          3999.30     -1.1576948E-001
          4010.59     -1.1799226E-001
          4021.88     -1.2020407E-001
          4033.16     -1.2240493E-001
          4044.45     -1.2459487E-001
          4055.74     -1.2677391E-001
          4067.03     -1.2894204E-001
          4078.32     -1.3109928E-001
          4089.61     -1.3324563E-001
          4100.90     -1.3538107E-001
          4112.19     -1.3750561E-001
          4123.48     -1.3961922E-001
          4134.77     -1.4172189E-001
          4146.05     -1.4381359E-001
          4157.34     -1.4589428E-001
          4168.63     -1.4796395E-001
          4179.92     -1.5002255E-001
          4191.21     -1.5207003E-001
          4202.50     -1.5410634E-001
          4213.79     -1.5613144E-001
          4225.08     -1.5814527E-001
          4236.37     -1.6014776E-001
          4247.66     -1.6213884E-001
          4258.95     -1.6411846E-001
          4270.23     -1.6608652E-001
          4281.52     -1.6804295E-001
          4292.81     -1.6998766E-001
          4304.10     -1.7192057E-001
          4315.39     -1.7384157E-001
          4326.68     -1.7575058E-001
          4337.97     -1.7764749E-001
          4349.26     -1.7953219E-001
          4360.55     -1.8140457E-001
          4371.84     -1.8326451E-001
          4383.12     -1.8511189E-001
          4394.41     -1.8694658E-001
          4405.70     -1.8876846E-001
          4416.99     -1.9057740E-001
          4428.28     -1.9237325E-001
          4439.57     -1.9415587E-001
          4450.86     -1.9592511E-001
          4462.15     -1.9768082E-001
          4473.44     -1.9942284E-001
          4484.73     -2.0115102E-001
          4496.02     -2.0286518E-001
          4507.30     -2.0456516E-001
          4518.59     -2.0625079E-001
          4529.88     -2.0792188E-001
          4541.17     -2.0957825E-001
          4552.46     -2.1121972E-001
          4563.75     -2.1284609E-001
          4575.04     -2.1445716E-001
          4586.33     -2.1605274E-001
          4597.62     -2.1763262E-001
          4608.91     -2.1919658E-001
          4620.20     -2.2074442E-001
          4631.48     -2.2227592E-001
          4642.77     -2.2379085E-001
          4654.06     -2.2528898E-001
          4665.35     -2.2677008E-001
          4676.64     -2.2823391E-001
          4687.93     -2.2968024E-001
          4699.22     -2.3110881E-001
          4710.51     -2.3251938E-001
          4721.80     -2.3391168E-001
          4733.09     -2.3528546E-001
          4744.38     -2.3664046E-001
          4755.66     -2.3797640E-001
          4766.95     -2.3929301E-001
          4778.24     -2.4059001E-001
          4789.53     -2.4186711E-001
          4800.82     -2.4312403E-001
          4812.11     -2.4436048E-001
          4823.40     -2.4557616E-001
          4834.69     -2.4677076E-001
          4845.98     -2.4794397E-001
          4857.27     -2.4909549E-001
          4868.55     -2.5022500E-001
          4879.84     -2.5133217E-001
          4891.13     -2.5241668E-001
          4902.42     -2.5347820E-001
          4913.71     -2.5451638E-001
          4925.00     -2.5553089E-001
          4936.29     -2.5652138E-001
          4947.58     -2.5748750E-001
          4958.87     -2.5842889E-001
          4970.16     -2.5934518E-001
          4981.45     -2.6023602E-001
          4992.73     -2.6110103E-001
          5004.02     -2.6193983E-001
          5015.31     -2.6275204E-001
          5026.60     -2.6353727E-001
          5037.89     -2.6429513E-001
          5049.18     -2.6502523E-001
          5060.47     -2.6572715E-001
          5071.76     -2.6640048E-001
          5083.05     -2.6704483E-001
          5094.34     -2.6765975E-001
          5105.62     -2.6824484E-001
          5116.91     -2.6879966E-001
          5128.20     -2.6932377E-001
          5139.49     -2.6981674E-001
          5150.78     -2.7027811E-001
          5162.07     -2.7070744E-001
          5173.36     -2.7110426E-001
          5184.65     -2.7146812E-001
          5195.94     -2.7179854E-001
          5207.23     -2.7209505E-001
          5218.52     -2.7235717E-001
          5229.80     -2.7258441E-001
          5241.09     -2.7277629E-001
          5252.38     -2.7293230E-001
          5263.67     -2.7305194E-001
          5274.96     -2.7313470E-001
          5286.25     -2.7318007E-001
          5297.54     -2.7318752E-001
          5308.83     -2.7315653E-001
          5320.12     -2.7308656E-001
          5331.41     -2.7297708E-001
          5342.70     -2.7282755E-001
          5353.98     -2.7263740E-001
          5365.27     -2.7240608E-001
          5376.56     -2.7213303E-001
          5387.85     -2.7181768E-001
          5399.14     -2.7145945E-001
          5410.43     -2.7105777E-001
          5421.72     -2.7061203E-001
          5433.01     -2.7012166E-001
          5444.30     -2.6958603E-001
          5455.59     -2.6900456E-001
          5466.88     -2.6837662E-001
          5478.16     -2.6770159E-001
          5489.45     -2.6697885E-001
          5500.74     -2.6620776E-001
          5512.03     -2.6538768E-001
          5523.32     -2.6451796E-001
          5534.61     -2.6359796E-001
          5545.90     -2.6262700E-001
          5557.19     -2.6160442E-001
          5568.48     -2.6052956E-001
          5579.77     -2.5940172E-001
          5591.05     -2.5822021E-001
          5602.34     -2.5698435E-001
          5613.63     -2.5569344E-001
          5624.92     -2.5434675E-001
          5636.21     -2.5294358E-001
          5647.50     -2.5148320E-001
          5658.79     -2.4996489E-001
          5670.08     -2.4838790E-001
          5681.37     -2.4675149E-001
          5692.66     -2.4505491E-001
          5703.95     -2.4329740E-001
          5715.23     -2.4147818E-001
          5726.52     -2.3959650E-001
          5737.81     -2.3765156E-001
          5749.10     -2.3564258E-001
          5760.39     -2.3356875E-001
          5771.68     -2.3142928E-001
          5782.97     -2.2922336E-001
          5794.26     -2.2695015E-001
          5805.55     -2.2460884E-001
          5816.84     -2.2219860E-001
          5828.12     -2.1971856E-001
          5839.41     -2.1716790E-001
          5850.70     -2.1454574E-001
          5861.99     -2.1185122E-001
          5873.28     -2.0908346E-001
          5884.57     -2.0624159E-001
          5895.86     -2.0332470E-001
          5907.15     -2.0033191E-001
          5918.44     -1.9726230E-001
          5929.73     -1.9411496E-001
          5941.02     -1.9088896E-001
          5952.30     -1.8758337E-001
          5963.59     -1.8419725E-001
          5974.88     -1.8072965E-001
          5986.17     -1.7717961E-001
          5997.46     -1.7354617E-001
          6008.75     -1.6982836E-001
          6020.04     -1.6602517E-001
          6031.33     -1.6213564E-001
          6042.62     -1.5815874E-001
          6053.91     -1.5409348E-001
          6065.20     -1.4993883E-001
          6076.48     -1.4569376E-001
          6087.77     -1.4135725E-001
          6099.06     -1.3692824E-001
          6110.35     -1.3240568E-001
          6121.64     -1.2778851E-001
          6132.93     -1.2307564E-001
          6144.22     -1.1826600E-001
          6155.51     -1.1335850E-001
          6166.80     -1.0835203E-001
          6178.09     -1.0324549E-001
          6189.38     -9.8037758E-002
          6200.66     -9.2727699E-002
          6211.95     -8.7314176E-002
          6223.24     -8.1796036E-002
          6234.53     -7.6172129E-002
          6245.82     -7.0441284E-002
          6257.11     -6.4602316E-002
          6268.40     -5.8654049E-002
          6279.69     -5.2595280E-002
          6290.98     -4.6424800E-002
          6302.27     -4.0141393E-002
          6313.55     -3.3743826E-002
          6324.84     -2.7230871E-002
          6336.13     -2.0601274E-002
          6347.42     -1.3853773E-002
          6358.71     -6.9871098E-003
          6370.00     -6.8498734E-037
