          3480.00     -6.3943320E-029
          3491.29     -1.1657471E-006
          3502.58     -2.3327708E-006
          3513.87     -3.5065961E-006
          3525.16     -4.6926805E-006
          3536.45     -5.8964464E-006
          3547.73     -7.1233040E-006
          3559.02     -8.3786729E-006
          3570.31     -9.6680124E-006
          3581.60     -1.0996841E-005
          3592.89     -1.2370761E-005
          3604.18     -1.3795481E-005
          3615.47     -1.5276835E-005
          3626.76     -1.6820812E-005
          3638.05     -1.8433572E-005
          3649.34     -2.0121470E-005
          3660.62     -2.1891078E-005
          3671.91     -2.3749212E-005
          3683.20     -2.5702948E-005
          3694.49     -2.7759652E-005
          3705.78     -2.9926995E-005
          3717.07     -3.2212987E-005
          3728.36     -3.4626000E-005
          3739.65     -3.7174783E-005
          3750.94     -3.9868505E-005
          3762.23     -4.2716768E-005
          3773.52     -4.5729645E-005
          3784.80     -4.8917704E-005
          3796.09     -5.2292032E-005
          3807.38     -5.5864280E-005
          3818.67     -5.9646688E-005
          3829.96     -6.3652111E-005
          3841.25     -6.7894066E-005
          3852.54     -7.2386765E-005
          3863.83     -7.7145147E-005
          3875.12     -8.2184926E-005
          3886.41     -8.7522615E-005
          3897.70     -9.3175592E-005
          3908.98     -9.9162131E-005
          3920.27     -1.0550143E-004
          3931.56     -1.1221371E-004
          3942.85     -1.1932021E-004
          3954.14     -1.2684327E-004
          3965.43     -1.3480637E-004
          3976.72     -1.4323419E-004
          3988.01     -1.5215269E-004
          3999.30     -1.6158915E-004
          4010.59     -1.7157222E-004
          4021.88     -1.8213201E-004
          4033.16     -1.9330016E-004
          4044.45     -2.0510991E-004
          4055.74     -2.1759616E-004
          4067.03     -2.3079555E-004
          4078.32     -2.4474657E-004
          4089.61     -2.5948963E-004
          4100.90     -2.7506709E-004
          4112.19     -2.9152347E-004
          4123.48     -3.0890544E-004
          4134.77     -3.2726198E-004
          4146.05     -3.4664445E-004
          4157.34     -3.6710670E-004
          4168.63     -3.8870520E-004
          4179.92     -4.1149918E-004
          4191.21     -4.3555064E-004
          4202.50     -4.6092461E-004
          4213.79     -4.8768921E-004
          4225.08     -5.1591578E-004
          4236.37     -5.4567907E-004
          4247.66     -5.7705728E-004
          4258.95     -6.1013234E-004
          4270.23     -6.4499001E-004
          4281.52     -6.8171996E-004
          4292.81     -7.2041609E-004
          4304.10     -7.6117660E-004
          4315.39     -8.0410419E-004
          4326.68     -8.4930629E-004
          4337.97     -8.9689510E-004
          4349.26     -9.4698802E-004
          4360.55     -9.9970773E-004
          4371.84     -1.0551823E-003
          4383.12     -1.1135456E-003
          4394.41     -1.1749374E-003
          4405.70     -1.2395037E-003
          4416.99     -1.3073971E-003
          4428.28     -1.3787763E-003
          4439.57     -1.4538075E-003
          4450.86     -1.5326639E-003
          4462.15     -1.6155261E-003
          4473.44     -1.7025825E-003
          4484.73     -1.7940295E-003
          4496.02     -1.8900719E-003
          4507.30     -1.9909232E-003
          4518.59     -2.0968055E-003
          4529.88     -2.2079507E-003
          4541.17     -2.3246001E-003
          4552.46     -2.4470047E-003
          4563.75     -2.5754261E-003
          4575.04     -2.7101366E-003
          4586.33     -2.8514195E-003
          4597.62     -2.9995695E-003
          4608.91     -3.1548929E-003
          4620.20     -3.3177086E-003
          4631.48     -3.4883480E-003
          4642.77     -3.6671552E-003
          4654.06     -3.8544882E-003
          4665.35     -4.0507187E-003
          4676.64     -4.2562328E-003
          4687.93     -4.4714315E-003
          4699.22     -4.6967307E-003
          4710.51     -4.9325622E-003
          4721.80     -5.1793744E-003
          4733.09     -5.4376316E-003
          4744.38     -5.7078159E-003
          4755.66     -5.9904268E-003
          4766.95     -6.2859821E-003
          4778.24     -6.5950186E-003
          4789.53     -6.9180912E-003
          4800.82     -7.2557757E-003
          4812.11     -7.6086680E-003
          4823.40     -7.9773839E-003
          4834.69     -8.3625614E-003
          4845.98     -8.7648599E-003
          4857.27     -9.1849616E-003
          4868.55     -9.6235715E-003
          4879.84     -1.0081417E-002
          4891.13     -1.0559251E-002
          4902.42     -1.1057851E-002
          4913.71     -1.1578017E-002
          4925.00     -1.2120576E-002
          4936.29     -1.2686383E-002
          4947.58     -1.3276318E-002
          4958.87     -1.3891286E-002
          4970.16     -1.4532221E-002
          4981.45     -1.5200087E-002
          4992.73     -1.5895873E-002
          5004.02     -1.6620598E-002
          5015.31     -1.7375310E-002
          5026.60     -1.8161087E-002
          5037.89     -1.8979036E-002
          5049.18     -1.9830295E-002
          5060.47     -2.0716031E-002
          5071.76     -2.1637441E-002
          5083.05     -2.2595756E-002
          5094.34     -2.3592233E-002
          5105.62     -2.4628164E-002
          5116.91     -2.5704868E-002
          5128.20     -2.6823697E-002
          5139.49     -2.7986035E-002
          5150.78     -2.9193292E-002
          5162.07     -3.0446911E-002
          5173.36     -3.1748364E-002
          5184.65     -3.3099151E-002
          5195.94     -3.4500801E-002
          5207.23     -3.5954872E-002
          5218.52     -3.7462947E-002
          5229.80     -3.9026638E-002
          5241.09     -4.0647575E-002
          5252.38     -4.2327419E-002
          5263.67     -4.4067851E-002
          5274.96     -4.5870567E-002
          5286.25     -4.7737289E-002
          5297.54     -4.9669753E-002
          5308.83     -5.1669709E-002
          5320.12     -5.3738921E-002
          5331.41     -5.5879156E-002
          5342.70     -5.8092197E-002
          5353.98     -6.0379825E-002
          5365.27     -6.2743820E-002
          5376.56     -6.5185960E-002
          5387.85     -6.7708016E-002
          5399.14     -7.0311746E-002
          5410.43     -7.2998892E-002
          5421.72     -7.5771168E-002
          5433.01     -7.8630267E-002
          5444.30     -8.1577848E-002
          5455.59     -8.4615523E-002
          5466.88     -8.7744863E-002
          5478.16     -9.0967384E-002
          5489.45     -9.4284535E-002
          5500.74     -9.7697703E-002
          5512.03     -1.0120818E-001
          5523.32     -1.0481718E-001
          5534.61     -1.0852582E-001
          5545.90     -1.1233508E-001
          5557.19     -1.1624585E-001
          5568.48     -1.2025887E-001
          5579.77     -1.2437471E-001
          5591.05     -1.2859381E-001
          5602.34     -1.3291641E-001
          5613.63     -1.3734255E-001
          5624.92     -1.4187208E-001
          5636.21     -1.4650460E-001
          5647.50     -1.5123945E-001
          5658.79     -1.5607571E-001
          5670.08     -1.6101218E-001
          5681.37     -1.6604733E-001
          5692.66     -1.7117928E-001
          5703.95     -1.7640579E-001
          5715.23     -1.8172423E-001
          5726.52     -1.8713153E-001
          5737.81     -1.9262417E-001
          5749.10     -1.9819816E-001
          5760.39     -2.0384897E-001
          5771.68     -2.0957151E-001
          5782.97     -2.1536009E-001
          5794.26     -2.2120839E-001
          5805.55     -2.2710941E-001
          5816.84     -2.3305541E-001
          5828.12     -2.3903788E-001
          5839.41     -2.4504750E-001
          5850.70     -2.5107404E-001
          5861.99     -2.5710638E-001
          5873.28     -2.6313236E-001
          5884.57     -2.6913880E-001
          5895.86     -2.7511138E-001
          5907.15     -2.8103460E-001
          5918.44     -2.8689169E-001
          5929.73     -2.9266456E-001
          5941.02     -2.9833368E-001
          5952.30     -3.0387804E-001
          5963.59     -3.0927501E-001
          5974.88     -3.1450032E-001
          5986.17     -3.1952789E-001
          5997.46     -3.2432975E-001
          6008.75     -3.2887596E-001
          6020.04     -3.3313448E-001
          6031.33     -3.3707102E-001
          6042.62     -3.4064898E-001
          6053.91     -3.4382924E-001
          6065.20     -3.4657011E-001
          6076.48     -3.4882712E-001
          6087.77     -3.5055289E-001
          6099.06     -3.5169699E-001
          6110.35     -3.5220573E-001
          6121.64     -3.5202204E-001
          6132.93     -3.5108527E-001
          6144.22     -3.4933096E-001
          6155.51     -3.4669071E-001
          6166.80     -3.4309191E-001
          6178.09     -3.3845757E-001
          6189.38     -3.3270605E-001
          6200.66     -3.2575085E-001
          6211.95     -3.1750033E-001
          6223.24     -3.0785749E-001
          6234.53     -2.9671967E-001
          6245.82     -2.8397825E-001
          6257.11     -2.6951836E-001
          6268.40     -2.5321863E-001
          6279.69     -2.3495073E-001
          6290.98     -2.1457915E-001
          6302.27     -1.9196078E-001
          6313.55     -1.6694452E-001
          6324.84     -1.3937100E-001
          6336.13     -1.0907201E-001
          6347.42     -7.5870172E-002
          6358.71     -3.9578540E-002
          6370.00      1.4120064E-034
