          3480.00      2.6357164E-032
          3491.29     -1.1486025E-003
          3502.58     -2.2922792E-003
          3513.87     -3.4315703E-003
          3525.16     -4.5669998E-003
          3536.45     -5.6990817E-003
          3547.73     -6.8283176E-003
          3559.02     -7.9551939E-003
          3570.31     -9.0801886E-003
          3581.60     -1.0203767E-002
          3592.89     -1.1326385E-002
          3604.18     -1.2448488E-002
          3615.47     -1.3570508E-002
          3626.76     -1.4692870E-002
          3638.05     -1.5815992E-002
          3649.34     -1.6940278E-002
          3660.62     -1.8066126E-002
          3671.91     -1.9193925E-002
          3683.20     -2.0324056E-002
          3694.49     -2.1456893E-002
          3705.78     -2.2592800E-002
          3717.07     -2.3732134E-002
          3728.36     -2.4875248E-002
          3739.65     -2.6022482E-002
          3750.94     -2.7174174E-002
          3762.23     -2.8330654E-002
          3773.52     -2.9492246E-002
          3784.80     -3.0659267E-002
          3796.09     -3.1832026E-002
          3807.38     -3.3010829E-002
          3818.67     -3.4195976E-002
          3829.96     -3.5387759E-002
          3841.25     -3.6586465E-002
          3852.54     -3.7792378E-002
          3863.83     -3.9005774E-002
          3875.12     -4.0226926E-002
          3886.41     -4.1456098E-002
          3897.70     -4.2693552E-002
          3908.98     -4.3939546E-002
          3920.27     -4.5194330E-002
          3931.56     -4.6458149E-002
          3942.85     -4.7731247E-002
          3954.14     -4.9013860E-002
          3965.43     -5.0306222E-002
          3976.72     -5.1608558E-002
          3988.01     -5.2921092E-002
          3999.30     -5.4244044E-002
          4010.59     -5.5577625E-002
          4021.88     -5.6922046E-002
          4033.16     -5.8277511E-002
          4044.45     -5.9644222E-002
          4055.74     -6.1022374E-002
          4067.03     -6.2412158E-002
          4078.32     -6.3813760E-002
          4089.61     -6.5227364E-002
          4100.90     -6.6653146E-002
          4112.19     -6.8091280E-002
          4123.48     -6.9541934E-002
          4134.77     -7.1005273E-002
          4146.05     -7.2481458E-002
          4157.34     -7.3970639E-002
          4168.63     -7.5472969E-002
          4179.92     -7.6988594E-002
          4191.21     -7.8517651E-002
          4202.50     -8.0060278E-002
          4213.79     -8.1616605E-002
          4225.08     -8.3186757E-002
          4236.37     -8.4770856E-002
          4247.66     -8.6369015E-002
          4258.95     -8.7981345E-002
          4270.23     -8.9607953E-002
          4281.52     -9.1248933E-002
          4292.81     -9.2904383E-002
          4304.10     -9.4574390E-002
          4315.39     -9.6259036E-002
          4326.68     -9.7958400E-002
          4337.97     -9.9672550E-002
          4349.26     -1.0140155E-001
          4360.55     -1.0314547E-001
          4371.84     -1.0490434E-001
          4383.12     -1.0667823E-001
          4394.41     -1.0846716E-001
          4405.70     -1.1027117E-001
          4416.99     -1.1209030E-001
          4428.28     -1.1392455E-001
          4439.57     -1.1577394E-001
          4450.86     -1.1763847E-001
          4462.15     -1.1951814E-001
          4473.44     -1.2141295E-001
          4484.73     -1.2332286E-001
          4496.02     -1.2524787E-001
          4507.30     -1.2718793E-001
          4518.59     -1.2914300E-001
          4529.88     -1.3111304E-001
          4541.17     -1.3309797E-001
          4552.46     -1.3509774E-001
          4563.75     -1.3711227E-001
          4575.04     -1.3914148E-001
          4586.33     -1.4118525E-001
          4597.62     -1.4324351E-001
          4608.91     -1.4531612E-001
          4620.20     -1.4740296E-001
          4631.48     -1.4950390E-001
          4642.77     -1.5161879E-001
          4654.06     -1.5374747E-001
          4665.35     -1.5588978E-001
          4676.64     -1.5804554E-001
          4687.93     -1.6021457E-001
          4699.22     -1.6239665E-001
          4710.51     -1.6459157E-001
          4721.80     -1.6679911E-001
          4733.09     -1.6901903E-001
          4744.38     -1.7125107E-001
          4755.66     -1.7349498E-001
          4766.95     -1.7575047E-001
          4778.24     -1.7801726E-001
          4789.53     -1.8029503E-001
          4800.82     -1.8258347E-001
          4812.11     -1.8488224E-001
          4823.40     -1.8719099E-001
          4834.69     -1.8950936E-001
          4845.98     -1.9183697E-001
          4857.27     -1.9417342E-001
          4868.55     -1.9651830E-001
          4879.84     -1.9887118E-001
          4891.13     -2.0123161E-001
          4902.42     -2.0359914E-001
          4913.71     -2.0597326E-001
          4925.00     -2.0835350E-001
          4936.29     -2.1073933E-001
          4947.58     -2.1313021E-001
          4958.87     -2.1552559E-001
          4970.16     -2.1792490E-001
          4981.45     -2.2032753E-001
          4992.73     -2.2273287E-001
          5004.02     -2.2514028E-001
          5015.31     -2.2754911E-001
          5026.60     -2.2995868E-001
          5037.89     -2.3236828E-001
          5049.18     -2.3477719E-001
          5060.47     -2.3718466E-001
          5071.76     -2.3958991E-001
          5083.05     -2.4199216E-001
          5094.34     -2.4439058E-001
          5105.62     -2.4678433E-001
          5116.91     -2.4917254E-001
          5128.20     -2.5155430E-001
          5139.49     -2.5392870E-001
          5150.78     -2.5629479E-001
          5162.07     -2.5865158E-001
          5173.36     -2.6099808E-001
          5184.65     -2.6333324E-001
          5195.94     -2.6565600E-001
          5207.23     -2.6796527E-001
          5218.52     -2.7025993E-001
          5229.80     -2.7253881E-001
          5241.09     -2.7480074E-001
          5252.38     -2.7704448E-001
          5263.67     -2.7926880E-001
          5274.96     -2.8147240E-001
          5286.25     -2.8365397E-001
          5297.54     -2.8581215E-001
          5308.83     -2.8794555E-001
          5320.12     -2.9005274E-001
          5331.41     -2.9213228E-001
          5342.70     -2.9418264E-001
          5353.98     -2.9620231E-001
          5365.27     -2.9818970E-001
          5376.56     -3.0014320E-001
          5387.85     -3.0206114E-001
          5399.14     -3.0394185E-001
          5410.43     -3.0578357E-001
          5421.72     -3.0758452E-001
          5433.01     -3.0934289E-001
          5444.30     -3.1105680E-001
          5455.59     -3.1272435E-001
          5466.88     -3.1434357E-001
          5478.16     -3.1591247E-001
          5489.45     -3.1742898E-001
          5500.74     -3.1889102E-001
          5512.03     -3.2029643E-001
          5523.32     -3.2164302E-001
          5534.61     -3.2292854E-001
          5545.90     -3.2415068E-001
          5557.19     -3.2530710E-001
          5568.48     -3.2639540E-001
          5579.77     -3.2741311E-001
          5591.05     -3.2835771E-001
          5602.34     -3.2922665E-001
          5613.63     -3.3001729E-001
          5624.92     -3.3072695E-001
          5636.21     -3.3135288E-001
          5647.50     -3.3189228E-001
          5658.79     -3.3234229E-001
          5670.08     -3.3269998E-001
          5681.37     -3.3296235E-001
          5692.66     -3.3312636E-001
          5703.95     -3.3318889E-001
          5715.23     -3.3314675E-001
          5726.52     -3.3299669E-001
          5737.81     -3.3273540E-001
          5749.10     -3.3235947E-001
          5760.39     -3.3186545E-001
          5771.68     -3.3124980E-001
          5782.97     -3.3050893E-001
          5794.26     -3.2963915E-001
          5805.55     -3.2863671E-001
          5816.84     -3.2749777E-001
          5828.12     -3.2621842E-001
          5839.41     -3.2479469E-001
          5850.70     -3.2322249E-001
          5861.99     -3.2149767E-001
          5873.28     -3.1961601E-001
          5884.57     -3.1757319E-001
          5895.86     -3.1536480E-001
          5907.15     -3.1298635E-001
          5918.44     -3.1043326E-001
          5929.73     -3.0770087E-001
          5941.02     -3.0478441E-001
          5952.30     -3.0167904E-001
          5963.59     -2.9837980E-001
          5974.88     -2.9488166E-001
          5986.17     -2.9117947E-001
          5997.46     -2.8726801E-001
          6008.75     -2.8314193E-001
          6020.04     -2.7879579E-001
          6031.33     -2.7422405E-001
          6042.62     -2.6942107E-001
          6053.91     -2.6438110E-001
          6065.20     -2.5909827E-001
          6076.48     -2.5356661E-001
          6087.77     -2.4778005E-001
          6099.06     -2.4173239E-001
          6110.35     -2.3541732E-001
          6121.64     -2.2882842E-001
          6132.93     -2.2195914E-001
          6144.22     -2.1480283E-001
          6155.51     -2.0735270E-001
          6166.80     -1.9960183E-001
          6178.09     -1.9154321E-001
          6189.38     -1.8316968E-001
          6200.66     -1.7447393E-001
          6211.95     -1.6544856E-001
          6223.24     -1.5608601E-001
          6234.53     -1.4637860E-001
          6245.82     -1.3631850E-001
          6257.11     -1.2589775E-001
          6268.40     -1.1510826E-001
          6279.69     -1.0394177E-001
          6290.98     -9.2389904E-002
          6302.27     -8.0444116E-002
          6313.55     -6.8095713E-002
          6324.84     -5.5335880E-002
          6336.13     -4.2155617E-002
          6347.42     -2.8545767E-002
          6358.71     -1.4497053E-002
          6370.00      0.0000000E+000
