          3480.00     -5.5167834E-035
          3491.29     -1.3100856E-009
          3502.58     -2.6202958E-009
          3513.87     -3.9330521E-009
          3525.16     -5.2507371E-009
          3536.45     -6.5757066E-009
          3547.73     -7.9102908E-009
          3559.02     -9.2567950E-009
          3570.31     -1.0617511E-008
          3581.60     -1.1994719E-008
          3592.89     -1.3390686E-008
          3604.18     -1.4807637E-008
          3615.47     -1.6247740E-008
          3626.76     -1.7713229E-008
          3638.05     -1.9206348E-008
          3649.34     -2.0729343E-008
          3660.62     -2.2284478E-008
          3671.91     -2.3874028E-008
          3683.20     -2.5500288E-008
          3694.49     -2.7165576E-008
          3705.78     -2.8872229E-008
          3717.07     -3.0622613E-008
          3728.36     -3.2419128E-008
          3739.65     -3.4264196E-008
          3750.94     -3.6160282E-008
          3762.23     -3.8109886E-008
          3773.52     -4.0115546E-008
          3784.80     -4.2179847E-008
          3796.09     -4.4305415E-008
          3807.38     -4.6494977E-008
          3818.67     -4.8751267E-008
          3829.96     -5.1077061E-008
          3841.25     -5.3475201E-008
          3852.54     -5.5948578E-008
          3863.83     -5.8500147E-008
          3875.12     -6.1132924E-008
          3886.41     -6.3849981E-008
          3897.70     -6.6654466E-008
          3908.98     -6.9549593E-008
          3920.27     -7.2538638E-008
          3931.56     -7.5624959E-008
          3942.85     -7.8811986E-008
          3954.14     -8.2103296E-008
          3965.43     -8.5502505E-008
          3976.72     -8.9013285E-008
          3988.01     -9.2639401E-008
          3999.30     -9.6384703E-008
          4010.59     -1.0025312E-007
          4021.88     -1.0424868E-007
          4033.16     -1.0837551E-007
          4044.45     -1.1263781E-007
          4055.74     -1.1703990E-007
          4067.03     -1.2158619E-007
          4078.32     -1.2628118E-007
          4089.61     -1.3112949E-007
          4100.90     -1.3613583E-007
          4112.19     -1.4130503E-007
          4123.48     -1.4664204E-007
          4134.77     -1.5215188E-007
          4146.05     -1.5783974E-007
          4157.34     -1.6371086E-007
          4168.63     -1.6977063E-007
          4179.92     -1.7602459E-007
          4191.21     -1.8247834E-007
          4202.50     -1.8913763E-007
          4213.79     -1.9600835E-007
          4225.08     -2.0309650E-007
          4236.37     -2.1040820E-007
          4247.66     -2.1794970E-007
          4258.95     -2.2572737E-007
          4270.23     -2.3374774E-007
          4281.52     -2.4201744E-007
          4292.81     -2.5054327E-007
          4304.10     -2.5933215E-007
          4315.39     -2.6839114E-007
          4326.68     -2.7772746E-007
          4337.97     -2.8734843E-007
          4349.26     -2.9726153E-007
          4360.55     -3.0747442E-007
          4371.84     -3.1799535E-007
          4383.12     -3.2883175E-007
          4394.41     -3.3999168E-007
          4405.70     -3.5148329E-007
          4416.99     -3.6331493E-007
          4428.28     -3.7549506E-007
          4439.57     -3.8803234E-007
          4450.86     -4.0093555E-007
          4462.15     -4.1421362E-007
          4473.44     -4.2787562E-007
          4484.73     -4.4193079E-007
          4496.02     -4.5638848E-007
          4507.30     -4.7125823E-007
          4518.59     -4.8654967E-007
          4529.88     -5.0227262E-007
          4541.17     -5.1843703E-007
          4552.46     -5.3505299E-007
          4563.75     -5.5213076E-007
          4575.04     -5.6968070E-007
          4586.33     -5.8771332E-007
          4597.62     -6.0623926E-007
          4608.91     -6.2526925E-007
          4620.20     -6.4481420E-007
          4631.48     -6.6488516E-007
          4642.77     -6.8549321E-007
          4654.06     -7.0664964E-007
          4665.35     -7.2836580E-007
          4676.64     -7.5065318E-007
          4687.93     -7.7352337E-007
          4699.22     -7.9698800E-007
          4710.51     -8.2105885E-007
          4721.80     -8.4574780E-007
          4733.09     -8.7106675E-007
          4744.38     -8.9702774E-007
          4755.66     -9.2364282E-007
          4766.95     -9.5092416E-007
          4778.24     -9.7888395E-007
          4789.53     -1.0075344E-006
          4800.82     -1.0368877E-006
          4812.11     -1.0669564E-006
          4823.40     -1.0977525E-006
          4834.69     -1.1292884E-006
          4845.98     -1.1615764E-006
          4857.27     -1.1946287E-006
          4868.55     -1.2284573E-006
          4879.84     -1.2630745E-006
          4891.13     -1.2984925E-006
          4902.42     -1.3347232E-006
          4913.71     -1.3717785E-006
          4925.00     -1.4096703E-006
          4936.29     -1.4484104E-006
          4947.58     -1.4880103E-006
          4958.87     -1.5284814E-006
          4970.16     -1.5698349E-006
          4981.45     -1.6120819E-006
          4992.73     -1.6552331E-006
          5004.02     -1.6992988E-006
          5015.31     -1.7442890E-006
          5026.60     -1.7902138E-006
          5037.89     -1.8370828E-006
          5049.18     -1.8849052E-006
          5060.47     -1.9336900E-006
          5071.76     -1.9834456E-006
          5083.05     -2.0341802E-006
          5094.34     -2.0859012E-006
          5105.62     -2.1386158E-006
          5116.91     -2.1923305E-006
          5128.20     -2.2470513E-006
          5139.49     -2.3027836E-006
          5150.78     -2.3595318E-006
          5162.07     -2.4172995E-006
          5173.36     -2.4760901E-006
          5184.65     -2.5359061E-006
          5195.94     -2.5967490E-006
          5207.23     -2.6586197E-006
          5218.52     -2.7215181E-006
          5229.80     -2.7854431E-006
          5241.09     -2.8503924E-006
          5252.38     -2.9163630E-006
          5263.67     -2.9833506E-006
          5274.96     -3.0513495E-006
          5286.25     -3.1203531E-006
          5297.54     -3.1903530E-006
          5308.83     -3.2613393E-006
          5320.12     -3.3333010E-006
          5331.41     -3.4062256E-006
          5342.70     -3.4800990E-006
          5353.98     -3.5549054E-006
          5365.27     -3.6306275E-006
          5376.56     -3.7072462E-006
          5387.85     -3.7847398E-006
          5399.14     -3.8630849E-006
          5410.43     -3.9422564E-006
          5421.72     -4.0222266E-006
          5433.01     -4.1029658E-006
          5444.30     -4.1844418E-006
          5455.59     -4.2666184E-006
          5466.88     -4.3494580E-006
          5478.16     -4.4329208E-006
          5489.45     -4.5169639E-006
          5500.74     -4.6015416E-006
          5512.03     -4.6866050E-006
          5523.32     -4.7721024E-006
          5534.61     -4.8579787E-006
          5545.90     -4.9441749E-006
          5557.19     -5.0306291E-006
          5568.48     -5.1172754E-006
          5579.77     -5.2040119E-006
          5591.05     -5.2907578E-006
          5602.34     -5.3774330E-006
          5613.63     -5.4639535E-006
          5624.92     -5.5502309E-006
          5636.21     -5.6361719E-006
          5647.50     -5.7216789E-006
          5658.79     -5.8066493E-006
          5670.08     -5.8909736E-006
          5681.37     -5.9742733E-006
          5692.66     -6.0564154E-006
          5703.95     -6.1372624E-006
          5715.23     -6.2166721E-006
          5726.52     -6.2944966E-006
          5737.81     -6.3705834E-006
          5749.10     -6.4447743E-006
          5760.39     -6.5169059E-006
          5771.68     -6.5868088E-006
          5782.97     -6.6543346E-006
          5794.26     -6.7195953E-006
          5805.55     -6.7824191E-006
          5816.84     -6.8426266E-006
          5828.12     -6.9000306E-006
          5839.41     -6.9544360E-006
          5850.70     -7.0056392E-006
          5861.99     -7.0534283E-006
          5873.28     -7.0975823E-006
          5884.57     -7.1378715E-006
          5895.86     -7.1740565E-006
          5907.15     -7.2058868E-006
          5918.44     -7.2329625E-006
          5929.73     -7.2550087E-006
          5941.02     -7.2717408E-006
          5952.30     -7.2828642E-006
          5963.59     -7.2880739E-006
          5974.88     -7.2870258E-006
          5986.17     -7.2793538E-006
          5997.46     -7.2647180E-006
          6008.75     -7.2427678E-006
          6020.04     -7.2131417E-006
          6031.33     -7.1756704E-006
          6042.62     -7.1299753E-006
          6053.91     -7.0756645E-006
          6065.20     -7.0123321E-006
          6076.48     -6.9396295E-006
          6087.77     -6.8571777E-006
          6099.06     -6.7645302E-006
          6110.35     -6.6612244E-006
          6121.64     -6.5467396E-006
          6132.93     -6.4203372E-006
          6144.22     -6.2814953E-006
          6155.51     -6.1297753E-006
          6166.80     -5.9646327E-006
          6178.09     -5.7857298E-006
          6189.38     -5.5925769E-006
          6200.66     -5.3845717E-006
          6211.95     -5.1610902E-006
          6223.24     -4.9214848E-006
          6234.53     -4.6650833E-006
          6245.82     -4.3911918E-006
          6257.11     -4.0990890E-006
          6268.40     -3.7880319E-006
          6279.69     -3.4572699E-006
          6290.98     -3.1060098E-006
          6302.27     -2.7334216E-006
          6313.55     -2.3386492E-006
          6324.84     -1.9208133E-006
          6336.13     -1.4790049E-006
          6347.42     -1.0122673E-006
          6358.71     -5.1961265E-007
          6370.00     -1.6739060E-047
