          3480.00      1.8599803E-029
          3491.29     -8.8757215E-006
          3502.58     -1.7745878E-005
          3513.87     -2.6638361E-005
          3525.16     -3.5580611E-005
          3536.45     -4.4599753E-005
          3547.73     -5.3722666E-005
          3559.02     -6.2976045E-005
          3570.31     -7.2386529E-005
          3581.60     -8.1980747E-005
          3592.89     -9.1785409E-005
          3604.18     -1.0182739E-004
          3615.47     -1.1213374E-004
          3626.76     -1.2273187E-004
          3638.05     -1.3364953E-004
          3649.34     -1.4491488E-004
          3660.62     -1.5655661E-004
          3671.91     -1.6860398E-004
          3683.20     -1.8108686E-004
          3694.49     -1.9403585E-004
          3705.78     -2.0748228E-004
          3717.07     -2.2145833E-004
          3728.36     -2.3599709E-004
          3739.65     -2.5113256E-004
          3750.94     -2.6689980E-004
          3762.23     -2.8333498E-004
          3773.52     -3.0047538E-004
          3784.80     -3.1835955E-004
          3796.09     -3.3702729E-004
          3807.38     -3.5651980E-004
          3818.67     -3.7687970E-004
          3829.96     -3.9815109E-004
          3841.25     -4.2037968E-004
          3852.54     -4.4361282E-004
          3863.83     -4.6789957E-004
          3875.12     -4.9329084E-004
          3886.41     -5.1983933E-004
          3897.70     -5.4759979E-004
          3908.98     -5.7662898E-004
          3920.27     -6.0698575E-004
          3931.56     -6.3873121E-004
          3942.85     -6.7192876E-004
          3954.14     -7.0664418E-004
          3965.43     -7.4294577E-004
          3976.72     -7.8090431E-004
          3988.01     -8.2059333E-004
          3999.30     -8.6208916E-004
          4010.59     -9.0547088E-004
          4021.88     -9.5082066E-004
          4033.16     -9.9822371E-004
          4044.45     -1.0477684E-003
          4055.74     -1.0995466E-003
          4067.03     -1.1536532E-003
          4078.32     -1.2101871E-003
          4089.61     -1.2692504E-003
          4100.90     -1.3309494E-003
          4112.19     -1.3953939E-003
          4123.48     -1.4626981E-003
          4134.77     -1.5329802E-003
          4146.05     -1.6063627E-003
          4157.34     -1.6829724E-003
          4168.63     -1.7629411E-003
          4179.92     -1.8464049E-003
          4191.21     -1.9335049E-003
          4202.50     -2.0243874E-003
          4213.79     -2.1192037E-003
          4225.08     -2.2181104E-003
          4236.37     -2.3212700E-003
          4247.66     -2.4288500E-003
          4258.95     -2.5410243E-003
          4270.23     -2.6579727E-003
          4281.52     -2.7798808E-003
          4292.81     -2.9069411E-003
          4304.10     -3.0393524E-003
          4315.39     -3.1773201E-003
          4326.68     -3.3210569E-003
          4337.97     -3.4707820E-003
          4349.26     -3.6267225E-003
          4360.55     -3.7891129E-003
          4371.84     -3.9581949E-003
          4383.12     -4.1342187E-003
          4394.41     -4.3174424E-003
          4405.70     -4.5081324E-003
          4416.99     -4.7065638E-003
          4428.28     -4.9130199E-003
          4439.57     -5.1277937E-003
          4450.86     -5.3511872E-003
          4462.15     -5.5835113E-003
          4473.44     -5.8250871E-003
          4484.73     -6.0762453E-003
          4496.02     -6.3373269E-003
          4507.30     -6.6086832E-003
          4518.59     -6.8906755E-003
          4529.88     -7.1836767E-003
          4541.17     -7.4880704E-003
          4552.46     -7.8042509E-003
          4563.75     -8.1326248E-003
          4575.04     -8.4736099E-003
          4586.33     -8.8276362E-003
          4597.62     -9.1951461E-003
          4608.91     -9.5765934E-003
          4620.20     -9.9724455E-003
          4631.48     -1.0383183E-002
          4642.77     -1.0809297E-002
          4654.06     -1.1251296E-002
          4665.35     -1.1709698E-002
          4676.64     -1.2185038E-002
          4687.93     -1.2677863E-002
          4699.22     -1.3188733E-002
          4710.51     -1.3718226E-002
          4721.80     -1.4266931E-002
          4733.09     -1.4835454E-002
          4744.38     -1.5424413E-002
          4755.66     -1.6034444E-002
          4766.95     -1.6666197E-002
          4778.24     -1.7320338E-002
          4789.53     -1.7997545E-002
          4800.82     -1.8698516E-002
          4812.11     -1.9423962E-002
          4823.40     -2.0174610E-002
          4834.69     -2.0951204E-002
          4845.98     -2.1754501E-002
          4857.27     -2.2585276E-002
          4868.55     -2.3444321E-002
          4879.84     -2.4332439E-002
          4891.13     -2.5250453E-002
          4902.42     -2.6199201E-002
          4913.71     -2.7179534E-002
          4925.00     -2.8192320E-002
          4936.29     -2.9238443E-002
          4947.58     -3.0318800E-002
          4958.87     -3.1434305E-002
          4970.16     -3.2585884E-002
          4981.45     -3.3774478E-002
          4992.73     -3.5001044E-002
          5004.02     -3.6266546E-002
          5015.31     -3.7571968E-002
          5026.60     -3.8918302E-002
          5037.89     -4.0306553E-002
          5049.18     -4.1737738E-002
          5060.47     -4.3212881E-002
          5071.76     -4.4733019E-002
          5083.05     -4.6299197E-002
          5094.34     -4.7912465E-002
          5105.62     -4.9573884E-002
          5116.91     -5.1284518E-002
          5128.20     -5.3045437E-002
          5139.49     -5.4857714E-002
          5150.78     -5.6722422E-002
          5162.07     -5.8640637E-002
          5173.36     -6.0613436E-002
          5184.65     -6.2641885E-002
          5195.94     -6.4727054E-002
          5207.23     -6.6870004E-002
          5218.52     -6.9071787E-002
          5229.80     -7.1333446E-002
          5241.09     -7.3656006E-002
          5252.38     -7.6040484E-002
          5263.67     -7.8487877E-002
          5274.96     -8.0999155E-002
          5286.25     -8.3575272E-002
          5297.54     -8.6217152E-002
          5308.83     -8.8925691E-002
          5320.12     -9.1701752E-002
          5331.41     -9.4546153E-002
          5342.70     -9.7459680E-002
          5353.98     -1.0044307E-001
          5365.27     -1.0349701E-001
          5376.56     -1.0662214E-001
          5387.85     -1.0981902E-001
          5399.14     -1.1308818E-001
          5410.43     -1.1643005E-001
          5421.72     -1.1984498E-001
          5433.01     -1.2333328E-001
          5444.30     -1.2689514E-001
          5455.59     -1.3053065E-001
          5466.88     -1.3423982E-001
          5478.16     -1.3802254E-001
          5489.45     -1.4187858E-001
          5500.74     -1.4580761E-001
          5512.03     -1.4980912E-001
          5523.32     -1.5388251E-001
          5534.61     -1.5802701E-001
          5545.90     -1.6224166E-001
          5557.19     -1.6652537E-001
          5568.48     -1.7087684E-001
          5579.77     -1.7529460E-001
          5591.05     -1.7977696E-001
          5602.34     -1.8432202E-001
          5613.63     -1.8892763E-001
          5624.92     -1.9359142E-001
          5636.21     -1.9831074E-001
          5647.50     -2.0308270E-001
          5658.79     -2.0790408E-001
          5670.08     -2.1277139E-001
          5681.37     -2.1768080E-001
          5692.66     -2.2262813E-001
          5703.95     -2.2760886E-001
          5715.23     -2.3261810E-001
          5726.52     -2.3765054E-001
          5737.81     -2.4270046E-001
          5749.10     -2.4776169E-001
          5760.39     -2.5282763E-001
          5771.68     -2.5789114E-001
          5782.97     -2.6294462E-001
          5794.26     -2.6797988E-001
          5805.55     -2.7298820E-001
          5816.84     -2.7796026E-001
          5828.12     -2.8288611E-001
          5839.41     -2.8775513E-001
          5850.70     -2.9255604E-001
          5861.99     -2.9727683E-001
          5873.28     -3.0190473E-001
          5884.57     -3.0642618E-001
          5895.86     -3.1082680E-001
          5907.15     -3.1509132E-001
          5918.44     -3.1920357E-001
          5929.73     -3.2314646E-001
          5941.02     -3.2690185E-001
          5952.30     -3.3045060E-001
          5963.59     -3.3377246E-001
          5974.88     -3.3684604E-001
          5986.17     -3.3964878E-001
          5997.46     -3.4215684E-001
          6008.75     -3.4434511E-001
          6020.04     -3.4618711E-001
          6031.33     -3.4765493E-001
          6042.62     -3.4871919E-001
          6053.91     -3.4934897E-001
          6065.20     -3.4951172E-001
          6076.48     -3.4917320E-001
          6087.77     -3.4829744E-001
          6099.06     -3.4684660E-001
          6110.35     -3.4478096E-001
          6121.64     -3.4205879E-001
          6132.93     -3.3863628E-001
          6144.22     -3.3446745E-001
          6155.51     -3.2950408E-001
          6166.80     -3.2369557E-001
          6178.09     -3.1698890E-001
          6189.38     -3.0932847E-001
          6200.66     -3.0065605E-001
          6211.95     -2.9091062E-001
          6223.24     -2.8002827E-001
          6234.53     -2.6794213E-001
          6245.82     -2.5458218E-001
          6257.11     -2.3987515E-001
          6268.40     -2.2374441E-001
          6279.69     -2.0610982E-001
          6290.98     -1.8688755E-001
          6302.27     -1.6599002E-001
          6313.55     -1.4332562E-001
          6324.84     -1.1879876E-001
          6336.13     -9.2309456E-002
          6347.42     -6.3753328E-002
          6358.71     -3.3021441E-002
          6370.00     -1.1754406E-034
