          3480.00     -3.2368336E-031
          3491.29     -1.5360712E-004
          3502.58     -3.0679662E-004
          3513.87     -4.5977953E-004
          3525.16     -6.1276218E-004
          3536.45     -7.6594740E-004
          3547.73     -9.1953443E-004
          3559.02     -1.0737189E-003
          3570.31     -1.2286937E-003
          3581.60     -1.3846494E-003
          3592.89     -1.5417736E-003
          3604.18     -1.7002525E-003
          3615.47     -1.8602698E-003
          3626.76     -2.0220080E-003
          3638.05     -2.1856485E-003
          3649.34     -2.3513708E-003
          3660.62     -2.5193544E-003
          3671.91     -2.6897777E-003
          3683.20     -2.8628185E-003
          3694.49     -3.0386549E-003
          3705.78     -3.2174641E-003
          3717.07     -3.3994240E-003
          3728.36     -3.5847128E-003
          3739.65     -3.7735084E-003
          3750.94     -3.9659901E-003
          3762.23     -4.1623377E-003
          3773.52     -4.3627318E-003
          3784.80     -4.5673543E-003
          3796.09     -4.7763878E-003
          3807.38     -4.9900166E-003
          3818.67     -5.2084266E-003
          3829.96     -5.4318046E-003
          3841.25     -5.6603400E-003
          3852.54     -5.8942233E-003
          3863.83     -6.1336473E-003
          3875.12     -6.3788071E-003
          3886.41     -6.6298990E-003
          3897.70     -6.8871226E-003
          3908.98     -7.1506796E-003
          3920.27     -7.4207734E-003
          3931.56     -7.6976111E-003
          3942.85     -7.9814017E-003
          3954.14     -8.2723571E-003
          3965.43     -8.5706926E-003
          3976.72     -8.8766251E-003
          3988.01     -9.1903757E-003
          3999.30     -9.5121684E-003
          4010.59     -9.8422295E-003
          4021.88     -1.0180789E-002
          4033.16     -1.0528081E-002
          4044.45     -1.0884342E-002
          4055.74     -1.1249813E-002
          4067.03     -1.1624735E-002
          4078.32     -1.2009358E-002
          4089.61     -1.2403931E-002
          4100.90     -1.2808709E-002
          4112.19     -1.3223951E-002
          4123.48     -1.3649917E-002
          4134.77     -1.4086873E-002
          4146.05     -1.4535090E-002
          4157.34     -1.4994840E-002
          4168.63     -1.5466400E-002
          4179.92     -1.5950052E-002
          4191.21     -1.6446081E-002
          4202.50     -1.6954775E-002
          4213.79     -1.7476429E-002
          4225.08     -1.8011338E-002
          4236.37     -1.8559804E-002
          4247.66     -1.9122133E-002
          4258.95     -1.9698633E-002
          4270.23     -2.0289618E-002
          4281.52     -2.0895405E-002
          4292.81     -2.1516315E-002
          4304.10     -2.2152673E-002
          4315.39     -2.2804810E-002
          4326.68     -2.3473060E-002
          4337.97     -2.4157757E-002
          4349.26     -2.4859244E-002
          4360.55     -2.5577867E-002
          4371.84     -2.6313974E-002
          4383.12     -2.7067918E-002
          4394.41     -2.7840055E-002
          4405.70     -2.8630746E-002
          4416.99     -2.9440354E-002
          4428.28     -3.0269247E-002
          4439.57     -3.1117795E-002
          4450.86     -3.1986373E-002
          4462.15     -3.2875357E-002
          4473.44     -3.3785129E-002
          4484.73     -3.4716070E-002
          4496.02     -3.5668569E-002
          4507.30     -3.6643015E-002
          4518.59     -3.7639798E-002
          4529.88     -3.8659314E-002
          4541.17     -3.9701959E-002
          4552.46     -4.0768130E-002
          4563.75     -4.1858230E-002
          4575.04     -4.2972660E-002
          4586.33     -4.4111825E-002
          4597.62     -4.5276131E-002
          4608.91     -4.6465983E-002
          4620.20     -4.7681788E-002
          4631.48     -4.8923956E-002
          4642.77     -5.0192893E-002
          4654.06     -5.1489008E-002
          4665.35     -5.2812710E-002
          4676.64     -5.4164407E-002
          4687.93     -5.5544506E-002
          4699.22     -5.6953411E-002
          4710.51     -5.8391526E-002
          4721.80     -5.9859257E-002
          4733.09     -6.1356999E-002
          4744.38     -6.2885151E-002
          4755.66     -6.4444107E-002
          4766.95     -6.6034258E-002
          4778.24     -6.7655992E-002
          4789.53     -6.9309687E-002
          4800.82     -7.0995722E-002
          4812.11     -7.2714469E-002
          4823.40     -7.4466291E-002
          4834.69     -7.6251547E-002
          4845.98     -7.8070590E-002
          4857.27     -7.9923761E-002
          4868.55     -8.1811398E-002
          4879.84     -8.3733822E-002
          4891.13     -8.5691351E-002
          4902.42     -8.7684291E-002
          4913.71     -8.9712933E-002
          4925.00     -9.1777560E-002
          4936.29     -9.3878439E-002
          4947.58     -9.6015827E-002
          4958.87     -9.8189964E-002
          4970.16     -1.0040107E-001
          4981.45     -1.0264936E-001
          4992.73     -1.0493502E-001
          5004.02     -1.0725821E-001
          5015.31     -1.0961911E-001
          5026.60     -1.1201782E-001
          5037.89     -1.1445448E-001
          5049.18     -1.1692915E-001
          5060.47     -1.1944191E-001
          5071.76     -1.2199279E-001
          5083.05     -1.2458181E-001
          5094.34     -1.2720894E-001
          5105.62     -1.2987414E-001
          5116.91     -1.3257733E-001
          5128.20     -1.3531840E-001
          5139.49     -1.3809722E-001
          5150.78     -1.4091359E-001
          5162.07     -1.4376730E-001
          5173.36     -1.4665811E-001
          5184.65     -1.4958572E-001
          5195.94     -1.5254978E-001
          5207.23     -1.5554992E-001
          5218.52     -1.5858571E-001
          5229.80     -1.6165668E-001
          5241.09     -1.6476231E-001
          5252.38     -1.6790201E-001
          5263.67     -1.7107516E-001
          5274.96     -1.7428107E-001
          5286.25     -1.7751900E-001
          5297.54     -1.8078813E-001
          5308.83     -1.8408761E-001
          5320.12     -1.8741649E-001
          5331.41     -1.9077377E-001
          5342.70     -1.9415838E-001
          5353.98     -1.9756917E-001
          5365.27     -2.0100491E-001
          5376.56     -2.0446430E-001
          5387.85     -2.0794595E-001
          5399.14     -2.1144838E-001
          5410.43     -2.1497004E-001
          5421.72     -2.1850926E-001
          5433.01     -2.2206431E-001
          5444.30     -2.2563332E-001
          5455.59     -2.2921436E-001
          5466.88     -2.3280536E-001
          5478.16     -2.3640415E-001
          5489.45     -2.4000845E-001
          5500.74     -2.4361587E-001
          5512.03     -2.4722388E-001
          5523.32     -2.5082983E-001
          5534.61     -2.5443096E-001
          5545.90     -2.5802433E-001
          5557.19     -2.6160691E-001
          5568.48     -2.6517550E-001
          5579.77     -2.6872674E-001
          5591.05     -2.7225715E-001
          5602.34     -2.7576306E-001
          5613.63     -2.7924064E-001
          5624.92     -2.8268592E-001
          5636.21     -2.8609471E-001
          5647.50     -2.8946266E-001
          5658.79     -2.9278525E-001
          5670.08     -2.9605774E-001
          5681.37     -2.9927521E-001
          5692.66     -3.0243251E-001
          5703.95     -3.0552431E-001
          5715.23     -3.0854504E-001
          5726.52     -3.1148891E-001
          5737.81     -3.1434989E-001
          5749.10     -3.1712174E-001
          5760.39     -3.1979793E-001
          5771.68     -3.2237171E-001
          5782.97     -3.2483605E-001
          5794.26     -3.2718365E-001
          5805.55     -3.2940695E-001
          5816.84     -3.3149806E-001
          5828.12     -3.3344885E-001
          5839.41     -3.3525085E-001
          5850.70     -3.3689527E-001
          5861.99     -3.3837304E-001
          5873.28     -3.3967470E-001
          5884.57     -3.4079050E-001
          5895.86     -3.4171031E-001
          5907.15     -3.4242363E-001
          5918.44     -3.4291962E-001
          5929.73     -3.4318702E-001
          5941.02     -3.4321420E-001
          5952.30     -3.4298911E-001
          5963.59     -3.4249929E-001
          5974.88     -3.4173185E-001
          5986.17     -3.4067345E-001
          5997.46     -3.3931032E-001
          6008.75     -3.3762818E-001
          6020.04     -3.3561231E-001
          6031.33     -3.3324748E-001
          6042.62     -3.3051795E-001
          6053.91     -3.2740747E-001
          6065.20     -3.2389924E-001
          6076.48     -3.1997591E-001
          6087.77     -3.1561959E-001
          6099.06     -3.1081178E-001
          6110.35     -3.0553340E-001
          6121.64     -2.9976473E-001
          6132.93     -2.9348546E-001
          6144.22     -2.8667460E-001
          6155.51     -2.7931053E-001
          6166.80     -2.7137090E-001
          6178.09     -2.6283271E-001
          6189.38     -2.5367222E-001
          6200.66     -2.4386494E-001
          6211.95     -2.3338564E-001
          6223.24     -2.2220830E-001
          6234.53     -2.1030613E-001
          6245.82     -1.9765148E-001
          6257.11     -1.8421589E-001
          6268.40     -1.6997004E-001
          6279.69     -1.5488371E-001
          6290.98     -1.3892578E-001
          6302.27     -1.2206420E-001
          6313.55     -1.0426596E-001
          6324.84     -8.5497096E-002
          6336.13     -6.5722615E-002
          6347.42     -4.4906482E-002
          6358.71     -2.3011666E-002
          6370.00     -1.6436993E-034
