          3480.00     -1.1787224E-035
          3491.29     -4.9357678E-011
          3502.58     -9.8830734E-011
          3513.87     -1.4860982E-010
          3525.16     -1.9888364E-010
          3536.45     -2.4984000E-010
          3547.73     -3.0166633E-010
          3559.02     -3.5455034E-010
          3570.31     -4.0868086E-010
          3581.60     -4.6424843E-010
          3592.89     -5.2144593E-010
          3604.18     -5.8046763E-010
          3615.47     -6.4150940E-010
          3626.76     -7.0477365E-010
          3638.05     -7.7046760E-010
          3649.34     -8.3880369E-010
          3660.62     -9.1000055E-010
          3671.91     -9.8428333E-010
          3683.20     -1.0618844E-009
          3694.49     -1.1430441E-009
          3705.78     -1.2280109E-009
          3717.07     -1.3170426E-009
          3728.36     -1.4104067E-009
          3739.65     -1.5083809E-009
          3750.94     -1.6112543E-009
          3762.23     -1.7193272E-009
          3773.52     -1.8329127E-009
          3784.80     -1.9523369E-009
          3796.09     -2.0779399E-009
          3807.38     -2.2100785E-009
          3818.67     -2.3491234E-009
          3829.96     -2.4954606E-009
          3841.25     -2.6494940E-009
          3852.54     -2.8116449E-009
          3863.83     -2.9823534E-009
          3875.12     -3.1620794E-009
          3886.41     -3.3513027E-009
          3897.70     -3.5505254E-009
          3908.98     -3.7602718E-009
          3920.27     -3.9810894E-009
          3931.56     -4.2135504E-009
          3942.85     -4.4582530E-009
          3954.14     -4.7158258E-009
          3965.43     -4.9869233E-009
          3976.72     -5.2722276E-009
          3988.01     -5.5724522E-009
          3999.30     -5.8883420E-009
          4010.59     -6.2206743E-009
          4021.88     -6.5702618E-009
          4033.16     -6.9379524E-009
          4044.45     -7.3246317E-009
          4055.74     -7.7312242E-009
          4067.03     -8.1586939E-009
          4078.32     -8.6080479E-009
          4089.61     -9.0803369E-009
          4100.90     -9.5766560E-009
          4112.19     -1.0098149E-008
          4123.48     -1.0646008E-008
          4134.77     -1.1221475E-008
          4146.05     -1.1825848E-008
          4157.34     -1.2460476E-008
          4168.63     -1.3126766E-008
          4179.92     -1.3826187E-008
          4191.21     -1.4560266E-008
          4202.50     -1.5330594E-008
          4213.79     -1.6138829E-008
          4225.08     -1.6986697E-008
          4236.37     -1.7875995E-008
          4247.66     -1.8808592E-008
          4258.95     -1.9786432E-008
          4270.23     -2.0811539E-008
          4281.52     -2.1886019E-008
          4292.81     -2.3012062E-008
          4304.10     -2.4191944E-008
          4315.39     -2.5428032E-008
          4326.68     -2.6722788E-008
          4337.97     -2.8078766E-008
          4349.26     -2.9498624E-008
          4360.55     -3.0985121E-008
          4371.84     -3.2541171E-008
          4383.12     -3.4169702E-008
          4394.41     -3.5873804E-008
          4405.70     -3.7656673E-008
          4416.99     -3.9521637E-008
          4428.28     -4.1472141E-008
          4439.57     -4.3511764E-008
          4450.86     -4.5644215E-008
          4462.15     -4.7873338E-008
          4473.44     -5.0203118E-008
          4484.73     -5.2637687E-008
          4496.02     -5.5181321E-008
          4507.30     -5.7838455E-008
          4518.59     -6.0613672E-008
          4529.88     -6.3511725E-008
          4541.17     -6.6537535E-008
          4552.46     -6.9696186E-008
          4563.75     -7.2992946E-008
          4575.04     -7.6433261E-008
          4586.33     -8.0022760E-008
          4597.62     -8.3767264E-008
          4608.91     -8.7672781E-008
          4620.20     -9.1745527E-008
          4631.48     -9.5991927E-008
          4642.77     -1.0041860E-007
          4654.06     -1.0503239E-007
          4665.35     -1.0984036E-007
          4676.64     -1.1484980E-007
          4687.93     -1.2006822E-007
          4699.22     -1.2550337E-007
          4710.51     -1.3116325E-007
          4721.80     -1.3705608E-007
          4733.09     -1.4319035E-007
          4744.38     -1.4957479E-007
          4755.66     -1.5621841E-007
          4766.95     -1.6313047E-007
          4778.24     -1.7032049E-007
          4789.53     -1.7779828E-007
          4800.82     -1.8557392E-007
          4812.11     -1.9365777E-007
          4823.40     -2.0206047E-007
          4834.69     -2.1079297E-007
          4845.98     -2.1986649E-007
          4857.27     -2.2929252E-007
          4868.55     -2.3908291E-007
          4879.84     -2.4924974E-007
          4891.13     -2.5980548E-007
          4902.42     -2.7076286E-007
          4913.71     -2.8213492E-007
          4925.00     -2.9393503E-007
          4936.29     -3.0617686E-007
          4947.58     -3.1887441E-007
          4958.87     -3.3204199E-007
          4970.16     -3.4569419E-007
          4981.45     -3.5984596E-007
          4992.73     -3.7451254E-007
          5004.02     -3.8970940E-007
          5015.31     -4.0545236E-007
          5026.60     -4.2175759E-007
          5037.89     -4.3864153E-007
          5049.18     -4.5612095E-007
          5060.47     -4.7421282E-007
          5071.76     -4.9293449E-007
          5083.05     -5.1230354E-007
          5094.34     -5.3233780E-007
          5105.62     -5.5305536E-007
          5116.91     -5.7447458E-007
          5128.20     -5.9661399E-007
          5139.49     -6.1949242E-007
          5150.78     -6.4312872E-007
          5162.07     -6.6754197E-007
          5173.36     -6.9275150E-007
          5184.65     -7.1877669E-007
          5195.94     -7.4563713E-007
          5207.23     -7.7335244E-007
          5218.52     -8.0194235E-007
          5229.80     -8.3142662E-007
          5241.09     -8.6182493E-007
          5252.38     -8.9315704E-007
          5263.67     -9.2544261E-007
          5274.96     -9.5870112E-007
          5286.25     -9.9295200E-007
          5297.54     -1.0282144E-006
          5308.83     -1.0645070E-006
          5320.12     -1.1018487E-006
          5331.41     -1.1402574E-006
          5342.70     -1.1797513E-006
          5353.98     -1.2203476E-006
          5365.27     -1.2620633E-006
          5376.56     -1.3049146E-006
          5387.85     -1.3489170E-006
          5399.14     -1.3940852E-006
          5410.43     -1.4404332E-006
          5421.72     -1.4879739E-006
          5433.01     -1.5367193E-006
          5444.30     -1.5866801E-006
          5455.59     -1.6378653E-006
          5466.88     -1.6902828E-006
          5478.16     -1.7439394E-006
          5489.45     -1.7988400E-006
          5500.74     -1.8549879E-006
          5512.03     -1.9123843E-006
          5523.32     -1.9710286E-006
          5534.61     -2.0309178E-006
          5545.90     -2.0920466E-006
          5557.19     -2.1544072E-006
          5568.48     -2.2179889E-006
          5579.77     -2.2827654E-006
          5591.05     -2.3487168E-006
          5602.34     -2.4158216E-006
          5613.63     -2.4840550E-006
          5624.92     -2.5533884E-006
          5636.21     -2.6237891E-006
          5647.50     -2.6952202E-006
          5658.79     -2.7676403E-006
          5670.08     -2.8410023E-006
          5681.37     -2.9151381E-006
          5692.66     -2.9899809E-006
          5703.95     -3.0654590E-006
          5715.23     -3.1414953E-006
          5726.52     -3.2180068E-006
          5737.81     -3.2949048E-006
          5749.10     -3.3720940E-006
          5760.39     -3.4494726E-006
          5771.68     -3.5269320E-006
          5782.97     -3.6043686E-006
          5794.26     -3.6818014E-006
          5805.55     -3.7591102E-006
          5816.84     -3.8361649E-006
          5828.12     -3.9128254E-006
          5839.41     -3.9889411E-006
          5850.70     -4.0643497E-006
          5861.99     -4.1388778E-006
          5873.28     -4.2123391E-006
          5884.57     -4.2845347E-006
          5895.86     -4.3552521E-006
          5907.15     -4.4242634E-006
          5918.44     -4.4912509E-006
          5929.73     -4.5559522E-006
          5941.02     -4.6180892E-006
          5952.30     -4.6773680E-006
          5963.59     -4.7334773E-006
          5974.88     -4.7860718E-006
          5986.17     -4.8347812E-006
          5997.46     -4.8792362E-006
          6008.75     -4.9190482E-006
          6020.04     -4.9538080E-006
          6031.33     -4.9832050E-006
          6042.62     -5.0067922E-006
          6053.91     -5.0240976E-006
          6065.20     -5.0346231E-006
          6076.48     -5.0378864E-006
          6087.77     -5.0333682E-006
          6099.06     -5.0204875E-006
          6110.35     -4.9986312E-006
          6121.64     -4.9671263E-006
          6132.93     -4.9251378E-006
          6144.22     -4.8719392E-006
          6155.51     -4.8068327E-006
          6166.80     -4.7290277E-006
          6178.09     -4.6378395E-006
          6189.38     -4.5324584E-006
          6200.66     -4.4119693E-006
          6211.95     -4.2754086E-006
          6223.24     -4.1217607E-006
          6234.53     -3.9499557E-006
          6245.82     -3.7588698E-006
          6257.11     -3.5473194E-006
          6268.40     -3.3140628E-006
          6279.69     -3.0578078E-006
          6290.98     -2.7771859E-006
          6302.27     -2.4707538E-006
          6313.55     -2.1369976E-006
          6324.84     -1.7743336E-006
          6336.13     -1.3811000E-006
          6347.42     -9.5554243E-007
          6358.71     -4.9582259E-007
          6370.00     -6.0499902E-051
