          3480.00      6.3000949E-036
          3491.29     -6.3559612E-009
          3502.58     -1.2706657E-008
          3513.87     -1.9059227E-008
          3525.16     -2.5420670E-008
          3536.45     -3.1797890E-008
          3547.73     -3.8197690E-008
          3559.02     -4.4626760E-008
          3570.31     -5.1091723E-008
          3581.60     -5.7599118E-008
          3592.89     -6.4155417E-008
          3604.18     -7.0766807E-008
          3615.47     -7.7439162E-008
          3626.76     -8.4178642E-008
          3638.05     -9.0991368E-008
          3649.34     -9.7883407E-008
          3660.62     -1.0486081E-007
          3671.91     -1.1192960E-007
          3683.20     -1.1909579E-007
          3694.49     -1.2636536E-007
          3705.78     -1.3374427E-007
          3717.07     -1.4123851E-007
          3728.36     -1.4885406E-007
          3739.65     -1.5659687E-007
          3750.94     -1.6447293E-007
          3762.23     -1.7248823E-007
          3773.52     -1.8064877E-007
          3784.80     -1.8896060E-007
          3796.09     -1.9742975E-007
          3807.38     -2.0606255E-007
          3818.67     -2.1486513E-007
          3829.96     -2.2384364E-007
          3841.25     -2.3300428E-007
          3852.54     -2.4235328E-007
          3863.83     -2.5189692E-007
          3875.12     -2.6164152E-007
          3886.41     -2.7159342E-007
          3897.70     -2.8175903E-007
          3908.98     -2.9214484E-007
          3920.27     -3.0275731E-007
          3931.56     -3.1360303E-007
          3942.85     -3.2468861E-007
          3954.14     -3.3602103E-007
          3965.43     -3.4760714E-007
          3976.72     -3.5945375E-007
          3988.01     -3.7156776E-007
          3999.30     -3.8395615E-007
          4010.59     -3.9662591E-007
          4021.88     -4.0958415E-007
          4033.16     -4.2283804E-007
          4044.45     -4.3639478E-007
          4055.74     -4.5026170E-007
          4067.03     -4.6444614E-007
          4078.32     -4.7895554E-007
          4089.61     -4.9379743E-007
          4100.90     -5.0897937E-007
          4112.19     -5.2450905E-007
          4123.48     -5.4039419E-007
          4134.77     -5.5664259E-007
          4146.05     -5.7326215E-007
          4157.34     -5.9026077E-007
          4168.63     -6.0764648E-007
          4179.92     -6.2542740E-007
          4191.21     -6.4361165E-007
          4202.50     -6.6220747E-007
          4213.79     -6.8122317E-007
          4225.08     -7.0066712E-007
          4236.37     -7.2054776E-007
          4247.66     -7.4087355E-007
          4258.95     -7.6165298E-007
          4270.23     -7.8289471E-007
          4281.52     -8.0460738E-007
          4292.81     -8.2679976E-007
          4304.10     -8.4948065E-007
          4315.39     -8.7265891E-007
          4326.68     -8.9634346E-007
          4337.97     -9.2054325E-007
          4349.26     -9.4526729E-007
          4360.55     -9.7052467E-007
          4371.84     -9.9632614E-007
          4383.12     -1.0226792E-006
          4394.41     -1.0495931E-006
          4405.70     -1.0770767E-006
          4416.99     -1.1051394E-006
          4428.28     -1.1337904E-006
          4439.57     -1.1630388E-006
          4450.86     -1.1928942E-006
          4462.15     -1.2233655E-006
          4473.44     -1.2544623E-006
          4484.73     -1.2861938E-006
          4496.02     -1.3185693E-006
          4507.30     -1.3515982E-006
          4518.59     -1.3852895E-006
          4529.88     -1.4196526E-006
          4541.17     -1.4546968E-006
          4552.46     -1.4904313E-006
          4563.75     -1.5268653E-006
          4575.04     -1.5640078E-006
          4586.33     -1.6018680E-006
          4597.62     -1.6404549E-006
          4608.91     -1.6797772E-006
          4620.20     -1.7198439E-006
          4631.48     -1.7606637E-006
          4642.77     -1.8022452E-006
          4654.06     -1.8445969E-006
          4665.35     -1.8877273E-006
          4676.64     -1.9316447E-006
          4687.93     -1.9763571E-006
          4699.22     -2.0218726E-006
          4710.51     -2.0681988E-006
          4721.80     -2.1153436E-006
          4733.09     -2.1633142E-006
          4744.38     -2.2121181E-006
          4755.66     -2.2617621E-006
          4766.95     -2.3122532E-006
          4778.24     -2.3635979E-006
          4789.53     -2.4158024E-006
          4800.82     -2.4688729E-006
          4812.11     -2.5228152E-006
          4823.40     -2.5776346E-006
          4834.69     -2.6333362E-006
          4845.98     -2.6899249E-006
          4857.27     -2.7474047E-006
          4868.55     -2.8057795E-006
          4879.84     -2.8650529E-006
          4891.13     -2.9252283E-006
          4902.42     -2.9863084E-006
          4913.71     -3.0482955E-006
          4925.00     -3.1111915E-006
          4936.29     -3.1749977E-006
          4947.58     -3.2397151E-006
          4958.87     -3.3053439E-006
          4970.16     -3.3718839E-006
          4981.45     -3.4393341E-006
          4992.73     -3.5076932E-006
          5004.02     -3.5769582E-006
          5015.31     -3.6471260E-006
          5026.60     -3.7181933E-006
          5037.89     -3.7901556E-006
          5049.18     -3.8630080E-006
          5060.47     -3.9367445E-006
          5071.76     -4.0113586E-006
          5083.05     -4.0868428E-006
          5094.34     -4.1631886E-006
          5105.62     -4.2403868E-006
          5116.91     -4.3184271E-006
          5128.20     -4.3972983E-006
          5139.49     -4.4769882E-006
          5150.78     -4.5574826E-006
          5162.07     -4.6387667E-006
          5173.36     -4.7208248E-006
          5184.65     -4.8036399E-006
          5195.94     -4.8871942E-006
          5207.23     -4.9714682E-006
          5218.52     -5.0564413E-006
          5229.80     -5.1420917E-006
          5241.09     -5.2283957E-006
          5252.38     -5.3153286E-006
          5263.67     -5.4028641E-006
          5274.96     -5.4909742E-006
          5286.25     -5.5796294E-006
          5297.54     -5.6687982E-006
          5308.83     -5.7584468E-006
          5320.12     -5.8485405E-006
          5331.41     -5.9390426E-006
          5342.70     -6.0299149E-006
          5353.98     -6.1211170E-006
          5365.27     -6.2126065E-006
          5376.56     -6.3043399E-006
          5387.85     -6.3962694E-006
          5399.14     -6.4883464E-006
          5410.43     -6.5805199E-006
          5421.72     -6.6727365E-006
          5433.01     -6.7649407E-006
          5444.30     -6.8570741E-006
          5455.59     -6.9490732E-006
          5466.88     -7.0408743E-006
          5478.16     -7.1324113E-006
          5489.45     -7.2236151E-006
          5500.74     -7.3144142E-006
          5512.03     -7.4047338E-006
          5523.32     -7.4944961E-006
          5534.61     -7.5836205E-006
          5545.90     -7.6720228E-006
          5557.19     -7.7596158E-006
          5568.48     -7.8463090E-006
          5579.77     -7.9319549E-006
          5591.05     -8.0164454E-006
          5602.34     -8.0996762E-006
          5613.63     -8.1815399E-006
          5624.92     -8.2619253E-006
          5636.21     -8.3407171E-006
          5647.50     -8.4177962E-006
          5658.79     -8.4930396E-006
          5670.08     -8.5663170E-006
          5681.37     -8.6370783E-006
          5692.66     -8.7051707E-006
          5703.95     -8.7704376E-006
          5715.23     -8.8327191E-006
          5726.52     -8.8918509E-006
          5737.81     -8.9476657E-006
          5749.10     -8.9999917E-006
          5760.39     -9.0486534E-006
          5771.68     -9.0934714E-006
          5782.97     -9.1343025E-006
          5794.26     -9.1713983E-006
          5805.55     -9.2045841E-006
          5816.84     -9.2336794E-006
          5828.12     -9.2584982E-006
          5839.41     -9.2788490E-006
          5850.70     -9.2945342E-006
          5861.99     -9.3053501E-006
          5873.28     -9.3110871E-006
          5884.57     -9.3115295E-006
          5895.86     -9.3064546E-006
          5907.15     -9.2956311E-006
          5918.44     -9.2786217E-006
          5929.73     -9.2551777E-006
          5941.02     -9.2250442E-006
          5952.30     -9.1879601E-006
          5963.59     -9.1436577E-006
          5974.88     -9.0918221E-006
          5986.17     -9.0321171E-006
          5997.46     -8.9642523E-006
          6008.75     -8.8879308E-006
          6020.04     -8.8028496E-006
          6031.33     -8.7089796E-006
          6042.62     -8.6060099E-006
          6053.91     -8.4936222E-006
          6065.20     -8.3714891E-006
          6076.48     -8.2393723E-006
          6087.77     -8.0970023E-006
          6099.06     -7.9440293E-006
          6110.35     -7.7800942E-006
          6121.64     -7.6047730E-006
          6132.93     -7.4173633E-006
          6144.22     -7.2174685E-006
          6155.51     -7.0048149E-006
          6166.80     -6.7790001E-006
          6178.09     -6.5399084E-006
          6189.38     -6.2872354E-006
          6200.66     -6.0205428E-006
          6211.95     -5.7393806E-006
          6223.24     -5.4432846E-006
          6234.53     -5.1317761E-006
          6245.82     -4.8043660E-006
          6257.11     -4.4605482E-006
          6268.40     -4.0998073E-006
          6279.69     -3.7216378E-006
          6290.98     -3.3254991E-006
          6302.27     -2.9108238E-006
          6313.55     -2.4770325E-006
          6324.84     -2.0235383E-006
          6336.13     -1.5497386E-006
          6347.42     -1.0549936E-006
          6358.71     -5.3864708E-007
          6370.00     -1.8321964E-045
