          3480.00      8.5536030E-027
          3491.29     -8.4516682E-008
          3502.58     -1.6934383E-007
          3513.87     -2.5509096E-007
          3525.16     -3.4236349E-007
          3536.45     -4.3176754E-007
          3547.73     -5.2391393E-007
          3559.02     -6.1942212E-007
          3570.31     -7.1892472E-007
          3581.60     -8.2307125E-007
          3592.89     -9.3253220E-007
          3604.18     -1.0480032E-006
          3615.47     -1.1702088E-006
          3626.76     -1.2999071E-006
          3638.05     -1.4378937E-006
          3649.34     -1.5850059E-006
          3660.62     -1.7421277E-006
          3671.91     -1.9101941E-006
          3683.20     -2.0901962E-006
          3694.49     -2.2831862E-006
          3705.78     -2.4902822E-006
          3717.07     -2.7126747E-006
          3728.36     -2.9516321E-006
          3739.65     -3.2085060E-006
          3750.94     -3.4847391E-006
          3762.23     -3.7818712E-006
          3773.52     -4.1015464E-006
          3784.80     -4.4455215E-006
          3796.09     -4.8156726E-006
          3807.38     -5.2140053E-006
          3818.67     -5.6426634E-006
          3829.96     -6.1039371E-006
          3841.25     -6.6002752E-006
          3852.54     -7.1342949E-006
          3863.83     -7.7087932E-006
          3875.12     -8.3267601E-006
          3886.41     -8.9913885E-006
          3897.70     -9.7060921E-006
          3908.98     -1.0474518E-005
          3920.27     -1.1300559E-005
          3931.56     -1.2188375E-005
          3942.85     -1.3142410E-005
          3954.14     -1.4167403E-005
          3965.43     -1.5268419E-005
          3976.72     -1.6450858E-005
          3988.01     -1.7720486E-005
          3999.30     -1.9083454E-005
          4010.59     -2.0546318E-005
          4021.88     -2.2116075E-005
          4033.16     -2.3800183E-005
          4044.45     -2.5606592E-005
          4055.74     -2.7543777E-005
          4067.03     -2.9620761E-005
          4078.32     -3.1847163E-005
          4089.61     -3.4233228E-005
          4100.90     -3.6789858E-005
          4112.19     -3.9528667E-005
          4123.48     -4.2462013E-005
          4134.77     -4.5603048E-005
          4146.05     -4.8965766E-005
          4157.34     -5.2565045E-005
          4168.63     -5.6416713E-005
          4179.92     -6.0537604E-005
          4191.21     -6.4945597E-005
          4202.50     -6.9659705E-005
          4213.79     -7.4700127E-005
          4225.08     -8.0088321E-005
          4236.37     -8.5847079E-005
          4247.66     -9.2000588E-005
          4258.95     -9.8574542E-005
          4270.23     -1.0559621E-004
          4281.52     -1.1309451E-004
          4292.81     -1.2110014E-004
          4304.10     -1.2964566E-004
          4315.39     -1.3876558E-004
          4326.68     -1.4849651E-004
          4337.97     -1.5887723E-004
          4349.26     -1.6994886E-004
          4360.55     -1.8175497E-004
          4371.84     -1.9434167E-004
          4383.12     -2.0775783E-004
          4394.41     -2.2205518E-004
          4405.70     -2.3728850E-004
          4416.99     -2.5351573E-004
          4428.28     -2.7079819E-004
          4439.57     -2.8920075E-004
          4450.86     -3.0879203E-004
          4462.15     -3.2964455E-004
          4473.44     -3.5183499E-004
          4484.73     -3.7544440E-004
          4496.02     -4.0055843E-004
          4507.30     -4.2726756E-004
          4518.59     -4.5566729E-004
          4529.88     -4.8585853E-004
          4541.17     -5.1794783E-004
          4552.46     -5.5204754E-004
          4563.75     -5.8827629E-004
          4575.04     -6.2675922E-004
          4586.33     -6.6762830E-004
          4597.62     -7.1102272E-004
          4608.91     -7.5708911E-004
          4620.20     -8.0598212E-004
          4631.48     -8.5786470E-004
          4642.77     -9.1290838E-004
          4654.06     -9.7129393E-004
          4665.35     -1.0332117E-003
          4676.64     -1.0988619E-003
          4687.93     -1.1684555E-003
          4699.22     -1.2422142E-003
          4710.51     -1.3203713E-003
          4721.80     -1.4031724E-003
          4733.09     -1.4908750E-003
          4744.38     -1.5837505E-003
          4755.66     -1.6820838E-003
          4766.95     -1.7861741E-003
          4778.24     -1.8963357E-003
          4789.53     -2.0128986E-003
          4800.82     -2.1362092E-003
          4812.11     -2.2666311E-003
          4823.40     -2.4045455E-003
          4834.69     -2.5503523E-003
          4845.98     -2.7044711E-003
          4857.27     -2.8673412E-003
          4868.55     -3.0394235E-003
          4879.84     -3.2212002E-003
          4891.13     -3.4131768E-003
          4902.42     -3.6158826E-003
          4913.71     -3.8298710E-003
          4925.00     -4.0557216E-003
          4936.29     -4.2940405E-003
          4947.58     -4.5454614E-003
          4958.87     -4.8106470E-003
          4970.16     -5.0902892E-003
          4981.45     -5.3851113E-003
          4992.73     -5.6958689E-003
          5004.02     -6.0233497E-003
          5015.31     -6.3683767E-003
          5026.60     -6.7318081E-003
          5037.89     -7.1145388E-003
          5049.18     -7.5175022E-003
          5060.47     -7.9416695E-003
          5071.76     -8.3880537E-003
          5083.05     -8.8577093E-003
          5094.34     -9.3517328E-003
          5105.62     -9.8712659E-003
          5116.91     -1.0417496E-002
          5128.20     -1.0991656E-002
          5139.49     -1.1595029E-002
          5150.78     -1.2228944E-002
          5162.07     -1.2894785E-002
          5173.36     -1.3593985E-002
          5184.65     -1.4328029E-002
          5195.94     -1.5098459E-002
          5207.23     -1.5906870E-002
          5218.52     -1.6754916E-002
          5229.80     -1.7644305E-002
          5241.09     -1.8576804E-002
          5252.38     -1.9554242E-002
          5263.67     -2.0578506E-002
          5274.96     -2.1651542E-002
          5286.25     -2.2775359E-002
          5297.54     -2.3952028E-002
          5308.83     -2.5183681E-002
          5320.12     -2.6472515E-002
          5331.41     -2.7820783E-002
          5342.70     -2.9230805E-002
          5353.98     -3.0704962E-002
          5365.27     -3.2245693E-002
          5376.56     -3.3855498E-002
          5387.85     -3.5536939E-002
          5399.14     -3.7292630E-002
          5410.43     -3.9125246E-002
          5421.72     -4.1037508E-002
          5433.01     -4.3032193E-002
          5444.30     -4.5112127E-002
          5455.59     -4.7280172E-002
          5466.88     -4.9539237E-002
          5478.16     -5.1892265E-002
          5489.45     -5.4342229E-002
          5500.74     -5.6892127E-002
          5512.03     -5.9544971E-002
          5523.32     -6.2303787E-002
          5534.61     -6.5171608E-002
          5545.90     -6.8151451E-002
          5557.19     -7.1246322E-002
          5568.48     -7.4459202E-002
          5579.77     -7.7793029E-002
          5591.05     -8.1250695E-002
          5602.34     -8.4835013E-002
          5613.63     -8.8548724E-002
          5624.92     -9.2394472E-002
          5636.21     -9.6374768E-002
          5647.50     -1.0049200E-001
          5658.79     -1.0474839E-001
          5670.08     -1.0914596E-001
          5681.37     -1.1368656E-001
          5692.66     -1.1837175E-001
          5703.95     -1.2320286E-001
          5715.23     -1.2818091E-001
          5726.52     -1.3330656E-001
          5737.81     -1.3858012E-001
          5749.10     -1.4400146E-001
          5760.39     -1.4957000E-001
          5771.68     -1.5528466E-001
          5782.97     -1.6114378E-001
          5794.26     -1.6714509E-001
          5805.55     -1.7328564E-001
          5816.84     -1.7956173E-001
          5828.12     -1.8596888E-001
          5839.41     -1.9250171E-001
          5850.70     -1.9915387E-001
          5861.99     -2.0591799E-001
          5873.28     -2.1278554E-001
          5884.57     -2.1974678E-001
          5895.86     -2.2679063E-001
          5907.15     -2.3390455E-001
          5918.44     -2.4107447E-001
          5929.73     -2.4828462E-001
          5941.02     -2.5551741E-001
          5952.30     -2.6275331E-001
          5963.59     -2.6997063E-001
          5974.88     -2.7714547E-001
          5986.17     -2.8425144E-001
          5997.46     -2.9125953E-001
          6008.75     -2.9813792E-001
          6020.04     -3.0485176E-001
          6031.33     -3.1136292E-001
          6042.62     -3.1762984E-001
          6053.91     -3.2360717E-001
          6065.20     -3.2924558E-001
          6076.48     -3.3449149E-001
          6087.77     -3.3928669E-001
          6099.06     -3.4356812E-001
          6110.35     -3.4726747E-001
          6121.64     -3.5031084E-001
          6132.93     -3.5261837E-001
          6144.22     -3.5410383E-001
          6155.51     -3.5467422E-001
          6166.80     -3.5422925E-001
          6178.09     -3.5266097E-001
          6189.38     -3.4985315E-001
          6200.66     -3.4568085E-001
          6211.95     -3.4000978E-001
          6223.24     -3.3269571E-001
          6234.53     -3.2358388E-001
          6245.82     -3.1250829E-001
          6257.11     -2.9929098E-001
          6268.40     -2.8374134E-001
          6279.69     -2.6565524E-001
          6290.98     -2.4481425E-001
          6302.27     -2.2098470E-001
          6313.55     -1.9391680E-001
          6324.84     -1.6334365E-001
          6336.13     -1.2898013E-001
          6347.42     -9.0521819E-002
          6358.71     -4.7643953E-002
          6370.00     -1.1317711E-050
