          3480.00      6.2044893E-034
          3491.29     -2.5582189E-003
          3502.58     -5.1017020E-003
          3513.87     -7.6309078E-003
          3525.16     -1.0146275E-002
          3536.45     -1.2648236E-002
          3547.73     -1.5137211E-002
          3559.02     -1.7613600E-002
          3570.31     -2.0077800E-002
          3581.60     -2.2530191E-002
          3592.89     -2.4971145E-002
          3604.18     -2.7401022E-002
          3615.47     -2.9820166E-002
          3626.76     -3.2228917E-002
          3638.05     -3.4627603E-002
          3649.34     -3.7016537E-002
          3660.62     -3.9396027E-002
          3671.91     -4.1766371E-002
          3683.20     -4.4127853E-002
          3694.49     -4.6480755E-002
          3705.78     -4.8825340E-002
          3717.07     -5.1161868E-002
          3728.36     -5.3490593E-002
          3739.65     -5.5811750E-002
          3750.94     -5.8125575E-002
          3762.23     -6.0432290E-002
          3773.52     -6.2732112E-002
          3784.80     -6.5025250E-002
          3796.09     -6.7311899E-002
          3807.38     -6.9592252E-002
          3818.67     -7.1866494E-002
          3829.96     -7.4134797E-002
          3841.25     -7.6397331E-002
          3852.54     -7.8654256E-002
          3863.83     -8.0905724E-002
          3875.12     -8.3151884E-002
          3886.41     -8.5392870E-002
          3897.70     -8.7628815E-002
          3908.98     -8.9859844E-002
          3920.27     -9.2086071E-002
          3931.56     -9.4307609E-002
          3942.85     -9.6524559E-002
          3954.14     -9.8737020E-002
          3965.43     -1.0094508E-001
          3976.72     -1.0314883E-001
          3988.01     -1.0534833E-001
          3999.30     -1.0754366E-001
          4010.59     -1.0973489E-001
          4021.88     -1.1192206E-001
          4033.16     -1.1410524E-001
          4044.45     -1.1628446E-001
          4055.74     -1.1845977E-001
          4067.03     -1.2063119E-001
          4078.32     -1.2279875E-001
          4089.61     -1.2496247E-001
          4100.90     -1.2712237E-001
          4112.19     -1.2927845E-001
          4123.48     -1.3143071E-001
          4134.77     -1.3357914E-001
          4146.05     -1.3572375E-001
          4157.34     -1.3786450E-001
          4168.63     -1.4000137E-001
          4179.92     -1.4213435E-001
          4191.21     -1.4426338E-001
          4202.50     -1.4638843E-001
          4213.79     -1.4850946E-001
          4225.08     -1.5062641E-001
          4236.37     -1.5273922E-001
          4247.66     -1.5484782E-001
          4258.95     -1.5695215E-001
          4270.23     -1.5905213E-001
          4281.52     -1.6114767E-001
          4292.81     -1.6323868E-001
          4304.10     -1.6532508E-001
          4315.39     -1.6740676E-001
          4326.68     -1.6948361E-001
          4337.97     -1.7155552E-001
          4349.26     -1.7362237E-001
          4360.55     -1.7568404E-001
          4371.84     -1.7774039E-001
          4383.12     -1.7979130E-001
          4394.41     -1.8183660E-001
          4405.70     -1.8387616E-001
          4416.99     -1.8590983E-001
          4428.28     -1.8793743E-001
          4439.57     -1.8995880E-001
          4450.86     -1.9197377E-001
          4462.15     -1.9398215E-001
          4473.44     -1.9598376E-001
          4484.73     -1.9797842E-001
          4496.02     -1.9996590E-001
          4507.30     -2.0194603E-001
          4518.59     -2.0391857E-001
          4529.88     -2.0588331E-001
          4541.17     -2.0784003E-001
          4552.46     -2.0978850E-001
          4563.75     -2.1172847E-001
          4575.04     -2.1365971E-001
          4586.33     -2.1558195E-001
          4597.62     -2.1749496E-001
          4608.91     -2.1939845E-001
          4620.20     -2.2129217E-001
          4631.48     -2.2317582E-001
          4642.77     -2.2504913E-001
          4654.06     -2.2691180E-001
          4665.35     -2.2876354E-001
          4676.64     -2.3060404E-001
          4687.93     -2.3243299E-001
          4699.22     -2.3425006E-001
          4710.51     -2.3605493E-001
          4721.80     -2.3784727E-001
          4733.09     -2.3962673E-001
          4744.38     -2.4139297E-001
          4755.66     -2.4314563E-001
          4766.95     -2.4488434E-001
          4778.24     -2.4660874E-001
          4789.53     -2.4831844E-001
          4800.82     -2.5001307E-001
          4812.11     -2.5169222E-001
          4823.40     -2.5335549E-001
          4834.69     -2.5500247E-001
          4845.98     -2.5663276E-001
          4857.27     -2.5824591E-001
          4868.55     -2.5984151E-001
          4879.84     -2.6141910E-001
          4891.13     -2.6297824E-001
          4902.42     -2.6451847E-001
          4913.71     -2.6603932E-001
          4925.00     -2.6754032E-001
          4936.29     -2.6902098E-001
          4947.58     -2.7048083E-001
          4958.87     -2.7191935E-001
          4970.16     -2.7333603E-001
          4981.45     -2.7473036E-001
          4992.73     -2.7610182E-001
          5004.02     -2.7744987E-001
          5015.31     -2.7877396E-001
          5026.60     -2.8007354E-001
          5037.89     -2.8134806E-001
          5049.18     -2.8259693E-001
          5060.47     -2.8381958E-001
          5071.76     -2.8501542E-001
          5083.05     -2.8618385E-001
          5094.34     -2.8732426E-001
          5105.62     -2.8843603E-001
          5116.91     -2.8951853E-001
          5128.20     -2.9057113E-001
          5139.49     -2.9159318E-001
          5150.78     -2.9258402E-001
          5162.07     -2.9354298E-001
          5173.36     -2.9446939E-001
          5184.65     -2.9536255E-001
          5195.94     -2.9622177E-001
          5207.23     -2.9704634E-001
          5218.52     -2.9783553E-001
          5229.80     -2.9858863E-001
          5241.09     -2.9930488E-001
          5252.38     -2.9998354E-001
          5263.67     -3.0062384E-001
          5274.96     -3.0122502E-001
          5286.25     -3.0178627E-001
          5297.54     -3.0230682E-001
          5308.83     -3.0278585E-001
          5320.12     -3.0322254E-001
          5331.41     -3.0361607E-001
          5342.70     -3.0396559E-001
          5353.98     -3.0427025E-001
          5365.27     -3.0452917E-001
          5376.56     -3.0474150E-001
          5387.85     -3.0490633E-001
          5399.14     -3.0502276E-001
          5410.43     -3.0508989E-001
          5421.72     -3.0510678E-001
          5433.01     -3.0507249E-001
          5444.30     -3.0498608E-001
          5455.59     -3.0484659E-001
          5466.88     -3.0465302E-001
          5478.16     -3.0440440E-001
          5489.45     -3.0409972E-001
          5500.74     -3.0373797E-001
          5512.03     -3.0331811E-001
          5523.32     -3.0283910E-001
          5534.61     -3.0229990E-001
          5545.90     -3.0169942E-001
          5557.19     -3.0103658E-001
          5568.48     -3.0031029E-001
          5579.77     -2.9951944E-001
          5591.05     -2.9866289E-001
          5602.34     -2.9773951E-001
          5613.63     -2.9674815E-001
          5624.92     -2.9568764E-001
          5636.21     -2.9455678E-001
          5647.50     -2.9335440E-001
          5658.79     -2.9207926E-001
          5670.08     -2.9073015E-001
          5681.37     -2.8930581E-001
          5692.66     -2.8780500E-001
          5703.95     -2.8622643E-001
          5715.23     -2.8456882E-001
          5726.52     -2.8283086E-001
          5737.81     -2.8101123E-001
          5749.10     -2.7910860E-001
          5760.39     -2.7712161E-001
          5771.68     -2.7504889E-001
          5782.97     -2.7288905E-001
          5794.26     -2.7064069E-001
          5805.55     -2.6830240E-001
          5816.84     -2.6587274E-001
          5828.12     -2.6335025E-001
          5839.41     -2.6073347E-001
          5850.70     -2.5802090E-001
          5861.99     -2.5521104E-001
          5873.28     -2.5230238E-001
          5884.57     -2.4929337E-001
          5895.86     -2.4618245E-001
          5907.15     -2.4296805E-001
          5918.44     -2.3964857E-001
          5929.73     -2.3622241E-001
          5941.02     -2.3268793E-001
          5952.30     -2.2904348E-001
          5963.59     -2.2528739E-001
          5974.88     -2.2141798E-001
          5986.17     -2.1743354E-001
          5997.46     -2.1333235E-001
          6008.75     -2.0911267E-001
          6020.04     -2.0477272E-001
          6031.33     -2.0031073E-001
          6042.62     -1.9572488E-001
          6053.91     -1.9101337E-001
          6065.20     -1.8617434E-001
          6076.48     -1.8120592E-001
          6087.77     -1.7610625E-001
          6099.06     -1.7087340E-001
          6110.35     -1.6550546E-001
          6121.64     -1.6000047E-001
          6132.93     -1.5435647E-001
          6144.22     -1.4857147E-001
          6155.51     -1.4264346E-001
          6166.80     -1.3657040E-001
          6178.09     -1.3035024E-001
          6189.38     -1.2398090E-001
          6200.66     -1.1746028E-001
          6211.95     -1.1078627E-001
          6223.24     -1.0395670E-001
          6234.53     -9.6969431E-002
          6245.82     -8.9822260E-002
          6257.11     -8.2512969E-002
          6268.40     -7.5039333E-002
          6279.69     -6.7399087E-002
          6290.98     -5.9589946E-002
          6302.27     -5.1609603E-002
          6313.55     -4.3455719E-002
          6324.84     -3.5125953E-002
          6336.13     -2.6617916E-002
          6347.42     -1.7929196E-002
          6358.71     -9.0573780E-003
          6370.00     -1.5787797E-037
