          3480.00     -3.2268420E-037
          3491.29     -7.3192010E-008
          3502.58     -1.4621314E-007
          3513.87     -2.1908748E-007
          3525.16     -2.9183839E-007
          3536.45     -3.6448889E-007
          3547.73     -4.3706146E-007
          3559.02     -5.0957792E-007
          3570.31     -5.8205976E-007
          3581.60     -6.5452797E-007
          3592.89     -7.2700304E-007
          3604.18     -7.9950150E-007
          3615.47     -8.7203566E-007
          3626.76     -9.4462308E-007
          3638.05     -1.0172809E-006
          3649.34     -1.0900256E-006
          3660.62     -1.1628736E-006
          3671.91     -1.2358408E-006
          3683.20     -1.3089426E-006
          3694.49     -1.3821944E-006
          3705.78     -1.4556108E-006
          3717.07     -1.5292062E-006
          3728.36     -1.6029950E-006
          3739.65     -1.6769907E-006
          3750.94     -1.7512068E-006
          3762.23     -1.8256564E-006
          3773.52     -1.9003524E-006
          3784.80     -1.9753071E-006
          3796.09     -2.0505331E-006
          3807.38     -2.1260450E-006
          3818.67     -2.2018549E-006
          3829.96     -2.2779741E-006
          3841.25     -2.3544139E-006
          3852.54     -2.4311852E-006
          3863.83     -2.5082987E-006
          3875.12     -2.5857648E-006
          3886.41     -2.6635934E-006
          3897.70     -2.7417943E-006
          3908.98     -2.8203771E-006
          3920.27     -2.8993509E-006
          3931.56     -2.9787246E-006
          3942.85     -3.0585069E-006
          3954.14     -3.1387096E-006
          3965.43     -3.2193417E-006
          3976.72     -3.3004114E-006
          3988.01     -3.3819265E-006
          3999.30     -3.4638945E-006
          4010.59     -3.5463227E-006
          4021.88     -3.6292181E-006
          4033.16     -3.7125875E-006
          4044.45     -3.7964372E-006
          4055.74     -3.8807735E-006
          4067.03     -3.9656022E-006
          4078.32     -4.0509290E-006
          4089.61     -4.1367592E-006
          4100.90     -4.2230978E-006
          4112.19     -4.3099499E-006
          4123.48     -4.3973199E-006
          4134.77     -4.4852120E-006
          4146.05     -4.5736303E-006
          4157.34     -4.6625782E-006
          4168.63     -4.7520591E-006
          4179.92     -4.8420761E-006
          4191.21     -4.9326319E-006
          4202.50     -5.0237289E-006
          4213.79     -5.1153693E-006
          4225.08     -5.2075550E-006
          4236.37     -5.3002875E-006
          4247.66     -5.3935677E-006
          4258.95     -5.4873958E-006
          4270.23     -5.5817726E-006
          4281.52     -5.6766981E-006
          4292.81     -5.7721722E-006
          4304.10     -5.8681945E-006
          4315.39     -5.9647642E-006
          4326.68     -6.0618802E-006
          4337.97     -6.1595409E-006
          4349.26     -6.2577445E-006
          4360.55     -6.3564890E-006
          4371.84     -6.4557843E-006
          4383.12     -6.5556150E-006
          4394.41     -6.6559778E-006
          4405.70     -6.7568677E-006
          4416.99     -6.8582805E-006
          4428.28     -6.9602117E-006
          4439.57     -7.0626564E-006
          4450.86     -7.1656094E-006
          4462.15     -7.2690649E-006
          4473.44     -7.3730168E-006
          4484.73     -7.4774587E-006
          4496.02     -7.5823835E-006
          4507.30     -7.6877840E-006
          4518.59     -7.7936521E-006
          4529.88     -7.8999797E-006
          4541.17     -8.0067583E-006
          4552.46     -8.1139790E-006
          4563.75     -8.2216326E-006
          4575.04     -8.3297092E-006
          4586.33     -8.4381980E-006
          4597.62     -8.5470882E-006
          4608.91     -8.6563681E-006
          4620.20     -8.7660257E-006
          4631.48     -8.8760488E-006
          4642.77     -8.9864240E-006
          4654.06     -9.0971378E-006
          4665.35     -9.2081763E-006
          4676.64     -9.3195248E-006
          4687.93     -9.4311683E-006
          4699.22     -9.5430905E-006
          4710.51     -9.6552753E-006
          4721.80     -9.7677057E-006
          4733.09     -9.8803644E-006
          4744.38     -9.9932332E-006
          4755.66     -1.0106293E-005
          4766.95     -1.0219526E-005
          4778.24     -1.0332911E-005
          4789.53     -1.0446427E-005
          4800.82     -1.0560054E-005
          4812.11     -1.0673770E-005
          4823.40     -1.0787552E-005
          4834.69     -1.0901378E-005
          4845.98     -1.1015222E-005
          4857.27     -1.1129059E-005
          4868.55     -1.1242864E-005
          4879.84     -1.1356609E-005
          4891.13     -1.1470269E-005
          4902.42     -1.1583816E-005
          4913.71     -1.1697222E-005
          4925.00     -1.1810458E-005
          4936.29     -1.1923493E-005
          4947.58     -1.2036299E-005
          4958.87     -1.2148843E-005
          4970.16     -1.2261093E-005
          4981.45     -1.2373016E-005
          4992.73     -1.2484579E-005
          5004.02     -1.2595744E-005
          5015.31     -1.2706475E-005
          5026.60     -1.2816735E-005
          5037.89     -1.2926486E-005
          5049.18     -1.3035692E-005
          5060.47     -1.3144312E-005
          5071.76     -1.3252307E-005
          5083.05     -1.3359636E-005
          5094.34     -1.3466257E-005
          5105.62     -1.3572127E-005
          5116.91     -1.3677203E-005
          5128.20     -1.3781440E-005
          5139.49     -1.3884792E-005
          5150.78     -1.3987210E-005
          5162.07     -1.4088645E-005
          5173.36     -1.4189047E-005
          5184.65     -1.4288366E-005
          5195.94     -1.4386553E-005
          5207.23     -1.4483553E-005
          5218.52     -1.4579315E-005
          5229.80     -1.4673784E-005
          5241.09     -1.4766905E-005
          5252.38     -1.4858620E-005
          5263.67     -1.4948874E-005
          5274.96     -1.5037606E-005
          5286.25     -1.5124757E-005
          5297.54     -1.5210264E-005
          5308.83     -1.5294062E-005
          5320.12     -1.5376087E-005
          5331.41     -1.5456274E-005
          5342.70     -1.5534556E-005
          5353.98     -1.5610866E-005
          5365.27     -1.5685135E-005
          5376.56     -1.5757296E-005
          5387.85     -1.5827274E-005
          5399.14     -1.5894995E-005
          5410.43     -1.5960385E-005
          5421.72     -1.6023370E-005
          5433.01     -1.6083871E-005
          5444.30     -1.6141811E-005
          5455.59     -1.6197101E-005
          5466.88     -1.6249659E-005
          5478.16     -1.6299403E-005
          5489.45     -1.6346247E-005
          5500.74     -1.6390107E-005
          5512.03     -1.6430894E-005
          5523.32     -1.6468519E-005
          5534.61     -1.6502894E-005
          5545.90     -1.6533924E-005
          5557.19     -1.6561517E-005
          5568.48     -1.6585578E-005
          5579.77     -1.6605866E-005
          5591.05     -1.6622256E-005
          5602.34     -1.6634646E-005
          5613.63     -1.6642929E-005
          5624.92     -1.6647000E-005
          5636.21     -1.6646749E-005
          5647.50     -1.6642067E-005
          5658.79     -1.6632842E-005
          5670.08     -1.6618955E-005
          5681.37     -1.6599230E-005
          5692.66     -1.6573530E-005
          5703.95     -1.6541718E-005
          5715.23     -1.6503653E-005
          5726.52     -1.6459196E-005
          5737.81     -1.6408205E-005
          5749.10     -1.6350538E-005
          5760.39     -1.6286053E-005
          5771.68     -1.6214605E-005
          5782.97     -1.6136147E-005
          5794.26     -1.6051569E-005
          5805.55     -1.5960745E-005
          5816.84     -1.5863546E-005
          5828.12     -1.5759842E-005
          5839.41     -1.5649501E-005
          5850.70     -1.5532389E-005
          5861.99     -1.5408370E-005
          5873.28     -1.5277307E-005
          5884.57     -1.5139062E-005
          5895.86     -1.4993492E-005
          5907.15     -1.4840449E-005
          5918.44     -1.4679342E-005
          5929.73     -1.4510018E-005
          5941.02     -1.4332321E-005
          5952.30     -1.4146094E-005
          5963.59     -1.3951181E-005
          5974.88     -1.3747335E-005
          5986.17     -1.3534278E-005
          5997.46     -1.3311846E-005
          6008.75     -1.3079872E-005
          6020.04     -1.2838190E-005
          6031.33     -1.2587224E-005
          6042.62     -1.2326808E-005
          6053.91     -1.2056780E-005
          6065.20     -1.1776972E-005
          6076.48     -1.1487417E-005
          6087.77     -1.1188094E-005
          6099.06     -1.0878836E-005
          6110.35     -1.0559473E-005
          6121.64     -1.0229720E-005
          6132.93     -9.8887511E-006
          6144.22     -9.5363822E-006
          6155.51     -9.1726910E-006
          6166.80     -8.7975110E-006
          6178.09     -8.4112643E-006
          6189.38     -8.0140093E-006
          6200.66     -7.6055580E-006
          6211.95     -7.1857207E-006
          6223.24     -6.7543027E-006
          6234.53     -6.3111026E-006
          6245.82     -5.8559226E-006
          6257.11     -5.3885553E-006
          6268.40     -4.9087984E-006
          6279.69     -4.4164940E-006
          6290.98     -3.9114405E-006
          6302.27     -3.3934105E-006
          6313.55     -2.8621793E-006
          6324.84     -2.3175339E-006
          6336.13     -1.7592595E-006
          6347.42     -1.1870965E-006
          6358.71     -6.0078207E-007
          6370.00      8.1438093E-039
