          3480.00      2.5458691E-029
          3491.29     -4.1202695E-007
          3502.58     -8.2490600E-007
          3513.87     -1.2409712E-006
          3525.16     -1.6625327E-006
          3536.45     -2.0918928E-006
          3547.73     -2.5313571E-006
          3559.02     -2.9832463E-006
          3570.31     -3.4499102E-006
          3581.60     -3.9337387E-006
          3592.89     -4.4371734E-006
          3604.18     -4.9627201E-006
          3615.47     -5.5129586E-006
          3626.76     -6.0905570E-006
          3638.05     -6.6982824E-006
          3649.34     -7.3390111E-006
          3660.62     -8.0157437E-006
          3671.91     -8.7316155E-006
          3683.20     -9.4899101E-006
          3694.49     -1.0294072E-005
          3705.78     -1.1147720E-005
          3717.07     -1.2054659E-005
          3728.36     -1.3018902E-005
          3739.65     -1.4044673E-005
          3750.94     -1.5136432E-005
          3762.23     -1.6298890E-005
          3773.52     -1.7537020E-005
          3784.80     -1.8856082E-005
          3796.09     -2.0261635E-005
          3807.38     -2.1759559E-005
          3818.67     -2.3356078E-005
          3829.96     -2.5057775E-005
          3841.25     -2.6871617E-005
          3852.54     -2.8804981E-005
          3863.83     -3.0865672E-005
          3875.12     -3.3061957E-005
          3886.41     -3.5402578E-005
          3897.70     -3.7896796E-005
          3908.98     -4.0554412E-005
          3920.27     -4.3385791E-005
          3931.56     -4.6401910E-005
          3942.85     -4.9614382E-005
          3954.14     -5.3035492E-005
          3965.43     -5.6678240E-005
          3976.72     -6.0556366E-005
          3988.01     -6.4684411E-005
          3999.30     -6.9077749E-005
          4010.59     -7.3752626E-005
          4021.88     -7.8726223E-005
          4033.16     -8.4016695E-005
          4044.45     -8.9643226E-005
          4055.74     -9.5626090E-005
          4067.03     -1.0198669E-004
          4078.32     -1.0874763E-004
          4089.61     -1.1593280E-004
          4100.90     -1.2356738E-004
          4112.19     -1.3167800E-004
          4123.48     -1.4029272E-004
          4134.77     -1.4944116E-004
          4146.05     -1.5915459E-004
          4157.34     -1.6946593E-004
          4168.63     -1.8040996E-004
          4179.92     -1.9202332E-004
          4191.21     -2.0434460E-004
          4202.50     -2.1741453E-004
          4213.79     -2.3127597E-004
          4225.08     -2.4597412E-004
          4236.37     -2.6155655E-004
          4247.66     -2.7807335E-004
          4258.95     -2.9557726E-004
          4270.23     -3.1412384E-004
          4281.52     -3.3377147E-004
          4292.81     -3.5458165E-004
          4304.10     -3.7661903E-004
          4315.39     -3.9995165E-004
          4326.68     -4.2465103E-004
          4337.97     -4.5079231E-004
          4349.26     -4.7845454E-004
          4360.55     -5.0772079E-004
          4371.84     -5.3867826E-004
          4383.12     -5.7141862E-004
          4394.41     -6.0603810E-004
          4405.70     -6.4263778E-004
          4416.99     -6.8132377E-004
          4428.28     -7.2220733E-004
          4439.57     -7.6540534E-004
          4450.86     -8.1104038E-004
          4462.15     -8.5924094E-004
          4473.44     -9.1014184E-004
          4484.73     -9.6388441E-004
          4496.02     -1.0206168E-003
          4507.30     -1.0804942E-003
          4518.59     -1.1436793E-003
          4529.88     -1.2103424E-003
          4541.17     -1.2806620E-003
          4552.46     -1.3548248E-003
          4563.75     -1.4330263E-003
          4575.04     -1.5154712E-003
          4586.33     -1.6023735E-003
          4597.62     -1.6939574E-003
          4608.91     -1.7904568E-003
          4620.20     -1.8921167E-003
          4631.48     -1.9991932E-003
          4642.77     -2.1119536E-003
          4654.06     -2.2306774E-003
          4665.35     -2.3556567E-003
          4676.64     -2.4871963E-003
          4687.93     -2.6256147E-003
          4699.22     -2.7712438E-003
          4710.51     -2.9244304E-003
          4721.80     -3.0855365E-003
          4733.09     -3.2549388E-003
          4744.38     -3.4330310E-003
          4755.66     -3.6202231E-003
          4766.95     -3.8169423E-003
          4778.24     -4.0236342E-003
          4789.53     -4.2407620E-003
          4800.82     -4.4688088E-003
          4812.11     -4.7082775E-003
          4823.40     -4.9596908E-003
          4834.69     -5.2235932E-003
          4845.98     -5.5005509E-003
          4857.27     -5.7911524E-003
          4868.55     -6.0960100E-003
          4879.84     -6.4157589E-003
          4891.13     -6.7510599E-003
          4902.42     -7.1025992E-003
          4913.71     -7.4710885E-003
          4925.00     -7.8572671E-003
          4936.29     -8.2619017E-003
          4947.58     -8.6857876E-003
          4958.87     -9.1297497E-003
          4970.16     -9.5946417E-003
          4981.45     -1.0081349E-002
          4992.73     -1.0590789E-002
          5004.02     -1.1123910E-002
          5015.31     -1.1681695E-002
          5026.60     -1.2265159E-002
          5037.89     -1.2875353E-002
          5049.18     -1.3513363E-002
          5060.47     -1.4180310E-002
          5071.76     -1.4877352E-002
          5083.05     -1.5605686E-002
          5094.34     -1.6366544E-002
          5105.62     -1.7161199E-002
          5116.91     -1.7990961E-002
          5128.20     -1.8857182E-002
          5139.49     -1.9761252E-002
          5150.78     -2.0704601E-002
          5162.07     -2.1688702E-002
          5173.36     -2.2715068E-002
          5184.65     -2.3785251E-002
          5195.94     -2.4900848E-002
          5207.23     -2.6063496E-002
          5218.52     -2.7274871E-002
          5229.80     -2.8536696E-002
          5241.09     -2.9850726E-002
          5252.38     -3.1218764E-002
          5263.67     -3.2642650E-002
          5274.96     -3.4124263E-002
          5286.25     -3.5665519E-002
          5297.54     -3.7268373E-002
          5308.83     -3.8934816E-002
          5320.12     -4.0666874E-002
          5331.41     -4.2466601E-002
          5342.70     -4.4336087E-002
          5353.98     -4.6277450E-002
          5365.27     -4.8292829E-002
          5376.56     -5.0384392E-002
          5387.85     -5.2554324E-002
          5399.14     -5.4804830E-002
          5410.43     -5.7138126E-002
          5421.72     -5.9556433E-002
          5433.01     -6.2061982E-002
          5444.30     -6.4657001E-002
          5455.59     -6.7343709E-002
          5466.88     -7.0124313E-002
          5478.16     -7.3001005E-002
          5489.45     -7.5975945E-002
          5500.74     -7.9051264E-002
          5512.03     -8.2229041E-002
          5523.32     -8.5511312E-002
          5534.61     -8.8900049E-002
          5545.90     -9.2397145E-002
          5557.19     -9.6004414E-002
          5568.48     -9.9723572E-002
          5579.77     -1.0355622E-001
          5591.05     -1.0750385E-001
          5602.34     -1.1156779E-001
          5613.63     -1.1574922E-001
          5624.92     -1.2004916E-001
          5636.21     -1.2446840E-001
          5647.50     -1.2900755E-001
          5658.79     -1.3366696E-001
          5670.08     -1.3844674E-001
          5681.37     -1.4334669E-001
          5692.66     -1.4836630E-001
          5703.95     -1.5350474E-001
          5715.23     -1.5876080E-001
          5726.52     -1.6413283E-001
          5737.81     -1.6961879E-001
          5749.10     -1.7521614E-001
          5760.39     -1.8092181E-001
          5771.68     -1.8673221E-001
          5782.97     -1.9264310E-001
          5794.26     -1.9864963E-001
          5805.55     -2.0474622E-001
          5816.84     -2.1092655E-001
          5828.12     -2.1718349E-001
          5839.41     -2.2350904E-001
          5850.70     -2.2989425E-001
          5861.99     -2.3632920E-001
          5873.28     -2.4280285E-001
          5884.57     -2.4930306E-001
          5895.86     -2.5581642E-001
          5907.15     -2.6232821E-001
          5918.44     -2.6882234E-001
          5929.73     -2.7528117E-001
          5941.02     -2.8168550E-001
          5952.30     -2.8801440E-001
          5963.59     -2.9424512E-001
          5974.88     -3.0035297E-001
          5986.17     -3.0631122E-001
          5997.46     -3.1209091E-001
          6008.75     -3.1766075E-001
          6020.04     -3.2298699E-001
          6031.33     -3.2803321E-001
          6042.62     -3.3276020E-001
          6053.91     -3.3712577E-001
          6065.20     -3.4108456E-001
          6076.48     -3.4458787E-001
          6087.77     -3.4758344E-001
          6099.06     -3.5001523E-001
          6110.35     -3.5182321E-001
          6121.64     -3.5294314E-001
          6132.93     -3.5330625E-001
          6144.22     -3.5283908E-001
          6155.51     -3.5146310E-001
          6166.80     -3.4909450E-001
          6178.09     -3.4564385E-001
          6189.38     -3.4101577E-001
          6200.66     -3.3510859E-001
          6211.95     -3.2781404E-001
          6223.24     -3.1901681E-001
          6234.53     -3.0859422E-001
          6245.82     -2.9641575E-001
          6257.11     -2.8234263E-001
          6268.40     -2.6622743E-001
          6279.69     -2.4791350E-001
          6290.98     -2.2723451E-001
          6302.27     -2.0401395E-001
          6313.55     -1.7806449E-001
          6324.84     -1.4918754E-001
          6336.13     -1.1717250E-001
          6347.42     -8.1796154E-002
          6358.71     -4.2822131E-002
          6370.00     -1.5304111E-034
