          3480.00     -8.1579192E-037
          3491.29     -2.8686542E-008
          3502.58     -5.7324377E-008
          3513.87     -8.5930276E-008
          3525.16     -1.1452060E-007
          3536.45     -1.4311146E-007
          3547.73     -1.7171867E-007
          3559.02     -2.0035766E-007
          3570.31     -2.2904367E-007
          3581.60     -2.5779165E-007
          3592.89     -2.8661628E-007
          3604.18     -3.1553086E-007
          3615.47     -3.4454719E-007
          3626.76     -3.7367862E-007
          3638.05     -4.0293826E-007
          3649.34     -4.3233898E-007
          3660.62     -4.6189351E-007
          3671.91     -4.9161436E-007
          3683.20     -5.2151386E-007
          3694.49     -5.5160421E-007
          3705.78     -5.8189734E-007
          3717.07     -6.1240511E-007
          3728.36     -6.4313922E-007
          3739.65     -6.7411115E-007
          3750.94     -7.0533229E-007
          3762.23     -7.3681389E-007
          3773.52     -7.6856703E-007
          3784.80     -8.0060273E-007
          3796.09     -8.3293186E-007
          3807.38     -8.6556626E-007
          3818.67     -8.9851666E-007
          3829.96     -9.3179361E-007
          3841.25     -9.6540764E-007
          3852.54     -9.9936909E-007
          3863.83     -1.0336883E-006
          3875.12     -1.0683753E-006
          3886.41     -1.1034403E-006
          3897.70     -1.1388931E-006
          3908.98     -1.1747438E-006
          3920.27     -1.2110018E-006
          3931.56     -1.2476771E-006
          3942.85     -1.2847790E-006
          3954.14     -1.3223184E-006
          3965.43     -1.3603051E-006
          3976.72     -1.3987484E-006
          3988.01     -1.4376577E-006
          3999.30     -1.4770423E-006
          4010.59     -1.5169111E-006
          4021.88     -1.5572733E-006
          4033.16     -1.5981378E-006
          4044.45     -1.6395134E-006
          4055.74     -1.6814090E-006
          4067.03     -1.7238331E-006
          4078.32     -1.7667944E-006
          4089.61     -1.8103013E-006
          4100.90     -1.8543621E-006
          4112.19     -1.8989852E-006
          4123.48     -1.9441788E-006
          4134.77     -1.9899509E-006
          4146.05     -2.0363095E-006
          4157.34     -2.0832624E-006
          4168.63     -2.1308174E-006
          4179.92     -2.1789820E-006
          4191.21     -2.2277637E-006
          4202.50     -2.2771699E-006
          4213.79     -2.3272078E-006
          4225.08     -2.3778846E-006
          4236.37     -2.4292073E-006
          4247.66     -2.4811826E-006
          4258.95     -2.5338169E-006
          4270.23     -2.5871169E-006
          4281.52     -2.6410888E-006
          4292.81     -2.6957389E-006
          4304.10     -2.7510733E-006
          4315.39     -2.8070979E-006
          4326.68     -2.8638185E-006
          4337.97     -2.9212407E-006
          4349.26     -2.9793697E-006
          4360.55     -3.0382110E-006
          4371.84     -3.0977750E-006
          4383.12     -3.1580610E-006
          4394.41     -3.2190738E-006
          4405.70     -3.2808170E-006
          4416.99     -3.3432950E-006
          4428.28     -3.4065114E-006
          4439.57     -3.4704701E-006
          4450.86     -3.5351746E-006
          4462.15     -3.6006279E-006
          4473.44     -3.6668332E-006
          4484.73     -3.7337932E-006
          4496.02     -3.8015101E-006
          4507.30     -3.8699864E-006
          4518.59     -3.9392237E-006
          4529.88     -4.0092236E-006
          4541.17     -4.0799877E-006
          4552.46     -4.1515168E-006
          4563.75     -4.2238120E-006
          4575.04     -4.2968735E-006
          4586.33     -4.3707013E-006
          4597.62     -4.4452952E-006
          4608.91     -4.5206543E-006
          4620.20     -4.5967776E-006
          4631.48     -4.6736638E-006
          4642.77     -4.7513108E-006
          4654.06     -4.8297165E-006
          4665.35     -4.9088781E-006
          4676.64     -4.9887927E-006
          4687.93     -5.0694568E-006
          4699.22     -5.1508661E-006
          4710.51     -5.2330162E-006
          4721.80     -5.3159022E-006
          4733.09     -5.3995188E-006
          4744.38     -5.4838599E-006
          4755.66     -5.5689192E-006
          4766.95     -5.6546896E-006
          4778.24     -5.7411639E-006
          4789.53     -5.8283337E-006
          4800.82     -5.9161905E-006
          4812.11     -6.0047252E-006
          4823.40     -6.0939278E-006
          4834.69     -6.1837880E-006
          4845.98     -6.2742946E-006
          4857.27     -6.3654348E-006
          4868.55     -6.4571962E-006
          4879.84     -6.5495654E-006
          4891.13     -6.6425288E-006
          4902.42     -6.7360720E-006
          4913.71     -6.8301795E-006
          4925.00     -6.9248352E-006
          4936.29     -7.0200226E-006
          4947.58     -7.1157240E-006
          4958.87     -7.2119211E-006
          4970.16     -7.3085946E-006
          4981.45     -7.4057244E-006
          4992.73     -7.5032897E-006
          5004.02     -7.6012669E-006
          5015.31     -7.6996327E-006
          5026.60     -7.7983634E-006
          5037.89     -7.8974343E-006
          5049.18     -7.9968200E-006
          5060.47     -8.0964934E-006
          5071.76     -8.1964272E-006
          5083.05     -8.2965925E-006
          5094.34     -8.3969596E-006
          5105.62     -8.4974976E-006
          5116.91     -8.5981746E-006
          5128.20     -8.6989574E-006
          5139.49     -8.7998120E-006
          5150.78     -8.9007013E-006
          5162.07     -9.0015876E-006
          5173.36     -9.1024330E-006
          5184.65     -9.2031980E-006
          5195.94     -9.3038423E-006
          5207.23     -9.4043238E-006
          5218.52     -9.5045996E-006
          5229.80     -9.6046250E-006
          5241.09     -9.7043539E-006
          5252.38     -9.8037390E-006
          5263.67     -9.9027316E-006
          5274.96     -1.0001281E-005
          5286.25     -1.0099336E-005
          5297.54     -1.0196841E-005
          5308.83     -1.0293741E-005
          5320.12     -1.0389978E-005
          5331.41     -1.0485494E-005
          5342.70     -1.0580229E-005
          5353.98     -1.0674121E-005
          5365.27     -1.0767106E-005
          5376.56     -1.0859121E-005
          5387.85     -1.0950097E-005
          5399.14     -1.1039964E-005
          5410.43     -1.1128653E-005
          5421.72     -1.1216089E-005
          5433.01     -1.1302198E-005
          5444.30     -1.1386904E-005
          5455.59     -1.1470122E-005
          5466.88     -1.1551771E-005
          5478.16     -1.1631768E-005
          5489.45     -1.1710027E-005
          5500.74     -1.1786462E-005
          5512.03     -1.1860982E-005
          5523.32     -1.1933495E-005
          5534.61     -1.2003908E-005
          5545.90     -1.2072124E-005
          5557.19     -1.2138043E-005
          5568.48     -1.2201565E-005
          5579.77     -1.2262492E-005
          5591.05     -1.2320701E-005
          5602.34     -1.2376079E-005
          5613.63     -1.2428513E-005
          5624.92     -1.2477884E-005
          5636.21     -1.2524073E-005
          5647.50     -1.2566958E-005
          5658.79     -1.2606414E-005
          5670.08     -1.2642308E-005
          5681.37     -1.2673808E-005
          5692.66     -1.2700763E-005
          5703.95     -1.2723017E-005
          5715.23     -1.2740414E-005
          5726.52     -1.2752796E-005
          5737.81     -1.2760001E-005
          5749.10     -1.2761868E-005
          5760.39     -1.2758232E-005
          5771.68     -1.2748926E-005
          5782.97     -1.2733847E-005
          5794.26     -1.2713527E-005
          5805.55     -1.2687813E-005
          5816.84     -1.2656547E-005
          5828.12     -1.2619567E-005
          5839.41     -1.2576711E-005
          5850.70     -1.2527811E-005
          5861.99     -1.2472695E-005
          5873.28     -1.2411190E-005
          5884.57     -1.2343119E-005
          5895.86     -1.2268301E-005
          5907.15     -1.2186546E-005
          5918.44     -1.2097357E-005
          5929.73     -1.2000535E-005
          5941.02     -1.1895880E-005
          5952.30     -1.1783186E-005
          5963.59     -1.1662247E-005
          5974.88     -1.1532790E-005
          5986.17     -1.1394520E-005
          5997.46     -1.1247216E-005
          6008.75     -1.1090656E-005
          6020.04     -1.0924615E-005
          6031.33     -1.0749284E-005
          6042.62     -1.0564436E-005
          6053.91     -1.0369843E-005
          6065.20     -1.0165273E-005
          6076.48     -9.9506318E-006
          6087.77     -9.7257865E-006
          6099.06     -9.4904961E-006
          6110.35     -9.2445149E-006
          6121.64     -8.9875126E-006
          6132.93     -8.7187693E-006
          6144.22     -8.4380130E-006
          6155.51     -8.1451655E-006
          6166.80     -7.8399684E-006
          6178.09     -7.5225848E-006
          6189.38     -7.1929140E-006
          6200.66     -6.8506742E-006
          6211.95     -6.4955790E-006
          6223.24     -6.1273343E-006
          6234.53     -5.7456374E-006
          6245.82     -5.3501843E-006
          6257.11     -4.9406600E-006
          6268.40     -4.5167493E-006
          6279.69     -4.0781651E-006
          6290.98     -3.6245843E-006
          6302.27     -3.1556609E-006
          6313.55     -2.6710463E-006
          6324.84     -2.1703966E-006
          6336.13     -1.6533615E-006
          6347.42     -1.1195536E-006
          6358.71     -5.6857906E-007
          6370.00      3.8706597E-039
