          3480.00      3.0674834E-033
          3491.29     -1.2485827E-010
          3502.58     -2.4974121E-010
          3513.87     -3.7513565E-010
          3525.16     -5.0152144E-010
          3536.45     -6.2937414E-010
          3547.73     -7.5916651E-010
          3559.02     -8.9137005E-010
          3570.31     -1.0264574E-009
          3581.60     -1.1649036E-009
          3592.89     -1.3071879E-009
          3604.18     -1.4537955E-009
          3615.47     -1.6052185E-009
          3626.76     -1.7619586E-009
          3638.05     -1.9245277E-009
          3649.34     -2.0934496E-009
          3660.62     -2.2692621E-009
          3671.91     -2.4525178E-009
          3683.20     -2.6437861E-009
          3694.49     -2.8436547E-009
          3705.78     -3.0527307E-009
          3717.07     -3.2716427E-009
          3728.36     -3.5010426E-009
          3739.65     -3.7416058E-009
          3750.94     -3.9940349E-009
          3762.23     -4.2590598E-009
          3773.52     -4.5374400E-009
          3784.80     -4.8299666E-009
          3796.09     -5.1374629E-009
          3807.38     -5.4607879E-009
          3818.67     -5.8008376E-009
          3829.96     -6.1585455E-009
          3841.25     -6.5348870E-009
          3852.54     -6.9308797E-009
          3863.83     -7.3475864E-009
          3875.12     -7.7861171E-009
          3886.41     -8.2476300E-009
          3897.70     -8.7333362E-009
          3908.98     -9.2445008E-009
          3920.27     -9.7824441E-009
          3931.56     -1.0348547E-008
          3942.85     -1.0944251E-008
          3954.14     -1.1571063E-008
          3965.43     -1.2230557E-008
          3976.72     -1.2924376E-008
          3988.01     -1.3654238E-008
          3999.30     -1.4421937E-008
          4010.59     -1.5229344E-008
          4021.88     -1.6078417E-008
          4033.16     -1.6971197E-008
          4044.45     -1.7909818E-008
          4055.74     -1.8896506E-008
          4067.03     -1.9933582E-008
          4078.32     -2.1023473E-008
          4089.61     -2.2168711E-008
          4100.90     -2.3371932E-008
          4112.19     -2.4635891E-008
          4123.48     -2.5963463E-008
          4134.77     -2.7357641E-008
          4146.05     -2.8821552E-008
          4157.34     -3.0358449E-008
          4168.63     -3.1971727E-008
          4179.92     -3.3664926E-008
          4191.21     -3.5441729E-008
          4202.50     -3.7305978E-008
          4213.79     -3.9261673E-008
          4225.08     -4.1312981E-008
          4236.37     -4.3464241E-008
          4247.66     -4.5719967E-008
          4258.95     -4.8084861E-008
          4270.23     -5.0563818E-008
          4281.52     -5.3161925E-008
          4292.81     -5.5884481E-008
          4304.10     -5.8736993E-008
          4315.39     -6.1725190E-008
          4326.68     -6.4855033E-008
          4337.97     -6.8132707E-008
          4349.26     -7.1564650E-008
          4360.55     -7.5157554E-008
          4371.84     -7.8918359E-008
          4383.12     -8.2854286E-008
          4394.41     -8.6972828E-008
          4405.70     -9.1281768E-008
          4416.99     -9.5789189E-008
          4428.28     -1.0050347E-007
          4439.57     -1.0543331E-007
          4450.86     -1.1058774E-007
          4462.15     -1.1597611E-007
          4473.44     -1.2160815E-007
          4484.73     -1.2749390E-007
          4496.02     -1.3364382E-007
          4507.30     -1.4006872E-007
          4518.59     -1.4677978E-007
          4529.88     -1.5378863E-007
          4541.17     -1.6110729E-007
          4552.46     -1.6874819E-007
          4563.75     -1.7672423E-007
          4575.04     -1.8504873E-007
          4586.33     -1.9373550E-007
          4597.62     -2.0279882E-007
          4608.91     -2.1225342E-007
          4620.20     -2.2211459E-007
          4631.48     -2.3239810E-007
          4642.77     -2.4312024E-007
          4654.06     -2.5429788E-007
          4665.35     -2.6594839E-007
          4676.64     -2.7808977E-007
          4687.93     -2.9074055E-007
          4699.22     -3.0391988E-007
          4710.51     -3.1764752E-007
          4721.80     -3.3194385E-007
          4733.09     -3.4682986E-007
          4744.38     -3.6232724E-007
          4755.66     -3.7845831E-007
          4766.95     -3.9524608E-007
          4778.24     -4.1271426E-007
          4789.53     -4.3088722E-007
          4800.82     -4.4979010E-007
          4812.11     -4.6944876E-007
          4823.40     -4.8988977E-007
          4834.69     -5.1114048E-007
          4845.98     -5.3322902E-007
          4857.27     -5.5618426E-007
          4868.55     -5.8003592E-007
          4879.84     -6.0481443E-007
          4891.13     -6.3055110E-007
          4902.42     -6.5727807E-007
          4913.71     -6.8502821E-007
          4925.00     -7.1383533E-007
          4936.29     -7.4373403E-007
          4947.58     -7.7475978E-007
          4958.87     -8.0694890E-007
          4970.16     -8.4033850E-007
          4981.45     -8.7496664E-007
          4992.73     -9.1087222E-007
          5004.02     -9.4809492E-007
          5015.31     -9.8667537E-007
          5026.60     -1.0266550E-006
          5037.89     -1.0680761E-006
          5049.18     -1.1109819E-006
          5060.47     -1.1554162E-006
          5071.76     -1.2014239E-006
          5083.05     -1.2490505E-006
          5094.34     -1.2983425E-006
          5105.62     -1.3493468E-006
          5116.91     -1.4021116E-006
          5128.20     -1.4566852E-006
          5139.49     -1.5131171E-006
          5150.78     -1.5714572E-006
          5162.07     -1.6317560E-006
          5173.36     -1.6940648E-006
          5184.65     -1.7584351E-006
          5195.94     -1.8249193E-006
          5207.23     -1.8935698E-006
          5218.52     -1.9644397E-006
          5229.80     -2.0375824E-006
          5241.09     -2.1130513E-006
          5252.38     -2.1909001E-006
          5263.67     -2.2711828E-006
          5274.96     -2.3539530E-006
          5286.25     -2.4392644E-006
          5297.54     -2.5271705E-006
          5308.83     -2.6177246E-006
          5320.12     -2.7109794E-006
          5331.41     -2.8069869E-006
          5342.70     -2.9057988E-006
          5353.98     -3.0074656E-006
          5365.27     -3.1120369E-006
          5376.56     -3.2195612E-006
          5387.85     -3.3300855E-006
          5399.14     -3.4436554E-006
          5410.43     -3.5603148E-006
          5421.72     -3.6801054E-006
          5433.01     -3.8030667E-006
          5444.30     -3.9292361E-006
          5455.59     -4.0586478E-006
          5466.88     -4.1913334E-006
          5478.16     -4.3273210E-006
          5489.45     -4.4666353E-006
          5500.74     -4.6092969E-006
          5512.03     -4.7553221E-006
          5523.32     -4.9047226E-006
          5534.61     -5.0575052E-006
          5545.90     -5.2136709E-006
          5557.19     -5.3732150E-006
          5568.48     -5.5361265E-006
          5579.77     -5.7023875E-006
          5591.05     -5.8719728E-006
          5602.34     -6.0448489E-006
          5613.63     -6.2209741E-006
          5624.92     -6.4002978E-006
          5636.21     -6.5827590E-006
          5647.50     -6.7682870E-006
          5658.79     -6.9567995E-006
          5670.08     -7.1482026E-006
          5681.37     -7.3423896E-006
          5692.66     -7.5392401E-006
          5703.95     -7.7386196E-006
          5715.23     -7.9403786E-006
          5726.52     -8.1443506E-006
          5737.81     -8.3503525E-006
          5749.10     -8.5581825E-006
          5760.39     -8.7676198E-006
          5771.68     -8.9784228E-006
          5782.97     -9.1903277E-006
          5794.26     -9.4030482E-006
          5805.55     -9.6162735E-006
          5816.84     -9.8296662E-006
          5828.12     -1.0042862E-005
          5839.41     -1.0255469E-005
          5850.70     -1.0467063E-005
          5861.99     -1.0677187E-005
          5873.28     -1.0885353E-005
          5884.57     -1.1091033E-005
          5895.86     -1.1293666E-005
          5907.15     -1.1492646E-005
          5918.44     -1.1687330E-005
          5929.73     -1.1877026E-005
          5941.02     -1.2060999E-005
          5952.30     -1.2238463E-005
          5963.59     -1.2408581E-005
          5974.88     -1.2570461E-005
          5986.17     -1.2723156E-005
          5997.46     -1.2865656E-005
          6008.75     -1.2996890E-005
          6020.04     -1.3115720E-005
          6031.33     -1.3220939E-005
          6042.62     -1.3311265E-005
          6053.91     -1.3385343E-005
          6065.20     -1.3441733E-005
          6076.48     -1.3478914E-005
          6087.77     -1.3495274E-005
          6099.06     -1.3489111E-005
          6110.35     -1.3458622E-005
          6121.64     -1.3401905E-005
          6132.93     -1.3316949E-005
          6144.22     -1.3201632E-005
          6155.51     -1.3053715E-005
          6166.80     -1.2870834E-005
          6178.09     -1.2650500E-005
          6189.38     -1.2390085E-005
          6200.66     -1.2086824E-005
          6211.95     -1.1737802E-005
          6223.24     -1.1339951E-005
          6234.53     -1.0890040E-005
          6245.82     -1.0384673E-005
          6257.11     -9.8202723E-006
          6268.40     -9.1930812E-006
          6279.69     -8.4991474E-006
          6290.98     -7.7343179E-006
          6302.27     -6.8942296E-006
          6313.55     -5.9742990E-006
          6324.84     -4.9697156E-006
          6336.13     -3.8754272E-006
          6347.42     -2.6861312E-006
          6358.71     -1.3962674E-006
          6370.00      4.9744790E-039
