          3480.00      1.2958584E-034
          3491.29     -2.0612759E-010
          3502.58     -4.1220910E-010
          3513.87     -6.1896808E-010
          3525.16     -8.2711705E-010
          3536.45     -1.0373612E-009
          3547.73     -1.2504006E-009
          3559.02     -1.4669316E-009
          3570.31     -1.6876510E-009
          3581.60     -1.9132570E-009
          3592.89     -2.1444519E-009
          3604.18     -2.3819447E-009
          3615.47     -2.6264516E-009
          3626.76     -2.8787004E-009
          3638.05     -3.1394309E-009
          3649.34     -3.4093970E-009
          3660.62     -3.6893696E-009
          3671.91     -3.9801380E-009
          3683.20     -4.2825116E-009
          3694.49     -4.5973229E-009
          3705.78     -4.9254276E-009
          3717.07     -5.2677087E-009
          3728.36     -5.6250777E-009
          3739.65     -5.9984755E-009
          3750.94     -6.3888761E-009
          3762.23     -6.7972881E-009
          3773.52     -7.2247563E-009
          3784.80     -7.6723649E-009
          3796.09     -8.1412376E-009
          3807.38     -8.6325425E-009
          3818.67     -9.1474931E-009
          3829.96     -9.6873491E-009
          3841.25     -1.0253422E-008
          3852.54     -1.0847075E-008
          3863.83     -1.1469726E-008
          3875.12     -1.2122851E-008
          3886.41     -1.2807985E-008
          3897.70     -1.3526728E-008
          3908.98     -1.4280745E-008
          3920.27     -1.5071765E-008
          3931.56     -1.5901596E-008
          3942.85     -1.6772114E-008
          3954.14     -1.7685276E-008
          3965.43     -1.8643119E-008
          3976.72     -1.9647762E-008
          3988.01     -2.0701413E-008
          3999.30     -2.1806372E-008
          4010.59     -2.2965031E-008
          4021.88     -2.4179880E-008
          4033.16     -2.5453512E-008
          4044.45     -2.6788627E-008
          4055.74     -2.8188033E-008
          4067.03     -2.9654651E-008
          4078.32     -3.1191521E-008
          4089.61     -3.2801808E-008
          4100.90     -3.4488800E-008
          4112.19     -3.6255919E-008
          4123.48     -3.8106724E-008
          4134.77     -4.0044913E-008
          4146.05     -4.2074334E-008
          4157.34     -4.4198982E-008
          4168.63     -4.6423013E-008
          4179.92     -4.8750745E-008
          4191.21     -5.1186659E-008
          4202.50     -5.3735417E-008
          4213.79     -5.6401855E-008
          4225.08     -5.9190999E-008
          4236.37     -6.2108067E-008
          4247.66     -6.5158469E-008
          4258.95     -6.8347827E-008
          4270.23     -7.1681976E-008
          4281.52     -7.5166959E-008
          4292.81     -7.8809056E-008
          4304.10     -8.2614775E-008
          4315.39     -8.6590865E-008
          4326.68     -9.0744326E-008
          4337.97     -9.5082404E-008
          4349.26     -9.9612617E-008
          4360.55     -1.0434276E-007
          4371.84     -1.0928089E-007
          4383.12     -1.1443536E-007
          4394.41     -1.1981483E-007
          4405.70     -1.2542826E-007
          4416.99     -1.3128492E-007
          4428.28     -1.3739440E-007
          4439.57     -1.4376663E-007
          4450.86     -1.5041188E-007
          4462.15     -1.5734078E-007
          4473.44     -1.6456430E-007
          4484.73     -1.7209380E-007
          4496.02     -1.7994103E-007
          4507.30     -1.8811810E-007
          4518.59     -1.9663754E-007
          4529.88     -2.0551230E-007
          4541.17     -2.1475574E-007
          4552.46     -2.2438166E-007
          4563.75     -2.3440428E-007
          4575.04     -2.4483832E-007
          4586.33     -2.5569893E-007
          4597.62     -2.6700175E-007
          4608.91     -2.7876290E-007
          4620.20     -2.9099901E-007
          4631.48     -3.0372721E-007
          4642.77     -3.1696515E-007
          4654.06     -3.3073101E-007
          4665.35     -3.4504353E-007
          4676.64     -3.5992199E-007
          4687.93     -3.7538624E-007
          4699.22     -3.9145669E-007
          4710.51     -4.0815435E-007
          4721.80     -4.2550085E-007
          4733.09     -4.4351837E-007
          4744.38     -4.6222975E-007
          4755.66     -4.8165845E-007
          4766.95     -5.0182856E-007
          4778.24     -5.2276486E-007
          4789.53     -5.4449269E-007
          4800.82     -5.6703814E-007
          4812.11     -5.9042796E-007
          4823.40     -6.1468953E-007
          4834.69     -6.3985098E-007
          4845.98     -6.6594109E-007
          4857.27     -6.9298937E-007
          4868.55     -7.2102605E-007
          4879.84     -7.5008200E-007
          4891.13     -7.8018886E-007
          4902.42     -8.1137902E-007
          4913.71     -8.4368549E-007
          4925.00     -8.7714208E-007
          4936.29     -9.1178331E-007
          4947.58     -9.4764440E-007
          4958.87     -9.8476133E-007
          4970.16     -1.0231707E-006
          4981.45     -1.0629099E-006
          4992.73     -1.1040171E-006
          5004.02     -1.1465309E-006
          5015.31     -1.1904908E-006
          5026.60     -1.2359369E-006
          5037.89     -1.2829101E-006
          5049.18     -1.3314517E-006
          5060.47     -1.3816037E-006
          5071.76     -1.4334087E-006
          5083.05     -1.4869102E-006
          5094.34     -1.5421516E-006
          5105.62     -1.5991773E-006
          5116.91     -1.6580322E-006
          5128.20     -1.7187613E-006
          5139.49     -1.7814105E-006
          5150.78     -1.8460256E-006
          5162.07     -1.9126531E-006
          5173.36     -1.9813394E-006
          5184.65     -2.0521315E-006
          5195.94     -2.1250763E-006
          5207.23     -2.2002210E-006
          5218.52     -2.2776125E-006
          5229.80     -2.3572981E-006
          5241.09     -2.4393246E-006
          5252.38     -2.5237388E-006
          5263.67     -2.6105871E-006
          5274.96     -2.6999154E-006
          5286.25     -2.7917694E-006
          5297.54     -2.8861938E-006
          5308.83     -2.9832329E-006
          5320.12     -3.0829299E-006
          5331.41     -3.1853270E-006
          5342.70     -3.2904654E-006
          5353.98     -3.3983850E-006
          5365.27     -3.5091239E-006
          5376.56     -3.6227189E-006
          5387.85     -3.7392048E-006
          5399.14     -3.8586145E-006
          5410.43     -3.9809786E-006
          5421.72     -4.1063252E-006
          5433.01     -4.2346797E-006
          5444.30     -4.3660648E-006
          5455.59     -4.5004996E-006
          5466.88     -4.6379999E-006
          5478.16     -4.7785781E-006
          5489.45     -4.9222420E-006
          5500.74     -5.0689954E-006
          5512.03     -5.2188369E-006
          5523.32     -5.3717606E-006
          5534.61     -5.5277550E-006
          5545.90     -5.6868021E-006
          5557.19     -5.8488784E-006
          5568.48     -6.0139534E-006
          5579.77     -6.1819893E-006
          5591.05     -6.3529409E-006
          5602.34     -6.5267544E-006
          5613.63     -6.7033675E-006
          5624.92     -6.8827089E-006
          5636.21     -7.0646967E-006
          5647.50     -7.2492392E-006
          5658.79     -7.4362331E-006
          5670.08     -7.6255634E-006
          5681.37     -7.8171029E-006
          5692.66     -8.0107101E-006
          5703.95     -8.2062304E-006
          5715.23     -8.4034939E-006
          5726.52     -8.6023145E-006
          5737.81     -8.8024900E-006
          5749.10     -9.0038002E-006
          5760.39     -9.2060063E-006
          5771.68     -9.4088500E-006
          5782.97     -9.6120516E-006
          5794.26     -9.8153102E-006
          5805.55     -1.0018302E-005
          5816.84     -1.0220677E-005
          5828.12     -1.0422061E-005
          5839.41     -1.0622054E-005
          5850.70     -1.0820225E-005
          5861.99     -1.1016115E-005
          5873.28     -1.1209232E-005
          5884.57     -1.1399052E-005
          5895.86     -1.1585016E-005
          5907.15     -1.1766528E-005
          5918.44     -1.1942954E-005
          5929.73     -1.2113620E-005
          5941.02     -1.2277809E-005
          5952.30     -1.2434760E-005
          5963.59     -1.2583664E-005
          5974.88     -1.2723667E-005
          5986.17     -1.2853860E-005
          5997.46     -1.2973281E-005
          6008.75     -1.3080914E-005
          6020.04     -1.3175680E-005
          6031.33     -1.3256443E-005
          6042.62     -1.3322000E-005
          6053.91     -1.3371078E-005
          6065.20     -1.3402339E-005
          6076.48     -1.3414365E-005
          6087.77     -1.3405665E-005
          6099.06     -1.3374664E-005
          6110.35     -1.3319704E-005
          6121.64     -1.3239038E-005
          6132.93     -1.3130825E-005
          6144.22     -1.2993130E-005
          6155.51     -1.2823915E-005
          6166.80     -1.2621037E-005
          6178.09     -1.2382243E-005
          6189.38     -1.2105164E-005
          6200.66     -1.1787313E-005
          6211.95     -1.1426074E-005
          6223.24     -1.1018704E-005
          6234.53     -1.0562321E-005
          6245.82     -1.0053902E-005
          6257.11     -9.4902745E-006
          6268.40     -8.8681118E-006
          6279.69     -8.1839254E-006
          6290.98     -7.4340584E-006
          6302.27     -6.6146787E-006
          6313.55     -5.7217703E-006
          6324.84     -4.7511295E-006
          6336.13     -3.6983513E-006
          6347.42     -2.5588242E-006
          6358.71     -1.3277241E-006
          6370.00      4.7278868E-039
