          3480.00      1.8443107E-031
          3491.29     -1.9483647E-012
          3502.58     -3.9050062E-012
          3513.87     -5.8850640E-012
          3525.16     -7.9035939E-012
          3536.45     -9.9756942E-012
          3547.73     -1.2116614E-011
          3559.02     -1.4341860E-011
          3570.31     -1.6667313E-011
          3581.60     -1.9109335E-011
          3592.89     -2.1684874E-011
          3604.18     -2.4411583E-011
          3615.47     -2.7307915E-011
          3626.76     -3.0393259E-011
          3638.05     -3.3688043E-011
          3649.34     -3.7213851E-011
          3660.62     -4.0993567E-011
          3671.91     -4.5051490E-011
          3683.20     -4.9413474E-011
          3694.49     -5.4107080E-011
          3705.78     -5.9161706E-011
          3717.07     -6.4608771E-011
          3728.36     -7.0481873E-011
          3739.65     -7.6816949E-011
          3750.94     -8.3652491E-011
          3762.23     -9.1029728E-011
          3773.52     -9.8992839E-011
          3784.80     -1.0758919E-010
          3796.09     -1.1686952E-010
          3807.38     -1.2688828E-010
          3818.67     -1.3770385E-010
          3829.96     -1.4937878E-010
          3841.25     -1.6198021E-010
          3852.54     -1.7558008E-010
          3863.83     -1.9025554E-010
          3875.12     -2.0608932E-010
          3886.41     -2.2317004E-010
          3897.70     -2.4159273E-010
          3908.98     -2.6145921E-010
          3920.27     -2.8287855E-010
          3931.56     -3.0596762E-010
          3942.85     -3.3085156E-010
          3954.14     -3.5766442E-010
          3965.43     -3.8654969E-010
          3976.72     -4.1766092E-010
          3988.01     -4.5116250E-010
          3999.30     -4.8723033E-010
          4010.59     -5.2605247E-010
          4021.88     -5.6783016E-010
          4033.16     -6.1277855E-010
          4044.45     -6.6112764E-010
          4055.74     -7.1312329E-010
          4067.03     -7.6902810E-010
          4078.32     -8.2912273E-010
          4089.61     -8.9370699E-010
          4100.90     -9.6310085E-010
          4112.19     -1.0376461E-009
          4123.48     -1.1177074E-009
          4134.77     -1.2036742E-009
          4146.05     -1.2959617E-009
          4157.34     -1.3950127E-009
          4168.63     -1.5012998E-009
          4179.92     -1.6153267E-009
          4191.21     -1.7376301E-009
          4202.50     -1.8687822E-009
          4213.79     -2.0093928E-009
          4225.08     -2.1601111E-009
          4236.37     -2.3216290E-009
          4247.66     -2.4946826E-009
          4258.95     -2.6800558E-009
          4270.23     -2.8785832E-009
          4281.52     -3.0911522E-009
          4292.81     -3.3187072E-009
          4304.10     -3.5622526E-009
          4315.39     -3.8228564E-009
          4326.68     -4.1016542E-009
          4337.97     -4.3998521E-009
          4349.26     -4.7187327E-009
          4360.55     -5.0596585E-009
          4371.84     -5.4240755E-009
          4383.12     -5.8135205E-009
          4394.41     -6.2296244E-009
          4405.70     -6.6741184E-009
          4416.99     -7.1488400E-009
          4428.28     -7.6557373E-009
          4439.57     -8.1968778E-009
          4450.86     -8.7744541E-009
          4462.15     -9.3907893E-009
          4473.44     -1.0048347E-008
          4484.73     -1.0749738E-008
          4496.02     -1.1497727E-008
          4507.30     -1.2295245E-008
          4518.59     -1.3145392E-008
          4529.88     -1.4051453E-008
          4541.17     -1.5016905E-008
          4552.46     -1.6045424E-008
          4563.75     -1.7140904E-008
          4575.04     -1.8307460E-008
          4586.33     -1.9549445E-008
          4597.62     -2.0871462E-008
          4608.91     -2.2278373E-008
          4620.20     -2.3775319E-008
          4631.48     -2.5367730E-008
          4642.77     -2.7061339E-008
          4654.06     -2.8862203E-008
          4665.35     -3.0776715E-008
          4676.64     -3.2811620E-008
          4687.93     -3.4974041E-008
          4699.22     -3.7271483E-008
          4710.51     -3.9711866E-008
          4721.80     -4.2303544E-008
          4733.09     -4.5055314E-008
          4744.38     -4.7976451E-008
          4755.66     -5.1076728E-008
          4766.95     -5.4366437E-008
          4778.24     -5.7856416E-008
          4789.53     -6.1558068E-008
          4800.82     -6.5483400E-008
          4812.11     -6.9645048E-008
          4823.40     -7.4056289E-008
          4834.69     -7.8731097E-008
          4845.98     -8.3684157E-008
          4857.27     -8.8930905E-008
          4868.55     -9.4487560E-008
          4879.84     -1.0037114E-007
          4891.13     -1.0659955E-007
          4902.42     -1.1319154E-007
          4913.71     -1.2016683E-007
          4925.00     -1.2754607E-007
          4936.29     -1.3535093E-007
          4947.58     -1.4360416E-007
          4958.87     -1.5232956E-007
          4970.16     -1.6155207E-007
          4981.45     -1.7129785E-007
          4992.73     -1.8159426E-007
          5004.02     -1.9246993E-007
          5015.31     -2.0395485E-007
          5026.60     -2.1608035E-007
          5037.89     -2.2887922E-007
          5049.18     -2.4238573E-007
          5060.47     -2.5663566E-007
          5071.76     -2.7166639E-007
          5083.05     -2.8751699E-007
          5094.34     -3.0422816E-007
          5105.62     -3.2184240E-007
          5116.91     -3.4040402E-007
          5128.20     -3.5995923E-007
          5139.49     -3.8055615E-007
          5150.78     -4.0224487E-007
          5162.07     -4.2507756E-007
          5173.36     -4.4910853E-007
          5184.65     -4.7439418E-007
          5195.94     -5.0099320E-007
          5207.23     -5.2896654E-007
          5218.52     -5.5837750E-007
          5229.80     -5.8929178E-007
          5241.09     -6.2177747E-007
          5252.38     -6.5590521E-007
          5263.67     -6.9174820E-007
          5274.96     -7.2938213E-007
          5286.25     -7.6888542E-007
          5297.54     -8.1033912E-007
          5308.83     -8.5382698E-007
          5320.12     -8.9943551E-007
          5331.41     -9.4725386E-007
          5342.70     -9.9737405E-007
          5353.98     -1.0498909E-006
          5365.27     -1.1049018E-006
          5376.56     -1.1625071E-006
          5387.85     -1.2228099E-006
          5399.14     -1.2859159E-006
          5410.43     -1.3519335E-006
          5421.72     -1.4209737E-006
          5433.01     -1.4931501E-006
          5444.30     -1.5685788E-006
          5455.59     -1.6473779E-006
          5466.88     -1.7296682E-006
          5478.16     -1.8155724E-006
          5489.45     -1.9052149E-006
          5500.74     -1.9987223E-006
          5512.03     -2.0962220E-006
          5523.32     -2.1978433E-006
          5534.61     -2.3037163E-006
          5545.90     -2.4139713E-006
          5557.19     -2.5287396E-006
          5568.48     -2.6481518E-006
          5579.77     -2.7723385E-006
          5591.05     -2.9014289E-006
          5602.34     -3.0355506E-006
          5613.63     -3.1748293E-006
          5624.92     -3.3193881E-006
          5636.21     -3.4693459E-006
          5647.50     -3.6248180E-006
          5658.79     -3.7859143E-006
          5670.08     -3.9527387E-006
          5681.37     -4.1253882E-006
          5692.66     -4.3039510E-006
          5703.95     -4.4885067E-006
          5715.23     -4.6791239E-006
          5726.52     -4.8758590E-006
          5737.81     -5.0787550E-006
          5749.10     -5.2878396E-006
          5760.39     -5.5031233E-006
          5771.68     -5.7245982E-006
          5782.97     -5.9522342E-006
          5794.26     -6.1859789E-006
          5805.55     -6.4257539E-006
          5816.84     -6.6714520E-006
          5828.12     -6.9229354E-006
          5839.41     -7.1800319E-006
          5850.70     -7.4425316E-006
          5861.99     -7.7101844E-006
          5873.28     -7.9826944E-006
          5884.57     -8.2597178E-006
          5895.86     -8.5408579E-006
          5907.15     -8.8256594E-006
          5918.44     -9.1136056E-006
          5929.73     -9.4041111E-006
          5941.02     -9.6965174E-006
          5952.30     -9.9900865E-006
          5963.59     -1.0283993E-005
          5974.88     -1.0577321E-005
          5986.17     -1.0869052E-005
          5997.46     -1.1158060E-005
          6008.75     -1.1443102E-005
          6020.04     -1.1722809E-005
          6031.33     -1.1995678E-005
          6042.62     -1.2260060E-005
          6053.91     -1.2514149E-005
          6065.20     -1.2755971E-005
          6076.48     -1.2983371E-005
          6087.77     -1.3194003E-005
          6099.06     -1.3385311E-005
          6110.35     -1.3554517E-005
          6121.64     -1.3698607E-005
          6132.93     -1.3814308E-005
          6144.22     -1.3898078E-005
          6155.51     -1.3946081E-005
          6166.80     -1.3954169E-005
          6178.09     -1.3917860E-005
          6189.38     -1.3832316E-005
          6200.66     -1.3692320E-005
          6211.95     -1.3492247E-005
          6223.24     -1.3226039E-005
          6234.53     -1.2887177E-005
          6245.82     -1.2468646E-005
          6257.11     -1.1962910E-005
          6268.40     -1.1361870E-005
          6279.69     -1.0656834E-005
          6290.98     -9.8384733E-006
          6302.27     -8.8967838E-006
          6313.55     -7.8210426E-006
          6324.84     -6.5997651E-006
          6336.13     -5.2206508E-006
          6347.42     -3.6705348E-006
          6358.71     -1.9353375E-006
          6370.00      6.9465715E-039
