          3480.00     -2.6881962E-030
          3491.29     -7.7810393E-013
          3502.58     -1.5620911E-012
          3513.87     -2.3588991E-012
          3525.16     -3.1754724E-012
          3536.45     -4.0188278E-012
          3547.73     -4.8961110E-012
          3559.02     -5.8146535E-012
          3570.31     -6.7820356E-012
          3581.60     -7.8061425E-012
          3592.89     -8.8952252E-012
          3604.18     -1.0057936E-011
          3615.47     -1.1303379E-011
          3626.76     -1.2641250E-011
          3638.05     -1.4081867E-011
          3649.34     -1.5636234E-011
          3660.62     -1.7316123E-011
          3671.91     -1.9134149E-011
          3683.20     -2.1103853E-011
          3694.49     -2.3239790E-011
          3705.78     -2.5557616E-011
          3717.07     -2.8074199E-011
          3728.36     -3.0807716E-011
          3739.65     -3.3777762E-011
          3750.94     -3.7005481E-011
          3762.23     -4.0513686E-011
          3773.52     -4.4327000E-011
          3784.80     -4.8472005E-011
          3796.09     -5.2977392E-011
          3807.38     -5.7874198E-011
          3818.67     -6.3195882E-011
          3829.96     -6.8978547E-011
          3841.25     -7.5261173E-011
          3852.54     -8.2085824E-011
          3863.83     -8.9497889E-011
          3875.12     -9.7546344E-011
          3886.41     -1.0628400E-010
          3897.70     -1.1576782E-010
          3908.98     -1.2605925E-010
          3920.27     -1.3722448E-010
          3931.56     -1.4933489E-010
          3942.85     -1.6246739E-010
          3954.14     -1.7670495E-010
          3965.43     -1.9213690E-010
          3976.72     -2.0885935E-010
          3988.01     -2.2697579E-010
          3999.30     -2.4659763E-010
          4010.59     -2.6784470E-010
          4021.88     -2.9084594E-010
          4033.16     -3.1574003E-010
          4044.45     -3.4267608E-010
          4055.74     -3.7181441E-010
          4067.03     -4.0332722E-010
          4078.32     -4.3739964E-010
          4089.61     -4.7423053E-010
          4100.90     -5.1403333E-010
          4112.19     -5.5703736E-010
          4123.48     -6.0348867E-010
          4134.77     -6.5365134E-010
          4146.05     -7.0780871E-010
          4157.34     -7.6626457E-010
          4168.63     -8.2934480E-010
          4179.92     -8.9739878E-010
          4191.21     -9.7080081E-010
          4202.50     -1.0499521E-009
          4213.79     -1.1352825E-009
          4225.08     -1.2272522E-009
          4236.37     -1.3263542E-009
          4247.66     -1.4331158E-009
          4258.95     -1.5481015E-009
          4270.23     -1.6719156E-009
          4281.52     -1.8052039E-009
          4292.81     -1.9486576E-009
          4304.10     -2.1030154E-009
          4315.39     -2.2690669E-009
          4326.68     -2.4476561E-009
          4337.97     -2.6396843E-009
          4349.26     -2.8461144E-009
          4360.55     -3.0679748E-009
          4371.84     -3.3063679E-009
          4383.12     -3.5624610E-009
          4394.41     -3.8375040E-009
          4405.70     -4.1328299E-009
          4416.99     -4.4498610E-009
          4428.28     -4.7901129E-009
          4439.57     -5.1552022E-009
          4450.86     -5.5468517E-009
          4462.15     -5.9668958E-009
          4473.44     -6.4172897E-009
          4484.73     -6.9001150E-009
          4496.02     -7.4175878E-009
          4507.30     -7.9720675E-009
          4518.59     -8.5660630E-009
          4529.88     -9.2022451E-009
          4541.17     -9.8834543E-009
          4552.46     -1.0612710E-008
          4563.75     -1.1393222E-008
          4575.04     -1.2228403E-008
          4586.33     -1.3121876E-008
          4597.62     -1.4077494E-008
          4608.91     -1.5099343E-008
          4620.20     -1.6191764E-008
          4631.48     -1.7359366E-008
          4642.77     -1.8607033E-008
          4654.06     -1.9939954E-008
          4665.35     -2.1363627E-008
          4676.64     -2.2883884E-008
          4687.93     -2.4506906E-008
          4699.22     -2.6239240E-008
          4710.51     -2.8087824E-008
          4721.80     -3.0060010E-008
          4733.09     -3.2163573E-008
          4744.38     -3.4406753E-008
          4755.66     -3.6798263E-008
          4766.95     -3.9347324E-008
          4778.24     -4.2063691E-008
          4789.53     -4.4957668E-008
          4800.82     -4.8040159E-008
          4812.11     -5.1322681E-008
          4823.40     -5.4817397E-008
          4834.69     -5.8537159E-008
          4845.98     -6.2495532E-008
          4857.27     -6.6706826E-008
          4868.55     -7.1186151E-008
          4879.84     -7.5949434E-008
          4891.13     -8.1013483E-008
          4902.42     -8.6396017E-008
          4913.71     -9.2115695E-008
          4925.00     -9.8192187E-008
          4936.29     -1.0464621E-007
          4947.58     -1.1149956E-007
          4958.87     -1.1877520E-007
          4970.16     -1.2649727E-007
          4981.45     -1.3469116E-007
          4992.73     -1.4338358E-007
          5004.02     -1.5260256E-007
          5015.31     -1.6237757E-007
          5026.60     -1.7273958E-007
          5037.89     -1.8372108E-007
          5049.18     -1.9535621E-007
          5060.47     -2.0768071E-007
          5071.76     -2.2073213E-007
          5083.05     -2.3454982E-007
          5094.34     -2.4917497E-007
          5105.62     -2.6465075E-007
          5116.91     -2.8102238E-007
          5128.20     -2.9833713E-007
          5139.49     -3.1664452E-007
          5150.78     -3.3599617E-007
          5162.07     -3.5644614E-007
          5173.36     -3.7805089E-007
          5184.65     -4.0086932E-007
          5195.94     -4.2496295E-007
          5207.23     -4.5039594E-007
          5218.52     -4.7723515E-007
          5229.80     -5.0555027E-007
          5241.09     -5.3541381E-007
          5252.38     -5.6690129E-007
          5263.67     -6.0009125E-007
          5274.96     -6.3506525E-007
          5286.25     -6.7190809E-007
          5297.54     -7.1070775E-007
          5308.83     -7.5155537E-007
          5320.12     -7.9454562E-007
          5331.41     -8.3977639E-007
          5342.70     -8.8734913E-007
          5353.98     -9.3736878E-007
          5365.27     -9.8994362E-007
          5376.56     -1.0451857E-006
          5387.85     -1.1032102E-006
          5399.14     -1.1641360E-006
          5410.43     -1.2280856E-006
          5421.72     -1.2951847E-006
          5433.01     -1.3655626E-006
          5444.30     -1.4393518E-006
          5455.59     -1.5166876E-006
          5466.88     -1.5977087E-006
          5478.16     -1.6825571E-006
          5489.45     -1.7713773E-006
          5500.74     -1.8643167E-006
          5512.03     -1.9615248E-006
          5523.32     -2.0631536E-006
          5534.61     -2.1693568E-006
          5545.90     -2.2802894E-006
          5557.19     -2.3961077E-006
          5568.48     -2.5169686E-006
          5579.77     -2.6430157E-006
          5591.05     -2.7744016E-006
          5602.34     -2.9112797E-006
          5613.63     -3.0538020E-006
          5624.92     -3.2021186E-006
          5636.21     -3.3563759E-006
          5647.50     -3.5167167E-006
          5658.79     -3.6832788E-006
          5670.08     -3.8561928E-006
          5681.37     -4.0354361E-006
          5692.66     -4.2211043E-006
          5703.95     -4.4132855E-006
          5715.23     -4.6120577E-006
          5726.52     -4.8174875E-006
          5737.81     -5.0296292E-006
          5749.10     -5.2485225E-006
          5760.39     -5.4741910E-006
          5771.68     -5.7066401E-006
          5782.97     -5.9458737E-006
          5794.26     -6.1920710E-006
          5805.55     -6.4451982E-006
          5816.84     -6.7051897E-006
          5828.12     -6.9719459E-006
          5839.41     -7.2453295E-006
          5850.70     -7.5251615E-006
          5861.99     -7.8112180E-006
          5873.28     -8.1032247E-006
          5884.57     -8.4008540E-006
          5895.86     -8.7037190E-006
          5907.15     -9.0113661E-006
          5918.44     -9.3231352E-006
          5929.73     -9.6384138E-006
          5941.02     -9.9565098E-006
          5952.30     -1.0276646E-005
          5963.59     -1.0597950E-005
          5974.88     -1.0919420E-005
          5986.17     -1.1239926E-005
          5997.46     -1.1558264E-005
          6008.75     -1.1873105E-005
          6020.04     -1.2182986E-005
          6031.33     -1.2486557E-005
          6042.62     -1.2782078E-005
          6053.91     -1.3067632E-005
          6065.20     -1.3341116E-005
          6076.48     -1.3600320E-005
          6087.77     -1.3842802E-005
          6099.06     -1.4065812E-005
          6110.35     -1.4266345E-005
          6121.64     -1.4441053E-005
          6132.93     -1.4585981E-005
          6144.22     -1.4697203E-005
          6155.51     -1.4770631E-005
          6166.80     -1.4801700E-005
          6178.09     -1.4785840E-005
          6189.38     -1.4717878E-005
          6200.66     -1.4592036E-005
          6211.95     -1.4402051E-005
          6223.24     -1.4141133E-005
          6234.53     -1.3801930E-005
          6245.82     -1.3376498E-005
          6257.11     -1.2856252E-005
          6268.40     -1.2231928E-005
          6279.69     -1.1493574E-005
          6290.98     -1.0630431E-005
          6302.27     -9.6308911E-006
          6313.55     -8.4824616E-006
          6324.84     -7.1717186E-006
          6336.13     -5.6842285E-006
          6347.42     -4.0044475E-006
          6358.71     -2.1156882E-006
          6370.00     -7.8302673E-039
