          3480.00      1.0324001E-032
          3491.29     -9.5164977E-012
          3502.58     -1.9057582E-011
          3513.87     -2.8681865E-011
          3525.16     -3.8447430E-011
          3536.45     -4.8412241E-011
          3547.73     -5.8634470E-011
          3559.02     -6.9172806E-011
          3570.31     -8.0086847E-011
          3581.60     -9.1437388E-011
          3592.89     -1.0328675E-010
          3604.18     -1.1569914E-010
          3615.47     -1.2874088E-010
          3626.76     -1.4248086E-010
          3638.05     -1.5699078E-010
          3649.34     -1.7234549E-010
          3660.62     -1.8862341E-010
          3671.91     -2.0590677E-010
          3683.20     -2.2428207E-010
          3694.49     -2.4384042E-010
          3705.78     -2.6467787E-010
          3717.07     -2.8689591E-010
          3728.36     -3.1060186E-010
          3739.65     -3.3590923E-010
          3750.94     -3.6293828E-010
          3762.23     -3.9181645E-010
          3773.52     -4.2267889E-010
          3784.80     -4.5566894E-010
          3796.09     -4.9093866E-010
          3807.38     -5.2864950E-010
          3818.67     -5.6897291E-010
          3829.96     -6.1209077E-010
          3841.25     -6.5819637E-010
          3852.54     -7.0749490E-010
          3863.83     -7.6020428E-010
          3875.12     -8.1655598E-010
          3886.41     -8.7679563E-010
          3897.70     -9.4118422E-010
          3908.98     -1.0099988E-009
          3920.27     -1.0835335E-009
          3931.56     -1.1621005E-009
          3942.85     -1.2460311E-009
          3954.14     -1.3356770E-009
          3965.43     -1.4314115E-009
          3976.72     -1.5336303E-009
          3988.01     -1.6427532E-009
          3999.30     -1.7592258E-009
          4010.59     -1.8835200E-009
          4021.88     -2.0161366E-009
          4033.16     -2.1576062E-009
          4044.45     -2.3084911E-009
          4055.74     -2.4693875E-009
          4067.03     -2.6409262E-009
          4078.32     -2.8237761E-009
          4089.61     -3.0186452E-009
          4100.90     -3.2262830E-009
          4112.19     -3.4474830E-009
          4123.48     -3.6830852E-009
          4134.77     -3.9339782E-009
          4146.05     -4.2011022E-009
          4157.34     -4.4854511E-009
          4168.63     -4.7880766E-009
          4179.92     -5.1100907E-009
          4191.21     -5.4526679E-009
          4202.50     -5.8170503E-009
          4213.79     -6.2045502E-009
          4225.08     -6.6165538E-009
          4236.37     -7.0545253E-009
          4247.66     -7.5200101E-009
          4258.95     -8.0146407E-009
          4270.23     -8.5401402E-009
          4281.52     -9.0983257E-009
          4292.81     -9.6911159E-009
          4304.10     -1.0320534E-008
          4315.39     -1.0988714E-008
          4326.68     -1.1697906E-008
          4337.97     -1.2450482E-008
          4349.26     -1.3248941E-008
          4360.55     -1.4095919E-008
          4371.84     -1.4994189E-008
          4383.12     -1.5946676E-008
          4394.41     -1.6956457E-008
          4405.70     -1.8026774E-008
          4416.99     -1.9161038E-008
          4428.28     -2.0362839E-008
          4439.57     -2.1635954E-008
          4450.86     -2.2984359E-008
          4462.15     -2.4412230E-008
          4473.44     -2.5923962E-008
          4484.73     -2.7524174E-008
          4496.02     -2.9217722E-008
          4507.30     -3.1009708E-008
          4518.59     -3.2905489E-008
          4529.88     -3.4910695E-008
          4541.17     -3.7031238E-008
          4552.46     -3.9273319E-008
          4563.75     -4.1643454E-008
          4575.04     -4.4148476E-008
          4586.33     -4.6795555E-008
          4597.62     -4.9592213E-008
          4608.91     -5.2546333E-008
          4620.20     -5.5666181E-008
          4631.48     -5.8960428E-008
          4642.77     -6.2438146E-008
          4654.06     -6.6108850E-008
          4665.35     -6.9982503E-008
          4676.64     -7.4069536E-008
          4687.93     -7.8380875E-008
          4699.22     -8.2927939E-008
          4710.51     -8.7722693E-008
          4721.80     -9.2777649E-008
          4733.09     -9.8105881E-008
          4744.38     -1.0372107E-007
          4755.66     -1.0963752E-007
          4766.95     -1.1587016E-007
          4778.24     -1.2243460E-007
          4789.53     -1.2934714E-007
          4800.82     -1.3662481E-007
          4812.11     -1.4428536E-007
          4823.40     -1.5234734E-007
          4834.69     -1.6083007E-007
          4845.98     -1.6975375E-007
          4857.27     -1.7913939E-007
          4868.55     -1.8900893E-007
          4879.84     -1.9938520E-007
          4891.13     -2.1029199E-007
          4902.42     -2.2175409E-007
          4913.71     -2.3379729E-007
          4925.00     -2.4644843E-007
          4936.29     -2.5973545E-007
          4947.58     -2.7368740E-007
          4958.87     -2.8833448E-007
          4970.16     -3.0370807E-007
          4981.45     -3.1984078E-007
          4992.73     -3.3676650E-007
          5004.02     -3.5452036E-007
          5015.31     -3.7313887E-007
          5026.60     -3.9265988E-007
          5037.89     -4.1312265E-007
          5049.18     -4.3456790E-007
          5060.47     -4.5703775E-007
          5071.76     -4.8057589E-007
          5083.05     -5.0522756E-007
          5094.34     -5.3103951E-007
          5105.62     -5.5806014E-007
          5116.91     -5.8633951E-007
          5128.20     -6.1592930E-007
          5139.49     -6.4688295E-007
          5150.78     -6.7925553E-007
          5162.07     -7.1310396E-007
          5173.36     -7.4848693E-007
          5184.65     -7.8546482E-007
          5195.94     -8.2409994E-007
          5207.23     -8.6445640E-007
          5218.52     -9.0660014E-007
          5229.80     -9.5059900E-007
          5241.09     -9.9652256E-007
          5252.38     -1.0444424E-006
          5263.67     -1.0944319E-006
          5274.96     -1.1465662E-006
          5286.25     -1.2009223E-006
          5297.54     -1.2575792E-006
          5308.83     -1.3166175E-006
          5320.12     -1.3781195E-006
          5331.41     -1.4421692E-006
          5342.70     -1.5088523E-006
          5353.98     -1.5782563E-006
          5365.27     -1.6504696E-006
          5376.56     -1.7255827E-006
          5387.85     -1.8036869E-006
          5399.14     -1.8848750E-006
          5410.43     -1.9692408E-006
          5421.72     -2.0568789E-006
          5433.01     -2.1478849E-006
          5444.30     -2.2423550E-006
          5455.59     -2.3403856E-006
          5466.88     -2.4420734E-006
          5478.16     -2.5475151E-006
          5489.45     -2.6568071E-006
          5500.74     -2.7700454E-006
          5512.03     -2.8873246E-006
          5523.32     -3.0087384E-006
          5534.61     -3.1343791E-006
          5545.90     -3.2643365E-006
          5557.19     -3.3986982E-006
          5568.48     -3.5375491E-006
          5579.77     -3.6809702E-006
          5591.05     -3.8290390E-006
          5602.34     -3.9818279E-006
          5613.63     -4.1394043E-006
          5624.92     -4.3018299E-006
          5636.21     -4.4691591E-006
          5647.50     -4.6414393E-006
          5658.79     -4.8187093E-006
          5670.08     -5.0009986E-006
          5681.37     -5.1883266E-006
          5692.66     -5.3807007E-006
          5703.95     -5.5781163E-006
          5715.23     -5.7805549E-006
          5726.52     -5.9879824E-006
          5737.81     -6.2003487E-006
          5749.10     -6.4175854E-006
          5760.39     -6.6396045E-006
          5771.68     -6.8662968E-006
          5782.97     -7.0975290E-006
          5794.26     -7.3331435E-006
          5805.55     -7.5729552E-006
          5816.84     -7.8167490E-006
          5828.12     -8.0642781E-006
          5839.41     -8.3152615E-006
          5850.70     -8.5693808E-006
          5861.99     -8.8262779E-006
          5873.28     -9.0855509E-006
          5884.57     -9.3467523E-006
          5895.86     -9.6093850E-006
          5907.15     -9.8728976E-006
          5918.44     -1.0136682E-005
          5929.73     -1.0400070E-005
          5941.02     -1.0662326E-005
          5952.30     -1.0922644E-005
          5963.59     -1.1180143E-005
          5974.88     -1.1433864E-005
          5986.17     -1.1682759E-005
          5997.46     -1.1925690E-005
          6008.75     -1.2161420E-005
          6020.04     -1.2388609E-005
          6031.33     -1.2605805E-005
          6042.62     -1.2811438E-005
          6053.91     -1.3003811E-005
          6065.20     -1.3181094E-005
          6076.48     -1.3341313E-005
          6087.77     -1.3482341E-005
          6099.06     -1.3601893E-005
          6110.35     -1.3697509E-005
          6121.64     -1.3766547E-005
          6132.93     -1.3806173E-005
          6144.22     -1.3813346E-005
          6155.51     -1.3784808E-005
          6166.80     -1.3717068E-005
          6178.09     -1.3606391E-005
          6189.38     -1.3448781E-005
          6200.66     -1.3239969E-005
          6211.95     -1.2975390E-005
          6223.24     -1.2650173E-005
          6234.53     -1.2259120E-005
          6245.82     -1.1796684E-005
          6257.11     -1.1256953E-005
          6268.40     -1.0633630E-005
          6279.69     -9.9200034E-006
          6290.98     -9.1089316E-006
          6302.27     -8.1928142E-006
          6313.55     -7.1635658E-006
          6324.84     -6.0125928E-006
          6336.13     -4.7307592E-006
          6347.42     -3.3083585E-006
          6358.71     -1.7350864E-006
          6370.00     -6.2071379E-039
