          3480.00     -2.4760238E-033
          3491.29     -4.5140254E-011
          3502.58     -9.0329937E-011
          3513.87     -1.3578300E-010
          3525.16     -1.8171075E-010
          3536.45     -2.2832317E-010
          3547.73     -2.7582976E-010
          3559.02     -3.2444036E-010
          3570.31     -3.7436638E-010
          3581.60     -4.2582151E-010
          3592.89     -4.7902266E-010
          3604.18     -5.3419091E-010
          3615.47     -5.9155215E-010
          3626.76     -6.5133826E-010
          3638.05     -7.1378784E-010
          3649.34     -7.7914688E-010
          3660.62     -8.4766996E-010
          3671.91     -9.1962092E-010
          3683.20     -9.9527381E-010
          3694.49     -1.0749138E-009
          3705.78     -1.1588380E-009
          3717.07     -1.2473566E-009
          3728.36     -1.3407937E-009
          3739.65     -1.4394881E-009
          3750.94     -1.5437948E-009
          3762.23     -1.6540858E-009
          3773.52     -1.7707509E-009
          3784.80     -1.8941994E-009
          3796.09     -2.0248607E-009
          3807.38     -2.1631859E-009
          3818.67     -2.3096489E-009
          3829.96     -2.4647476E-009
          3841.25     -2.6290053E-009
          3852.54     -2.8029723E-009
          3863.83     -2.9872271E-009
          3875.12     -3.1823783E-009
          3886.41     -3.3890652E-009
          3897.70     -3.6079607E-009
          3908.98     -3.8397725E-009
          3920.27     -4.0852440E-009
          3931.56     -4.3451580E-009
          3942.85     -4.6203370E-009
          3954.14     -4.9116459E-009
          3965.43     -5.2199945E-009
          3976.72     -5.5463381E-009
          3988.01     -5.8916818E-009
          3999.30     -6.2570820E-009
          4010.59     -6.6436478E-009
          4021.88     -7.0525458E-009
          4033.16     -7.4850008E-009
          4044.45     -7.9422998E-009
          4055.74     -8.4257946E-009
          4067.03     -8.9369036E-009
          4078.32     -9.4771174E-009
          4089.61     -1.0048000E-008
          4100.90     -1.0651194E-008
          4112.19     -1.1288420E-008
          4123.48     -1.1961488E-008
          4134.77     -1.2672292E-008
          4146.05     -1.3422824E-008
          4157.34     -1.4215166E-008
          4168.63     -1.5051507E-008
          4179.92     -1.5934140E-008
          4191.21     -1.6865464E-008
          4202.50     -1.7847999E-008
          4213.79     -1.8884382E-008
          4225.08     -1.9977376E-008
          4236.37     -2.1129875E-008
          4247.66     -2.2344908E-008
          4258.95     -2.3625645E-008
          4270.23     -2.4975410E-008
          4281.52     -2.6397673E-008
          4292.81     -2.7896071E-008
          4304.10     -2.9474406E-008
          4315.39     -3.1136656E-008
          4326.68     -3.2886979E-008
          4337.97     -3.4729721E-008
          4349.26     -3.6669427E-008
          4360.55     -3.8710848E-008
          4371.84     -4.0858943E-008
          4383.12     -4.3118896E-008
          4394.41     -4.5496120E-008
          4405.70     -4.7996269E-008
          4416.99     -5.0625245E-008
          4428.28     -5.3389204E-008
          4439.57     -5.6294575E-008
          4450.86     -5.9348067E-008
          4462.15     -6.2556670E-008
          4473.44     -6.5927681E-008
          4484.73     -6.9468707E-008
          4496.02     -7.3187676E-008
          4507.30     -7.7092856E-008
          4518.59     -8.1192851E-008
          4529.88     -8.5496633E-008
          4541.17     -9.0013549E-008
          4552.46     -9.4753320E-008
          4563.75     -9.9726076E-008
          4575.04     -1.0494236E-007
          4586.33     -1.1041314E-007
          4597.62     -1.1614983E-007
          4608.91     -1.2216429E-007
          4620.20     -1.2846886E-007
          4631.48     -1.3507639E-007
          4642.77     -1.4200019E-007
          4654.06     -1.4925413E-007
          4665.35     -1.5685260E-007
          4676.64     -1.6481055E-007
          4687.93     -1.7314351E-007
          4699.22     -1.8186758E-007
          4710.51     -1.9099949E-007
          4721.80     -2.0055659E-007
          4733.09     -2.1055687E-007
          4744.38     -2.2101899E-007
          4755.66     -2.3196230E-007
          4766.95     -2.4340684E-007
          4778.24     -2.5537340E-007
          4789.53     -2.6788347E-007
          4800.82     -2.8095935E-007
          4812.11     -2.9462410E-007
          4823.40     -3.0890158E-007
          4834.69     -3.2381649E-007
          4845.98     -3.3939436E-007
          4857.27     -3.5566160E-007
          4868.55     -3.7264553E-007
          4879.84     -3.9037430E-007
          4891.13     -4.0887707E-007
          4902.42     -4.2818393E-007
          4913.71     -4.4832587E-007
          4925.00     -4.6933497E-007
          4936.29     -4.9124424E-007
          4947.58     -5.1408777E-007
          4958.87     -5.3790067E-007
          4970.16     -5.6271908E-007
          4981.45     -5.8858028E-007
          4992.73     -6.1552263E-007
          5004.02     -6.4358554E-007
          5015.31     -6.7280963E-007
          5026.60     -7.0323661E-007
          5037.89     -7.3490937E-007
          5049.18     -7.6787197E-007
          5060.47     -8.0216957E-007
          5071.76     -8.3784858E-007
          5083.05     -8.7495662E-007
          5094.34     -9.1354237E-007
          5105.62     -9.5365583E-007
          5116.91     -9.9534815E-007
          5128.20     -1.0386717E-006
          5139.49     -1.0836799E-006
          5150.78     -1.1304275E-006
          5162.07     -1.1789703E-006
          5173.36     -1.2293654E-006
          5184.65     -1.2816708E-006
          5195.94     -1.3359457E-006
          5207.23     -1.3922505E-006
          5218.52     -1.4506464E-006
          5229.80     -1.5111959E-006
          5241.09     -1.5739621E-006
          5252.38     -1.6390093E-006
          5263.67     -1.7064026E-006
          5274.96     -1.7762077E-006
          5286.25     -1.8484912E-006
          5297.54     -1.9233204E-006
          5308.83     -2.0007630E-006
          5320.12     -2.0808874E-006
          5331.41     -2.1637620E-006
          5342.70     -2.2494557E-006
          5353.98     -2.3380376E-006
          5365.27     -2.4295766E-006
          5376.56     -2.5241415E-006
          5387.85     -2.6218010E-006
          5399.14     -2.7226231E-006
          5410.43     -2.8266752E-006
          5421.72     -2.9340237E-006
          5433.01     -3.0447342E-006
          5444.30     -3.1588710E-006
          5455.59     -3.2764963E-006
          5466.88     -3.3976711E-006
          5478.16     -3.5224541E-006
          5489.45     -3.6509014E-006
          5500.74     -3.7830666E-006
          5512.03     -3.9189999E-006
          5523.32     -4.0587483E-006
          5534.61     -4.2023547E-006
          5545.90     -4.3498577E-006
          5557.19     -4.5012912E-006
          5568.48     -4.6566837E-006
          5579.77     -4.8160581E-006
          5591.05     -4.9794309E-006
          5602.34     -5.1468112E-006
          5613.63     -5.3182011E-006
          5624.92     -5.4935943E-006
          5636.21     -5.6729752E-006
          5647.50     -5.8563189E-006
          5658.79     -6.0435896E-006
          5670.08     -6.2347405E-006
          5681.37     -6.4297124E-006
          5692.66     -6.6284325E-006
          5703.95     -6.8308142E-006
          5715.23     -7.0367556E-006
          5726.52     -7.2461379E-006
          5737.81     -7.4588251E-006
          5749.10     -7.6746621E-006
          5760.39     -7.8934736E-006
          5771.68     -8.1150628E-006
          5782.97     -8.3392092E-006
          5794.26     -8.5656681E-006
          5805.55     -8.7941684E-006
          5816.84     -9.0244102E-006
          5828.12     -9.2560645E-006
          5839.41     -9.4887698E-006
          5850.70     -9.7221307E-006
          5861.99     -9.9557159E-006
          5873.28     -1.0189055E-005
          5884.57     -1.0421637E-005
          5895.86     -1.0652909E-005
          5907.15     -1.0882268E-005
          5918.44     -1.1109068E-005
          5929.73     -1.1332606E-005
          5941.02     -1.1552126E-005
          5952.30     -1.1766816E-005
          5963.59     -1.1975798E-005
          5974.88     -1.2178134E-005
          5986.17     -1.2372812E-005
          5997.46     -1.2558750E-005
          6008.75     -1.2734789E-005
          6020.04     -1.2899688E-005
          6031.33     -1.3052120E-005
          6042.62     -1.3190666E-005
          6053.91     -1.3313813E-005
          6065.20     -1.3419945E-005
          6076.48     -1.3507342E-005
          6087.77     -1.3574167E-005
          6099.06     -1.3618469E-005
          6110.35     -1.3638169E-005
          6121.64     -1.3631056E-005
          6132.93     -1.3594782E-005
          6144.22     -1.3526851E-005
          6155.51     -1.3424615E-005
          6166.80     -1.3285262E-005
          6178.09     -1.3105810E-005
          6189.38     -1.2883099E-005
          6200.66     -1.2613778E-005
          6211.95     -1.2294300E-005
          6223.24     -1.1920909E-005
          6234.53     -1.1489628E-005
          6245.82     -1.0996253E-005
          6257.11     -1.0436335E-005
          6268.40     -9.8051736E-006
          6279.69     -9.0978011E-006
          6290.98     -8.3089694E-006
          6302.27     -7.4331370E-006
          6313.55     -6.4644533E-006
          6324.84     -5.3967468E-006
          6336.13     -4.2235045E-006
          6347.42     -2.9378574E-006
          6358.71     -1.5325668E-006
          6370.00      5.4675944E-039
