          3480.00      3.5383941E-036
          3491.29     -1.9124937E-008
          3502.58     -3.8180363E-008
          3513.87     -5.7180996E-008
          3525.16     -7.6141169E-008
          3536.45     -9.5074946E-008
          3547.73     -1.1399609E-007
          3559.02     -1.3291802E-007
          3570.31     -1.5185394E-007
          3581.60     -1.7081679E-007
          3592.89     -1.8981924E-007
          3604.18     -2.0887376E-007
          3615.47     -2.2799256E-007
          3626.76     -2.4718767E-007
          3638.05     -2.6647095E-007
          3649.34     -2.8585401E-007
          3660.62     -3.0534833E-007
          3671.91     -3.2496521E-007
          3683.20     -3.4471581E-007
          3694.49     -3.6461115E-007
          3705.78     -3.8466204E-007
          3717.07     -4.0487924E-007
          3728.36     -4.2527338E-007
          3739.65     -4.4585490E-007
          3750.94     -4.6663421E-007
          3762.23     -4.8762159E-007
          3773.52     -5.0882721E-007
          3784.80     -5.3026119E-007
          3796.09     -5.5193350E-007
          3807.38     -5.7385408E-007
          3818.67     -5.9603279E-007
          3829.96     -6.1847938E-007
          3841.25     -6.4120359E-007
          3852.54     -6.6421506E-007
          3863.83     -6.8752338E-007
          3875.12     -7.1113812E-007
          3886.41     -7.3506873E-007
          3897.70     -7.5932466E-007
          3908.98     -7.8391533E-007
          3920.27     -8.0885005E-007
          3931.56     -8.3413815E-007
          3942.85     -8.5978892E-007
          3954.14     -8.8581158E-007
          3965.43     -9.1221537E-007
          3976.72     -9.3900942E-007
          3988.01     -9.6620289E-007
          3999.30     -9.9380492E-007
          4010.59     -1.0218245E-006
          4021.88     -1.0502709E-006
          4033.16     -1.0791529E-006
          4044.45     -1.1084796E-006
          4055.74     -1.1382601E-006
          4067.03     -1.1685032E-006
          4078.32     -1.1992179E-006
          4089.61     -1.2304131E-006
          4100.90     -1.2620976E-006
          4112.19     -1.2942804E-006
          4123.48     -1.3269701E-006
          4134.77     -1.3601757E-006
          4146.05     -1.3939060E-006
          4157.34     -1.4281695E-006
          4168.63     -1.4629750E-006
          4179.92     -1.4983313E-006
          4191.21     -1.5342468E-006
          4202.50     -1.5707303E-006
          4213.79     -1.6077902E-006
          4225.08     -1.6454350E-006
          4236.37     -1.6836734E-006
          4247.66     -1.7225135E-006
          4258.95     -1.7619639E-006
          4270.23     -1.8020328E-006
          4281.52     -1.8427285E-006
          4292.81     -1.8840591E-006
          4304.10     -1.9260328E-006
          4315.39     -1.9686577E-006
          4326.68     -2.0119418E-006
          4337.97     -2.0558928E-006
          4349.26     -2.1005188E-006
          4360.55     -2.1458274E-006
          4371.84     -2.1918263E-006
          4383.12     -2.2385230E-006
          4394.41     -2.2859250E-006
          4405.70     -2.3340397E-006
          4416.99     -2.3828742E-006
          4428.28     -2.4324357E-006
          4439.57     -2.4827312E-006
          4450.86     -2.5337676E-006
          4462.15     -2.5855515E-006
          4473.44     -2.6380896E-006
          4484.73     -2.6913882E-006
          4496.02     -2.7454537E-006
          4507.30     -2.8002921E-006
          4518.59     -2.8559094E-006
          4529.88     -2.9123112E-006
          4541.17     -2.9695033E-006
          4552.46     -3.0274907E-006
          4563.75     -3.0862788E-006
          4575.04     -3.1458724E-006
          4586.33     -3.2062763E-006
          4597.62     -3.2674948E-006
          4608.91     -3.3295322E-006
          4620.20     -3.3923924E-006
          4631.48     -3.4560791E-006
          4642.77     -3.5205955E-006
          4654.06     -3.5859450E-006
          4665.35     -3.6521301E-006
          4676.64     -3.7191535E-006
          4687.93     -3.7870172E-006
          4699.22     -3.8557231E-006
          4710.51     -3.9252725E-006
          4721.80     -3.9956666E-006
          4733.09     -4.0669059E-006
          4744.38     -4.1389909E-006
          4755.66     -4.2119214E-006
          4766.95     -4.2856968E-006
          4778.24     -4.3603162E-006
          4789.53     -4.4357781E-006
          4800.82     -4.5120805E-006
          4812.11     -4.5892211E-006
          4823.40     -4.6671968E-006
          4834.69     -4.7460043E-006
          4845.98     -4.8256395E-006
          4857.27     -4.9060979E-006
          4868.55     -4.9873743E-006
          4879.84     -5.0694630E-006
          4891.13     -5.1523575E-006
          4902.42     -5.2360510E-006
          4913.71     -5.3205356E-006
          4925.00     -5.4058030E-006
          4936.29     -5.4918442E-006
          4947.58     -5.5786492E-006
          4958.87     -5.6662078E-006
          4970.16     -5.7545083E-006
          4981.45     -5.8435387E-006
          4992.73     -5.9332862E-006
          5004.02     -6.0237367E-006
          5015.31     -6.1148757E-006
          5026.60     -6.2066876E-006
          5037.89     -6.2991559E-006
          5049.18     -6.3922631E-006
          5060.47     -6.4859906E-006
          5071.76     -6.5803191E-006
          5083.05     -6.6752281E-006
          5094.34     -6.7706958E-006
          5105.62     -6.8666997E-006
          5116.91     -6.9632159E-006
          5128.20     -7.0602194E-006
          5139.49     -7.1576840E-006
          5150.78     -7.2555822E-006
          5162.07     -7.3538852E-006
          5173.36     -7.4525633E-006
          5184.65     -7.5515847E-006
          5195.94     -7.6509169E-006
          5207.23     -7.7505257E-006
          5218.52     -7.8503755E-006
          5229.80     -7.9504292E-006
          5241.09     -8.0506480E-006
          5252.38     -8.1509918E-006
          5263.67     -8.2514188E-006
          5274.96     -8.3518852E-006
          5286.25     -8.4523461E-006
          5297.54     -8.5527543E-006
          5308.83     -8.6530612E-006
          5320.12     -8.7532163E-006
          5331.41     -8.8531668E-006
          5342.70     -8.9528584E-006
          5353.98     -9.0522347E-006
          5365.27     -9.1512373E-006
          5376.56     -9.2498055E-006
          5387.85     -9.3478767E-006
          5399.14     -9.4453860E-006
          5410.43     -9.5422664E-006
          5421.72     -9.6384483E-006
          5433.01     -9.7338599E-006
          5444.30     -9.8284270E-006
          5455.59     -9.9220729E-006
          5466.88     -1.0014718E-005
          5478.16     -1.0106282E-005
          5489.45     -1.0196678E-005
          5500.74     -1.0285820E-005
          5512.03     -1.0373619E-005
          5523.32     -1.0459980E-005
          5534.61     -1.0544809E-005
          5545.90     -1.0628005E-005
          5557.19     -1.0709469E-005
          5568.48     -1.0789094E-005
          5579.77     -1.0866772E-005
          5591.05     -1.0942392E-005
          5602.34     -1.1015838E-005
          5613.63     -1.1086993E-005
          5624.92     -1.1155735E-005
          5636.21     -1.1221938E-005
          5647.50     -1.1285472E-005
          5658.79     -1.1346206E-005
          5670.08     -1.1404002E-005
          5681.37     -1.1458720E-005
          5692.66     -1.1510215E-005
          5703.95     -1.1558338E-005
          5715.23     -1.1602935E-005
          5726.52     -1.1643851E-005
          5737.81     -1.1680922E-005
          5749.10     -1.1713983E-005
          5760.39     -1.1742862E-005
          5771.68     -1.1767385E-005
          5782.97     -1.1787371E-005
          5794.26     -1.1802635E-005
          5805.55     -1.1812986E-005
          5816.84     -1.1818229E-005
          5828.12     -1.1818163E-005
          5839.41     -1.1812584E-005
          5850.70     -1.1801278E-005
          5861.99     -1.1784030E-005
          5873.28     -1.1760617E-005
          5884.57     -1.1730810E-005
          5895.86     -1.1694375E-005
          5907.15     -1.1651071E-005
          5918.44     -1.1600653E-005
          5929.73     -1.1542867E-005
          5941.02     -1.1477454E-005
          5952.30     -1.1404148E-005
          5963.59     -1.1322676E-005
          5974.88     -1.1232760E-005
          5986.17     -1.1134112E-005
          5997.46     -1.1026439E-005
          6008.75     -1.0909441E-005
          6020.04     -1.0782809E-005
          6031.33     -1.0646227E-005
          6042.62     -1.0499373E-005
          6053.91     -1.0341913E-005
          6065.20     -1.0173510E-005
          6076.48     -9.9938155E-006
          6087.77     -9.8024735E-006
          6099.06     -9.5991195E-006
          6110.35     -9.3833804E-006
          6121.64     -9.1548741E-006
          6132.93     -8.9132093E-006
          6144.22     -8.6579861E-006
          6155.51     -8.3887947E-006
          6166.80     -8.1052153E-006
          6178.09     -7.8068196E-006
          6189.38     -7.4931682E-006
          6200.66     -7.1638119E-006
          6211.95     -6.8182912E-006
          6223.24     -6.4561357E-006
          6234.53     -6.0768653E-006
          6245.82     -5.6799877E-006
          6257.11     -5.2649998E-006
          6268.40     -4.8313878E-006
          6279.69     -4.3786255E-006
          6290.98     -3.9061752E-006
          6302.27     -3.4134870E-006
          6313.55     -2.8999985E-006
          6324.84     -2.3651361E-006
          6336.13     -1.8083119E-006
          6347.42     -1.2289253E-006
          6358.71     -6.2636380E-007
          6370.00      4.5174452E-039
