          3480.00      9.9156385E-034
          3491.29     -1.6047606E-011
          3502.58     -3.2128398E-011
          3513.87     -4.8333283E-011
          3525.16     -6.4752243E-011
          3536.45     -8.1474938E-011
          3547.73     -9.8591174E-011
          3559.02     -1.1619133E-010
          3570.31     -1.3436693E-010
          3581.60     -1.5321106E-010
          3592.89     -1.7281881E-010
          3604.18     -1.9328778E-010
          3615.47     -2.1471844E-010
          3626.76     -2.3721472E-010
          3638.05     -2.6088438E-010
          3649.34     -2.8583944E-010
          3660.62     -3.1219679E-010
          3671.91     -3.4007853E-010
          3683.20     -3.6961255E-010
          3694.49     -4.0093302E-010
          3705.78     -4.3418083E-010
          3717.07     -4.6950428E-010
          3728.36     -5.0705956E-010
          3739.65     -5.4701123E-010
          3750.94     -5.8953303E-010
          3762.23     -6.3480837E-010
          3773.52     -6.8303100E-010
          3784.80     -7.3440577E-010
          3796.09     -7.8914915E-010
          3807.38     -8.4749023E-010
          3818.67     -9.0967140E-010
          3829.96     -9.7594898E-010
          3841.25     -1.0465944E-009
          3852.54     -1.1218950E-009
          3863.83     -1.2021547E-009
          3875.12     -1.2876955E-009
          3886.41     -1.3788579E-009
          3897.70     -1.4760026E-009
          3908.98     -1.5795112E-009
          3920.27     -1.6897876E-009
          3931.56     -1.8072593E-009
          3942.85     -1.9323785E-009
          3954.14     -2.0656238E-009
          3965.43     -2.2075013E-009
          3976.72     -2.3585464E-009
          3988.01     -2.5193253E-009
          3999.30     -2.6904368E-009
          4010.59     -2.8725137E-009
          4021.88     -3.0662251E-009
          4033.16     -3.2722781E-009
          4044.45     -3.4914200E-009
          4055.74     -3.7244403E-009
          4067.03     -3.9721724E-009
          4078.32     -4.2354973E-009
          4089.61     -4.5153449E-009
          4100.90     -4.8126964E-009
          4112.19     -5.1285883E-009
          4123.48     -5.4641140E-009
          4134.77     -5.8204271E-009
          4146.05     -6.1987451E-009
          4157.34     -6.6003508E-009
          4168.63     -7.0265982E-009
          4179.92     -7.4789147E-009
          4191.21     -7.9588035E-009
          4202.50     -8.4678503E-009
          4213.79     -9.0077253E-009
          4225.08     -9.5801879E-009
          4236.37     -1.0187092E-008
          4247.66     -1.0830387E-008
          4258.95     -1.1512129E-008
          4270.23     -1.2234480E-008
          4281.52     -1.2999715E-008
          4292.81     -1.3810229E-008
          4304.10     -1.4668540E-008
          4315.39     -1.5577297E-008
          4326.68     -1.6539287E-008
          4337.97     -1.7557437E-008
          4349.26     -1.8634824E-008
          4360.55     -1.9774685E-008
          4371.84     -2.0980414E-008
          4383.12     -2.2255584E-008
          4394.41     -2.3603942E-008
          4405.70     -2.5029425E-008
          4416.99     -2.6536165E-008
          4428.28     -2.8128496E-008
          4439.57     -2.9810970E-008
          4450.86     -3.1588361E-008
          4462.15     -3.3465674E-008
          4473.44     -3.5448160E-008
          4484.73     -3.7541323E-008
          4496.02     -3.9750933E-008
          4507.30     -4.2083037E-008
          4518.59     -4.4543966E-008
          4529.88     -4.7140358E-008
          4541.17     -4.9879162E-008
          4552.46     -5.2767649E-008
          4563.75     -5.5813438E-008
          4575.04     -5.9024497E-008
          4586.33     -6.2409165E-008
          4597.62     -6.5976169E-008
          4608.91     -6.9734623E-008
          4620.20     -7.3694068E-008
          4631.48     -7.7864477E-008
          4642.77     -8.2256263E-008
          4654.06     -8.6880315E-008
          4665.35     -9.1748002E-008
          4676.64     -9.6871201E-008
          4687.93     -1.0226231E-007
          4699.22     -1.0793427E-007
          4710.51     -1.1390057E-007
          4721.80     -1.2017532E-007
          4733.09     -1.2677320E-007
          4744.38     -1.3370952E-007
          4755.66     -1.4100027E-007
          4766.95     -1.4866208E-007
          4778.24     -1.5671231E-007
          4789.53     -1.6516899E-007
          4800.82     -1.7405094E-007
          4812.11     -1.8337776E-007
          4823.40     -1.9316979E-007
          4834.69     -2.0344825E-007
          4845.98     -2.1423519E-007
          4857.27     -2.2555352E-007
          4868.55     -2.3742710E-007
          4879.84     -2.4988066E-007
          4891.13     -2.6293995E-007
          4902.42     -2.7663169E-007
          4913.71     -2.9098359E-007
          4925.00     -3.0602445E-007
          4936.29     -3.2178414E-007
          4947.58     -3.3829363E-007
          4958.87     -3.5558504E-007
          4970.16     -3.7369163E-007
          4981.45     -3.9264789E-007
          4992.73     -4.1248954E-007
          5004.02     -4.3325351E-007
          5015.31     -4.5497808E-007
          5026.60     -4.7770281E-007
          5037.89     -5.0146861E-007
          5049.18     -5.2631779E-007
          5060.47     -5.5229400E-007
          5071.76     -5.7944237E-007
          5083.05     -6.0780949E-007
          5094.34     -6.3744335E-007
          5105.62     -6.6839353E-007
          5116.91     -7.0071107E-007
          5128.20     -7.3444859E-007
          5139.49     -7.6966027E-007
          5150.78     -8.0640179E-007
          5162.07     -8.4473050E-007
          5173.36     -8.8470535E-007
          5184.65     -9.2638680E-007
          5195.94     -9.6983702E-007
          5207.23     -1.0151198E-006
          5218.52     -1.0623004E-006
          5229.80     -1.1114458E-006
          5241.09     -1.1626246E-006
          5252.38     -1.2159069E-006
          5263.67     -1.2713643E-006
          5274.96     -1.3290701E-006
          5286.25     -1.3890989E-006
          5297.54     -1.4515268E-006
          5308.83     -1.5164313E-006
          5320.12     -1.5838914E-006
          5331.41     -1.6539871E-006
          5342.70     -1.7267997E-006
          5353.98     -1.8024118E-006
          5365.27     -1.8809067E-006
          5376.56     -1.9623688E-006
          5387.85     -2.0468832E-006
          5399.14     -2.1345358E-006
          5410.43     -2.2254129E-006
          5421.72     -2.3196010E-006
          5433.01     -2.4171870E-006
          5444.30     -2.5182577E-006
          5455.59     -2.6228995E-006
          5466.88     -2.7311983E-006
          5478.16     -2.8432396E-006
          5489.45     -2.9591074E-006
          5500.74     -3.0788847E-006
          5512.03     -3.2026527E-006
          5523.32     -3.3304904E-006
          5534.61     -3.4624747E-006
          5545.90     -3.5986794E-006
          5557.19     -3.7391752E-006
          5568.48     -3.8840288E-006
          5579.77     -4.0333027E-006
          5591.05     -4.1870548E-006
          5602.34     -4.3453369E-006
          5613.63     -4.5081951E-006
          5624.92     -4.6756688E-006
          5636.21     -4.8477892E-006
          5647.50     -5.0245798E-006
          5658.79     -5.2060543E-006
          5670.08     -5.3922167E-006
          5681.37     -5.5830597E-006
          5692.66     -5.7785635E-006
          5703.95     -5.9786952E-006
          5715.23     -6.1834077E-006
          5726.52     -6.3926375E-006
          5737.81     -6.6063044E-006
          5749.10     -6.8243096E-006
          5760.39     -7.0465340E-006
          5771.68     -7.2728370E-006
          5782.97     -7.5030541E-006
          5794.26     -7.7369959E-006
          5805.55     -7.9744458E-006
          5816.84     -8.2151570E-006
          5828.12     -8.4588520E-006
          5839.41     -8.7052191E-006
          5850.70     -8.9539101E-006
          5861.99     -9.2045381E-006
          5873.28     -9.4566737E-006
          5884.57     -9.7098432E-006
          5895.86     -9.9635252E-006
          5907.15     -1.0217146E-005
          5918.44     -1.0470079E-005
          5929.73     -1.0721638E-005
          5941.02     -1.0971073E-005
          5952.30     -1.1217571E-005
          5963.59     -1.1460244E-005
          5974.88     -1.1698133E-005
          5986.17     -1.1930194E-005
          5997.46     -1.2155301E-005
          6008.75     -1.2372235E-005
          6020.04     -1.2579682E-005
          6031.33     -1.2776221E-005
          6042.62     -1.2960328E-005
          6053.91     -1.3130358E-005
          6065.20     -1.3284545E-005
          6076.48     -1.3420992E-005
          6087.77     -1.3537663E-005
          6099.06     -1.3632376E-005
          6110.35     -1.3702793E-005
          6121.64     -1.3746412E-005
          6132.93     -1.3760555E-005
          6144.22     -1.3742359E-005
          6155.51     -1.3688768E-005
          6166.80     -1.3596516E-005
          6178.09     -1.3462120E-005
          6189.38     -1.3281865E-005
          6200.66     -1.3051793E-005
          6211.95     -1.2767685E-005
          6223.24     -1.2425051E-005
          6234.53     -1.2019113E-005
          6245.82     -1.1544786E-005
          6257.11     -1.0996667E-005
          6268.40     -1.0369013E-005
          6279.69     -9.6557227E-006
          6290.98     -8.8503186E-006
          6302.27     -7.9459252E-006
          6313.55     -6.9352469E-006
          6324.84     -5.8105489E-006
          6336.13     -4.5636287E-006
          6347.42     -3.1857926E-006
          6358.71     -1.6678343E-006
          6370.00     -5.9606378E-039
