          3480.00      4.4491155E-038
          3491.29     -6.2763519E-008
          3502.58     -1.2520432E-007
          3513.87     -1.8733840E-007
          3525.16     -2.4918116E-007
          3536.45     -3.1074773E-007
          3547.73     -3.7205283E-007
          3559.02     -4.3311061E-007
          3570.31     -4.9393500E-007
          3581.60     -5.5453947E-007
          3592.89     -6.1493714E-007
          3604.18     -6.7514079E-007
          3615.47     -7.3516272E-007
          3626.76     -7.9501501E-007
          3638.05     -8.5470941E-007
          3649.34     -9.1425720E-007
          3660.62     -9.7366946E-007
          3671.91     -1.0329569E-006
          3683.20     -1.0921300E-006
          3694.49     -1.1511989E-006
          3705.78     -1.2101734E-006
          3717.07     -1.2690629E-006
          3728.36     -1.3278768E-006
          3739.65     -1.3866240E-006
          3750.94     -1.4453131E-006
          3762.23     -1.5039527E-006
          3773.52     -1.5625510E-006
          3784.80     -1.6211157E-006
          3796.09     -1.6796546E-006
          3807.38     -1.7381750E-006
          3818.67     -1.7966841E-006
          3829.96     -1.8551889E-006
          3841.25     -1.9136959E-006
          3852.54     -1.9722116E-006
          3863.83     -2.0307423E-006
          3875.12     -2.0892939E-006
          3886.41     -2.1478722E-006
          3897.70     -2.2064826E-006
          3908.98     -2.2651306E-006
          3920.27     -2.3238212E-006
          3931.56     -2.3825592E-006
          3942.85     -2.4413493E-006
          3954.14     -2.5001961E-006
          3965.43     -2.5591037E-006
          3976.72     -2.6180761E-006
          3988.01     -2.6771172E-006
          3999.30     -2.7362307E-006
          4010.59     -2.7954198E-006
          4021.88     -2.8546879E-006
          4033.16     -2.9140380E-006
          4044.45     -2.9734729E-006
          4055.74     -3.0329952E-006
          4067.03     -3.0926073E-006
          4078.32     -3.1523114E-006
          4089.61     -3.2121097E-006
          4100.90     -3.2720038E-006
          4112.19     -3.3319955E-006
          4123.48     -3.3920861E-006
          4134.77     -3.4522770E-006
          4146.05     -3.5125692E-006
          4157.34     -3.5729634E-006
          4168.63     -3.6334604E-006
          4179.92     -3.6940607E-006
          4191.21     -3.7547645E-006
          4202.50     -3.8155718E-006
          4213.79     -3.8764825E-006
          4225.08     -3.9374963E-006
          4236.37     -3.9986127E-006
          4247.66     -4.0598310E-006
          4258.95     -4.1211501E-006
          4270.23     -4.1825691E-006
          4281.52     -4.2440865E-006
          4292.81     -4.3057008E-006
          4304.10     -4.3674104E-006
          4315.39     -4.4292131E-006
          4326.68     -4.4911071E-006
          4337.97     -4.5530897E-006
          4349.26     -4.6151585E-006
          4360.55     -4.6773108E-006
          4371.84     -4.7395435E-006
          4383.12     -4.8018533E-006
          4394.41     -4.8642370E-006
          4405.70     -4.9266909E-006
          4416.99     -4.9892112E-006
          4428.28     -5.0517936E-006
          4439.57     -5.1144341E-006
          4450.86     -5.1771280E-006
          4462.15     -5.2398706E-006
          4473.44     -5.3026569E-006
          4484.73     -5.3654817E-006
          4496.02     -5.4283396E-006
          4507.30     -5.4912249E-006
          4518.59     -5.5541317E-006
          4529.88     -5.6170538E-006
          4541.17     -5.6799850E-006
          4552.46     -5.7429183E-006
          4563.75     -5.8058471E-006
          4575.04     -5.8687642E-006
          4586.33     -5.9316621E-006
          4597.62     -5.9945333E-006
          4608.91     -6.0573698E-006
          4620.20     -6.1201634E-006
          4631.48     -6.1829057E-006
          4642.77     -6.2455880E-006
          4654.06     -6.3082014E-006
          4665.35     -6.3707365E-006
          4676.64     -6.4331838E-006
          4687.93     -6.4955336E-006
          4699.22     -6.5577757E-006
          4710.51     -6.6198998E-006
          4721.80     -6.6818951E-006
          4733.09     -6.7437508E-006
          4744.38     -6.8054554E-006
          4755.66     -6.8669976E-006
          4766.95     -6.9283653E-006
          4778.24     -6.9895465E-006
          4789.53     -7.0505286E-006
          4800.82     -7.1112987E-006
          4812.11     -7.1718439E-006
          4823.40     -7.2321505E-006
          4834.69     -7.2922049E-006
          4845.98     -7.3519928E-006
          4857.27     -7.4114999E-006
          4868.55     -7.4707113E-006
          4879.84     -7.5296119E-006
          4891.13     -7.5881862E-006
          4902.42     -7.6464183E-006
          4913.71     -7.7042921E-006
          4925.00     -7.7617909E-006
          4936.29     -7.8188977E-006
          4947.58     -7.8755954E-006
          4958.87     -7.9318662E-006
          4970.16     -7.9876920E-006
          4981.45     -8.0430544E-006
          4992.73     -8.0979345E-006
          5004.02     -8.1523131E-006
          5015.31     -8.2061704E-006
          5026.60     -8.2594865E-006
          5037.89     -8.3122409E-006
          5049.18     -8.3644127E-006
          5060.47     -8.4159805E-006
          5071.76     -8.4669227E-006
          5083.05     -8.5172172E-006
          5094.34     -8.5668411E-006
          5105.62     -8.6157715E-006
          5116.91     -8.6639850E-006
          5128.20     -8.7114575E-006
          5139.49     -8.7581647E-006
          5150.78     -8.8040816E-006
          5162.07     -8.8491829E-006
          5173.36     -8.8934428E-006
          5184.65     -8.9368349E-006
          5195.94     -8.9793324E-006
          5207.23     -9.0209081E-006
          5218.52     -9.0615340E-006
          5229.80     -9.1011820E-006
          5241.09     -9.1398232E-006
          5252.38     -9.1774281E-006
          5263.67     -9.2139670E-006
          5274.96     -9.2494094E-006
          5286.25     -9.2837244E-006
          5297.54     -9.3168804E-006
          5308.83     -9.3488455E-006
          5320.12     -9.3795869E-006
          5331.41     -9.4090715E-006
          5342.70     -9.4372656E-006
          5353.98     -9.4641349E-006
          5365.27     -9.4896442E-006
          5376.56     -9.5137583E-006
          5387.85     -9.5364408E-006
          5399.14     -9.5576552E-006
          5410.43     -9.5773641E-006
          5421.72     -9.5955293E-006
          5433.01     -9.6121125E-006
          5444.30     -9.6270743E-006
          5455.59     -9.6403747E-006
          5466.88     -9.6519734E-006
          5478.16     -9.6618290E-006
          5489.45     -9.6698997E-006
          5500.74     -9.6761428E-006
          5512.03     -9.6805153E-006
          5523.32     -9.6829731E-006
          5534.61     -9.6834715E-006
          5545.90     -9.6819653E-006
          5557.19     -9.6784083E-006
          5568.48     -9.6727538E-006
          5579.77     -9.6649542E-006
          5591.05     -9.6549612E-006
          5602.34     -9.6427259E-006
          5613.63     -9.6281983E-006
          5624.92     -9.6113280E-006
          5636.21     -9.5920636E-006
          5647.50     -9.5703530E-006
          5658.79     -9.5461432E-006
          5670.08     -9.5193806E-006
          5681.37     -9.4900105E-006
          5692.66     -9.4579775E-006
          5703.95     -9.4232256E-006
          5715.23     -9.3856976E-006
          5726.52     -9.3453356E-006
          5737.81     -9.3020809E-006
          5749.10     -9.2558738E-006
          5760.39     -9.2066538E-006
          5771.68     -9.1543595E-006
          5782.97     -9.0989286E-006
          5794.26     -9.0402979E-006
          5805.55     -8.9784031E-006
          5816.84     -8.9131793E-006
          5828.12     -8.8445605E-006
          5839.41     -8.7724796E-006
          5850.70     -8.6968687E-006
          5861.99     -8.6176588E-006
          5873.28     -8.5347803E-006
          5884.57     -8.4481620E-006
          5895.86     -8.3577322E-006
          5907.15     -8.2634179E-006
          5918.44     -8.1651452E-006
          5929.73     -8.0628392E-006
          5941.02     -7.9564237E-006
          5952.30     -7.8458217E-006
          5963.59     -7.7309551E-006
          5974.88     -7.6117447E-006
          5986.17     -7.4881098E-006
          5997.46     -7.3599695E-006
          6008.75     -7.2272409E-006
          6020.04     -7.0898403E-006
          6031.33     -6.9476830E-006
          6042.62     -6.8006828E-006
          6053.91     -6.6487528E-006
          6065.20     -6.4918046E-006
          6076.48     -6.3297484E-006
          6087.77     -6.1624938E-006
          6099.06     -5.9899487E-006
          6110.35     -5.8120200E-006
          6121.64     -5.6286131E-006
          6132.93     -5.4396324E-006
          6144.22     -5.2449811E-006
          6155.51     -5.0445608E-006
          6166.80     -4.8382719E-006
          6178.09     -4.6260138E-006
          6189.38     -4.4076843E-006
          6200.66     -4.1831799E-006
          6211.95     -3.9523956E-006
          6223.24     -3.7152252E-006
          6234.53     -3.4715614E-006
          6245.82     -3.2212951E-006
          6257.11     -2.9643157E-006
          6268.40     -2.7005118E-006
          6279.69     -2.4297700E-006
          6290.98     -2.1519757E-006
          6302.27     -1.8670126E-006
          6313.55     -1.5747630E-006
          6324.84     -1.2751082E-006
          6336.13     -9.6792748E-007
          6347.42     -6.5309832E-007
          6358.71     -3.3049765E-007
          6370.00      5.0536323E-039
