          3480.00     -1.4454181E-036
          3491.29     -3.6037777E-009
          3502.58     -7.1988953E-009
          3513.87     -1.0791179E-008
          3525.16     -1.4386331E-008
          3536.45     -1.7989962E-008
          3547.73     -2.1607591E-008
          3559.02     -2.5244644E-008
          3570.31     -2.8906488E-008
          3581.60     -3.2598421E-008
          3592.89     -3.6325692E-008
          3604.18     -4.0093504E-008
          3615.47     -4.3907016E-008
          3626.76     -4.7771368E-008
          3638.05     -5.1691679E-008
          3649.34     -5.5673043E-008
          3660.62     -5.9720557E-008
          3671.91     -6.3839316E-008
          3683.20     -6.8034420E-008
          3694.49     -7.2310987E-008
          3705.78     -7.6674140E-008
          3717.07     -8.1129041E-008
          3728.36     -8.5680879E-008
          3739.65     -9.0334869E-008
          3750.94     -9.5096279E-008
          3762.23     -9.9970420E-008
          3773.52     -1.0496265E-007
          3784.80     -1.1007840E-007
          3796.09     -1.1532313E-007
          3807.38     -1.2070239E-007
          3818.67     -1.2622181E-007
          3829.96     -1.3188706E-007
          3841.25     -1.3770392E-007
          3852.54     -1.4367825E-007
          3863.83     -1.4981598E-007
          3875.12     -1.5612315E-007
          3886.41     -1.6260587E-007
          3897.70     -1.6927040E-007
          3908.98     -1.7612305E-007
          3920.27     -1.8317026E-007
          3931.56     -1.9041859E-007
          3942.85     -1.9787470E-007
          3954.14     -2.0554538E-007
          3965.43     -2.1343754E-007
          3976.72     -2.2155820E-007
          3988.01     -2.2991453E-007
          3999.30     -2.3851382E-007
          4010.59     -2.4736350E-007
          4021.88     -2.5647113E-007
          4033.16     -2.6584443E-007
          4044.45     -2.7549125E-007
          4055.74     -2.8541961E-007
          4067.03     -2.9563765E-007
          4078.32     -3.0615367E-007
          4089.61     -3.1697617E-007
          4100.90     -3.2811374E-007
          4112.19     -3.3957518E-007
          4123.48     -3.5136946E-007
          4134.77     -3.6350568E-007
          4146.05     -3.7599317E-007
          4157.34     -3.8884137E-007
          4168.63     -4.0205992E-007
          4179.92     -4.1565866E-007
          4191.21     -4.2964758E-007
          4202.50     -4.4403686E-007
          4213.79     -4.5883687E-007
          4225.08     -4.7405818E-007
          4236.37     -4.8971152E-007
          4247.66     -5.0580783E-007
          4258.95     -5.2235822E-007
          4270.23     -5.3937404E-007
          4281.52     -5.5686676E-007
          4292.81     -5.7484812E-007
          4304.10     -5.9333002E-007
          4315.39     -6.1232456E-007
          4326.68     -6.3184407E-007
          4337.97     -6.5190101E-007
          4349.26     -6.7250812E-007
          4360.55     -6.9367830E-007
          4371.84     -7.1542464E-007
          4383.12     -7.3776045E-007
          4394.41     -7.6069924E-007
          4405.70     -7.8425474E-007
          4416.99     -8.0844085E-007
          4428.28     -8.3327166E-007
          4439.57     -8.5876149E-007
          4450.86     -8.8492486E-007
          4462.15     -9.1177643E-007
          4473.44     -9.3933111E-007
          4484.73     -9.6760399E-007
          4496.02     -9.9661034E-007
          4507.30     -1.0263656E-006
          4518.59     -1.0568855E-006
          4529.88     -1.0881858E-006
          4541.17     -1.1202824E-006
          4552.46     -1.1531916E-006
          4563.75     -1.1869298E-006
          4575.04     -1.2215133E-006
          4586.33     -1.2569589E-006
          4597.62     -1.2932835E-006
          4608.91     -1.3305038E-006
          4620.20     -1.3686372E-006
          4631.48     -1.4077007E-006
          4642.77     -1.4477118E-006
          4654.06     -1.4886879E-006
          4665.35     -1.5306466E-006
          4676.64     -1.5736056E-006
          4687.93     -1.6175827E-006
          4699.22     -1.6625958E-006
          4710.51     -1.7086627E-006
          4721.80     -1.7558015E-006
          4733.09     -1.8040302E-006
          4744.38     -1.8533669E-006
          4755.66     -1.9038295E-006
          4766.95     -1.9554364E-006
          4778.24     -2.0082055E-006
          4789.53     -2.0621548E-006
          4800.82     -2.1173025E-006
          4812.11     -2.1736664E-006
          4823.40     -2.2312644E-006
          4834.69     -2.2901144E-006
          4845.98     -2.3502339E-006
          4857.27     -2.4116404E-006
          4868.55     -2.4743515E-006
          4879.84     -2.5383842E-006
          4891.13     -2.6037555E-006
          4902.42     -2.6704822E-006
          4913.71     -2.7385806E-006
          4925.00     -2.8080670E-006
          4936.29     -2.8789573E-006
          4947.58     -2.9512669E-006
          4958.87     -3.0250111E-006
          4970.16     -3.1002045E-006
          4981.45     -3.1768614E-006
          4992.73     -3.2549957E-006
          5004.02     -3.3346205E-006
          5015.31     -3.4157485E-006
          5026.60     -3.4983919E-006
          5037.89     -3.5825622E-006
          5049.18     -3.6682702E-006
          5060.47     -3.7555258E-006
          5071.76     -3.8443383E-006
          5083.05     -3.9347162E-006
          5094.34     -4.0266670E-006
          5105.62     -4.1201973E-006
          5116.91     -4.2153127E-006
          5128.20     -4.3120179E-006
          5139.49     -4.4103163E-006
          5150.78     -4.5102101E-006
          5162.07     -4.6117004E-006
          5173.36     -4.7147871E-006
          5184.65     -4.8194684E-006
          5195.94     -4.9257413E-006
          5207.23     -5.0336012E-006
          5218.52     -5.1430420E-006
          5229.80     -5.2540559E-006
          5241.09     -5.3666331E-006
          5252.38     -5.4807623E-006
          5263.67     -5.5964301E-006
          5274.96     -5.7136211E-006
          5286.25     -5.8323177E-006
          5297.54     -5.9525002E-006
          5308.83     -6.0741466E-006
          5320.12     -6.1972325E-006
          5331.41     -6.3217306E-006
          5342.70     -6.4476114E-006
          5353.98     -6.5748426E-006
          5365.27     -6.7033886E-006
          5376.56     -6.8332112E-006
          5387.85     -6.9642691E-006
          5399.14     -7.0965174E-006
          5410.43     -7.2299082E-006
          5421.72     -7.3643895E-006
          5433.01     -7.4999061E-006
          5444.30     -7.6363989E-006
          5455.59     -7.7738044E-006
          5466.88     -7.9120554E-006
          5478.16     -8.0510802E-006
          5489.45     -8.1908026E-006
          5500.74     -8.3311419E-006
          5512.03     -8.4720120E-006
          5523.32     -8.6133223E-006
          5534.61     -8.7549769E-006
          5545.90     -8.8968741E-006
          5557.19     -9.0389069E-006
          5568.48     -9.1809624E-006
          5579.77     -9.3229215E-006
          5591.05     -9.4646590E-006
          5602.34     -9.6060429E-006
          5613.63     -9.7469344E-006
          5624.92     -9.8871882E-006
          5636.21     -1.0026651E-005
          5647.50     -1.0165163E-005
          5658.79     -1.0302554E-005
          5670.08     -1.0438650E-005
          5681.37     -1.0573265E-005
          5692.66     -1.0706206E-005
          5703.95     -1.0837271E-005
          5715.23     -1.0966247E-005
          5726.52     -1.1092913E-005
          5737.81     -1.1217039E-005
          5749.10     -1.1338383E-005
          5760.39     -1.1456693E-005
          5771.68     -1.1571705E-005
          5782.97     -1.1683145E-005
          5794.26     -1.1790728E-005
          5805.55     -1.1894154E-005
          5816.84     -1.1993113E-005
          5828.12     -1.2087282E-005
          5839.41     -1.2176322E-005
          5850.70     -1.2259884E-005
          5861.99     -1.2337602E-005
          5873.28     -1.2409096E-005
          5884.57     -1.2473970E-005
          5895.86     -1.2531815E-005
          5907.15     -1.2582204E-005
          5918.44     -1.2624691E-005
          5929.73     -1.2658818E-005
          5941.02     -1.2684105E-005
          5952.30     -1.2700055E-005
          5963.59     -1.2706152E-005
          5974.88     -1.2701861E-005
          5986.17     -1.2686626E-005
          5997.46     -1.2659871E-005
          6008.75     -1.2620999E-005
          6020.04     -1.2569390E-005
          6031.33     -1.2504402E-005
          6042.62     -1.2425369E-005
          6053.91     -1.2331602E-005
          6065.20     -1.2222385E-005
          6076.48     -1.2096978E-005
          6087.77     -1.1954616E-005
          6099.06     -1.1794505E-005
          6110.35     -1.1615823E-005
          6121.64     -1.1417720E-005
          6132.93     -1.1199316E-005
          6144.22     -1.0959700E-005
          6155.51     -1.0697932E-005
          6166.80     -1.0413037E-005
          6178.09     -1.0104007E-005
          6189.38     -9.7698024E-006
          6200.66     -9.4093455E-006
          6211.95     -9.0215238E-006
          6223.24     -8.6051868E-006
          6234.53     -8.1591470E-006
          6245.82     -7.6821764E-006
          6257.11     -7.1730063E-006
          6268.40     -6.6303277E-006
          6279.69     -6.0527874E-006
          6290.98     -5.4389888E-006
          6302.27     -4.7874898E-006
          6313.55     -4.0968012E-006
          6324.84     -3.3653877E-006
          6336.13     -2.5916632E-006
          6347.42     -1.7739908E-006
          6358.71     -9.1068374E-007
          6370.00      6.4949973E-039
