          3480.00     -3.6123982E-031
          3491.29     -1.1421367E-012
          3502.58     -2.2898043E-012
          3513.87     -3.4525403E-012
          3525.16     -4.6398411E-012
          3536.45     -5.8612463E-012
          3547.73     -7.1264130E-012
          3559.02     -8.4451869E-012
          3570.31     -9.8276838E-012
          3581.60     -1.1284359E-011
          3592.89     -1.2826085E-011
          3604.18     -1.4464224E-011
          3615.47     -1.6210706E-011
          3626.76     -1.8078110E-011
          3638.05     -2.0079747E-011
          3649.34     -2.2229737E-011
          3660.62     -2.4543108E-011
          3671.91     -2.7035882E-011
          3683.20     -2.9725175E-011
          3694.49     -3.2629300E-011
          3705.78     -3.5767867E-011
          3717.07     -3.9161911E-011
          3728.36     -4.2834010E-011
          3739.65     -4.6808398E-011
          3750.94     -5.1111125E-011
          3762.23     -5.5770193E-011
          3773.52     -6.0815705E-011
          3784.80     -6.6280048E-011
          3796.09     -7.2198038E-011
          3807.38     -7.8607145E-011
          3818.67     -8.5547681E-011
          3829.96     -9.3062988E-011
          3841.25     -1.0119971E-010
          3852.54     -1.1000802E-010
          3863.83     -1.1954185E-010
          3875.12     -1.2985924E-010
          3886.41     -1.4102256E-010
          3897.70     -1.5309886E-010
          3908.98     -1.6616024E-010
          3920.27     -1.8028413E-010
          3931.56     -1.9555378E-010
          3942.85     -2.1205859E-010
          3954.14     -2.2989457E-010
          3965.43     -2.4916484E-010
          3976.72     -2.6998007E-010
          3988.01     -2.9245907E-010
          3999.30     -3.1672934E-010
          4010.59     -3.4292763E-010
          4021.88     -3.7120065E-010
          4033.16     -4.0170573E-010
          4044.45     -4.3461152E-010
          4055.74     -4.7009885E-010
          4067.03     -5.0836139E-010
          4078.32     -5.4960674E-010
          4089.61     -5.9405727E-010
          4100.90     -6.4195101E-010
          4112.19     -6.9354290E-010
          4123.48     -7.4910580E-010
          4134.77     -8.0893172E-010
          4146.05     -8.7333313E-010
          4157.34     -9.4264409E-010
          4168.63     -1.0172220E-009
          4179.92     -1.0974491E-009
          4191.21     -1.1837336E-009
          4202.50     -1.2765121E-009
          4213.79     -1.3762508E-009
          4225.08     -1.4834480E-009
          4236.37     -1.5986357E-009
          4247.66     -1.7223816E-009
          4258.95     -1.8552922E-009
          4270.23     -1.9980146E-009
          4281.52     -2.1512388E-009
          4292.81     -2.3157013E-009
          4304.10     -2.4921876E-009
          4315.39     -2.6815348E-009
          4326.68     -2.8846358E-009
          4337.97     -3.1024413E-009
          4349.26     -3.3359650E-009
          4360.55     -3.5862867E-009
          4371.84     -3.8545557E-009
          4383.12     -4.1419963E-009
          4394.41     -4.4499117E-009
          4405.70     -4.7796887E-009
          4416.99     -5.1328031E-009
          4428.28     -5.5108239E-009
          4439.57     -5.9154206E-009
          4450.86     -6.3483686E-009
          4462.15     -6.8115537E-009
          4473.44     -7.3069813E-009
          4484.73     -7.8367818E-009
          4496.02     -8.4032182E-009
          4507.30     -9.0086943E-009
          4518.59     -9.6557607E-009
          4529.88     -1.0347127E-008
          4541.17     -1.1085667E-008
          4552.46     -1.1874431E-008
          4563.75     -1.2716653E-008
          4575.04     -1.3615765E-008
          4586.33     -1.4575403E-008
          4597.62     -1.5599425E-008
          4608.91     -1.6691914E-008
          4620.20     -1.7857199E-008
          4631.48     -1.9099867E-008
          4642.77     -2.0424770E-008
          4654.06     -2.1837049E-008
          4665.35     -2.3342144E-008
          4676.64     -2.4945811E-008
          4687.93     -2.6654142E-008
          4699.22     -2.8473573E-008
          4710.51     -3.0410915E-008
          4721.80     -3.2473369E-008
          4733.09     -3.4668538E-008
          4744.38     -3.7004459E-008
          4755.66     -3.9489623E-008
          4766.95     -4.2132992E-008
          4778.24     -4.4944033E-008
          4789.53     -4.7932727E-008
          4800.82     -5.1109614E-008
          4812.11     -5.4485814E-008
          4823.40     -5.8073042E-008
          4834.69     -6.1883657E-008
          4845.98     -6.5930685E-008
          4857.27     -7.0227847E-008
          4868.55     -7.4789604E-008
          4879.84     -7.9631168E-008
          4891.13     -8.4768568E-008
          4902.42     -9.0218674E-008
          4913.71     -9.5999219E-008
          4925.00     -1.0212887E-007
          4936.29     -1.0862725E-007
          4947.58     -1.1551499E-007
          4958.87     -1.2281376E-007
          4970.16     -1.3054633E-007
          4981.45     -1.3873660E-007
          4992.73     -1.4740969E-007
          5004.02     -1.5659193E-007
          5015.31     -1.6631095E-007
          5026.60     -1.7659575E-007
          5037.89     -1.8747669E-007
          5049.18     -1.9898563E-007
          5060.47     -2.1115591E-007
          5071.76     -2.2402246E-007
          5083.05     -2.3762187E-007
          5094.34     -2.5199238E-007
          5105.62     -2.6717402E-007
          5116.91     -2.8320864E-007
          5128.20     -3.0013997E-007
          5139.49     -3.1801374E-007
          5150.78     -3.3687761E-007
          5162.07     -3.5678143E-007
          5173.36     -3.7777716E-007
          5184.65     -3.9991896E-007
          5195.94     -4.2326336E-007
          5207.23     -4.4786918E-007
          5218.52     -4.7379773E-007
          5229.80     -5.0111281E-007
          5241.09     -5.2988072E-007
          5252.38     -5.6017048E-007
          5263.67     -5.9205379E-007
          5274.96     -6.2560504E-007
          5286.25     -6.6090150E-007
          5297.54     -6.9802330E-007
          5308.83     -7.3705351E-007
          5320.12     -7.7807817E-007
          5331.41     -8.2118627E-007
          5342.70     -8.6646995E-007
          5353.98     -9.1402444E-007
          5365.27     -9.6394796E-007
          5376.56     -1.0163420E-006
          5387.85     -1.0713111E-006
          5399.14     -1.1289630E-006
          5410.43     -1.1894087E-006
          5421.72     -1.2527618E-006
          5433.01     -1.3191395E-006
          5444.30     -1.3886619E-006
          5455.59     -1.4614518E-006
          5466.88     -1.5376350E-006
          5478.16     -1.6173401E-006
          5489.45     -1.7006982E-006
          5500.74     -1.7878430E-006
          5512.03     -1.8789101E-006
          5523.32     -1.9740377E-006
          5534.61     -2.0733655E-006
          5545.90     -2.1770346E-006
          5557.19     -2.2851877E-006
          5568.48     -2.3979681E-006
          5579.77     -2.5155197E-006
          5591.05     -2.6379865E-006
          5602.34     -2.7655118E-006
          5613.63     -2.8982381E-006
          5624.92     -3.0363063E-006
          5636.21     -3.1798546E-006
          5647.50     -3.3290187E-006
          5658.79     -3.4839301E-006
          5670.08     -3.6447156E-006
          5681.37     -3.8114965E-006
          5692.66     -3.9843865E-006
          5703.95     -4.1634922E-006
          5715.23     -4.3489103E-006
          5726.52     -4.5407267E-006
          5737.81     -4.7390154E-006
          5749.10     -4.9438362E-006
          5760.39     -5.1552332E-006
          5771.68     -5.3732329E-006
          5782.97     -5.5978414E-006
          5794.26     -5.8290433E-006
          5805.55     -6.0667982E-006
          5816.84     -6.3110380E-006
          5828.12     -6.5616646E-006
          5839.41     -6.8185465E-006
          5850.70     -7.0815151E-006
          5861.99     -7.3503615E-006
          5873.28     -7.6248316E-006
          5884.57     -7.9046233E-006
          5895.86     -8.1893809E-006
          5907.15     -8.4786900E-006
          5918.44     -8.7720731E-006
          5929.73     -9.0689832E-006
          5941.02     -9.3687982E-006
          5952.30     -9.6708141E-006
          5963.59     -9.9742372E-006
          5974.88     -1.0278178E-005
          5986.17     -1.0581644E-005
          5997.46     -1.0883525E-005
          6008.75     -1.1182594E-005
          6020.04     -1.1477489E-005
          6031.33     -1.1766704E-005
          6042.62     -1.2048582E-005
          6053.91     -1.2321298E-005
          6065.20     -1.2582847E-005
          6076.48     -1.2831034E-005
          6087.77     -1.3063454E-005
          6099.06     -1.3277480E-005
          6110.35     -1.3470246E-005
          6121.64     -1.3638627E-005
          6132.93     -1.3779222E-005
          6144.22     -1.3888333E-005
          6155.51     -1.3961945E-005
          6166.80     -1.3995699E-005
          6178.09     -1.3984872E-005
          6189.38     -1.3924350E-005
          6200.66     -1.3808598E-005
          6211.95     -1.3631634E-005
          6223.24     -1.3386994E-005
          6234.53     -1.3067703E-005
          6245.82     -1.2666236E-005
          6257.11     -1.2174481E-005
          6268.40     -1.1583702E-005
          6279.69     -1.0884495E-005
          6290.98     -1.0066741E-005
          6302.27     -9.1195615E-006
          6313.55     -8.0312638E-006
          6324.84     -6.7892944E-006
          6336.13     -5.3801743E-006
          6347.42     -3.7894414E-006
          6358.71     -2.0015910E-006
          6370.00      0.0000000E+000
