          3480.00     -2.9968007E-033
          3491.29     -3.9092291E-010
          3502.58     -7.8244080E-010
          3513.87     -1.1757684E-009
          3525.16     -1.5721057E-009
          3536.45     -1.9726439E-009
          3547.73     -2.3785684E-009
          3559.02     -2.7910609E-009
          3570.31     -3.2113055E-009
          3581.60     -3.6404903E-009
          3592.89     -4.0798113E-009
          3604.18     -4.5304631E-009
          3615.47     -4.9936385E-009
          3626.76     -5.4705662E-009
          3638.05     -5.9624949E-009
          3649.34     -6.4706951E-009
          3660.62     -6.9964644E-009
          3671.91     -7.5411285E-009
          3683.20     -8.1060449E-009
          3694.49     -8.6926060E-009
          3705.78     -9.3022402E-009
          3717.07     -9.9364173E-009
          3728.36     -1.0596651E-008
          3739.65     -1.1284497E-008
          3750.94     -1.2001565E-008
          3762.23     -1.2749514E-008
          3773.52     -1.3530058E-008
          3784.80     -1.4344970E-008
          3796.09     -1.5196082E-008
          3807.38     -1.6085309E-008
          3818.67     -1.7014620E-008
          3829.96     -1.7986051E-008
          3841.25     -1.9001715E-008
          3852.54     -2.0063799E-008
          3863.83     -2.1174575E-008
          3875.12     -2.2336396E-008
          3886.41     -2.3551702E-008
          3897.70     -2.4823026E-008
          3908.98     -2.6152999E-008
          3920.27     -2.7544345E-008
          3931.56     -2.8999893E-008
          3942.85     -3.0522582E-008
          3954.14     -3.2115485E-008
          3965.43     -3.3781778E-008
          3976.72     -3.5524746E-008
          3988.01     -3.7347800E-008
          3999.30     -3.9254485E-008
          4010.59     -4.1248468E-008
          4021.88     -4.3333565E-008
          4033.16     -4.5513728E-008
          4044.45     -4.7793061E-008
          4055.74     -5.0175822E-008
          4067.03     -5.2666418E-008
          4078.32     -5.5269431E-008
          4089.61     -5.7989609E-008
          4100.90     -6.0831868E-008
          4112.19     -6.3801314E-008
          4123.48     -6.6903236E-008
          4134.77     -7.0143113E-008
          4146.05     -7.3526626E-008
          4157.34     -7.7059654E-008
          4168.63     -8.0748293E-008
          4179.92     -8.4598858E-008
          4191.21     -8.8617879E-008
          4202.50     -9.2812127E-008
          4213.79     -9.7188606E-008
          4225.08     -1.0175457E-007
          4236.37     -1.0651752E-007
          4247.66     -1.1148521E-007
          4258.95     -1.1666566E-007
          4270.23     -1.2206719E-007
          4281.52     -1.2769836E-007
          4292.81     -1.3356805E-007
          4304.10     -1.3968545E-007
          4315.39     -1.4606003E-007
          4326.68     -1.5270160E-007
          4337.97     -1.5962025E-007
          4349.26     -1.6682646E-007
          4360.55     -1.7433102E-007
          4371.84     -1.8214534E-007
          4383.12     -1.9028067E-007
          4394.41     -1.9874887E-007
          4405.70     -2.0756215E-007
          4416.99     -2.1673314E-007
          4428.28     -2.2627484E-007
          4439.57     -2.3620070E-007
          4450.86     -2.4652454E-007
          4462.15     -2.5726063E-007
          4473.44     -2.6842364E-007
          4484.73     -2.8002874E-007
          4496.02     -2.9209149E-007
          4507.30     -3.0462795E-007
          4518.59     -3.1765463E-007
          4529.88     -3.3118853E-007
          4541.17     -3.4524715E-007
          4552.46     -3.5984849E-007
          4563.75     -3.7501105E-007
          4575.04     -3.9075386E-007
          4586.33     -4.0709647E-007
          4597.62     -4.2405898E-007
          4608.91     -4.4166198E-007
          4620.20     -4.5992669E-007
          4631.48     -4.7887486E-007
          4642.77     -4.9852880E-007
          4654.06     -5.1891142E-007
          4665.35     -5.4004621E-007
          4676.64     -5.6195727E-007
          4687.93     -5.8466932E-007
          4699.22     -6.0820760E-007
          4710.51     -6.3259807E-007
          4721.80     -6.5786729E-007
          4733.09     -6.8404240E-007
          4744.38     -7.1115123E-007
          4755.66     -7.3922224E-007
          4766.95     -7.6828452E-007
          4778.24     -7.9836786E-007
          4789.53     -8.2950259E-007
          4800.82     -8.6171980E-007
          4812.11     -8.9505123E-007
          4823.40     -9.2952918E-007
          4834.69     -9.6518669E-007
          4845.98     -1.0020574E-006
          4857.27     -1.0401755E-006
          4868.55     -1.0795760E-006
          4879.84     -1.1202944E-006
          4891.13     -1.1623669E-006
          4902.42     -1.2058304E-006
          4913.71     -1.2507224E-006
          4925.00     -1.2970809E-006
          4936.29     -1.3449447E-006
          4947.58     -1.3943530E-006
          4958.87     -1.4453456E-006
          4970.16     -1.4979629E-006
          4981.45     -1.5522458E-006
          4992.73     -1.6082358E-006
          5004.02     -1.6659743E-006
          5015.31     -1.7255037E-006
          5026.60     -1.7868667E-006
          5037.89     -1.8501064E-006
          5049.18     -1.9152665E-006
          5060.47     -1.9823906E-006
          5071.76     -2.0515228E-006
          5083.05     -2.1227077E-006
          5094.34     -2.1959897E-006
          5105.62     -2.2714134E-006
          5116.91     -2.3490237E-006
          5128.20     -2.4288654E-006
          5139.49     -2.5109834E-006
          5150.78     -2.5954218E-006
          5162.07     -2.6822250E-006
          5173.36     -2.7714371E-006
          5184.65     -2.8631020E-006
          5195.94     -2.9572632E-006
          5207.23     -3.0539635E-006
          5218.52     -3.1532454E-006
          5229.80     -3.2551505E-006
          5241.09     -3.3597194E-006
          5252.38     -3.4669923E-006
          5263.67     -3.5770078E-006
          5274.96     -3.6898035E-006
          5286.25     -3.8054157E-006
          5297.54     -3.9238790E-006
          5308.83     -4.0452258E-006
          5320.12     -4.1694877E-006
          5331.41     -4.2966937E-006
          5342.70     -4.4268710E-006
          5353.98     -4.5600445E-006
          5365.27     -4.6962364E-006
          5376.56     -4.8354668E-006
          5387.85     -4.9777514E-006
          5399.14     -5.1231034E-006
          5410.43     -5.2715330E-006
          5421.72     -5.4230458E-006
          5433.01     -5.5776443E-006
          5444.30     -5.7353262E-006
          5455.59     -5.8960824E-006
          5466.88     -6.0599011E-006
          5478.16     -6.2267652E-006
          5489.45     -6.3966521E-006
          5500.74     -6.5695332E-006
          5512.03     -6.7453737E-006
          5523.32     -6.9241319E-006
          5534.61     -7.1057594E-006
          5545.90     -7.2901997E-006
          5557.19     -7.4773885E-006
          5568.48     -7.6672534E-006
          5579.77     -7.8596671E-006
          5591.05     -8.0545277E-006
          5602.34     -8.2517295E-006
          5613.63     -8.4511571E-006
          5624.92     -8.6526842E-006
          5636.21     -8.8561719E-006
          5647.50     -9.0614702E-006
          5658.79     -9.2684157E-006
          5670.08     -9.4768290E-006
          5681.37     -9.6861200E-006
          5692.66     -9.8960529E-006
          5703.95     -1.0106378E-005
          5715.23     -1.0316833E-005
          5726.52     -1.0527136E-005
          5737.81     -1.0736994E-005
          5749.10     -1.0946095E-005
          5760.39     -1.1154111E-005
          5771.68     -1.1360694E-005
          5782.97     -1.1565522E-005
          5794.26     -1.1768681E-005
          5805.55     -1.1969799E-005
          5816.84     -1.2168481E-005
          5828.12     -1.2364303E-005
          5839.41     -1.2556819E-005
          5850.70     -1.2745553E-005
          5861.99     -1.2930000E-005
          5873.28     -1.3109624E-005
          5884.57     -1.3283860E-005
          5895.86     -1.3452109E-005
          5907.15     -1.3613733E-005
          5918.44     -1.3767821E-005
          5929.73     -1.3913654E-005
          5941.02     -1.4050475E-005
          5952.30     -1.4177490E-005
          5963.59     -1.4293864E-005
          5974.88     -1.4398673E-005
          5986.17     -1.4490928E-005
          5997.46     -1.4569661E-005
          6008.75     -1.4633861E-005
          6020.04     -1.4682471E-005
          6031.33     -1.4714758E-005
          6042.62     -1.4729584E-005
          6053.91     -1.4725754E-005
          6065.20     -1.4702017E-005
          6076.48     -1.4657195E-005
          6087.77     -1.4590019E-005
          6099.06     -1.4499057E-005
          6110.35     -1.4382810E-005
          6121.64     -1.4239626E-005
          6132.93     -1.4067394E-005
          6144.22     -1.3864366E-005
          6155.51     -1.3628913E-005
          6166.80     -1.3359157E-005
          6178.09     -1.3053574E-005
          6189.38     -1.2710300E-005
          6200.66     -1.2327198E-005
          6211.95     -1.1902028E-005
          6223.24     -1.1432445E-005
          6234.53     -1.0915987E-005
          6245.82     -1.0350086E-005
          6257.11     -9.7320492E-006
          6268.40     -9.0590666E-006
          6279.69     -8.3282389E-006
          6290.98     -7.5365020E-006
          6302.27     -6.6806363E-006
          6313.55     -5.7572825E-006
          6324.84     -4.7629463E-006
          6336.13     -3.6939791E-006
          6347.42     -2.5465387E-006
          6358.71     -1.3166190E-006
          6370.00     -4.4169983E-049
