          3480.00      1.0491091E-035
          3491.29     -6.4068270E-009
          3502.58     -1.2810251E-008
          3513.87     -1.9218882E-008
          3525.16     -2.5641176E-008
          3536.45     -3.2085477E-008
          3547.73     -3.8560018E-008
          3559.02     -4.5072912E-008
          3570.31     -5.1632203E-008
          3581.60     -5.8245848E-008
          3592.89     -6.4921740E-008
          3604.18     -7.1667498E-008
          3615.47     -7.8490435E-008
          3626.76     -8.5398155E-008
          3638.05     -9.2398237E-008
          3649.34     -9.9498219E-008
          3660.62     -1.0670565E-007
          3671.91     -1.1402805E-007
          3683.20     -1.2147297E-007
          3694.49     -1.2904797E-007
          3705.78     -1.3676058E-007
          3717.07     -1.4461840E-007
          3728.36     -1.5262907E-007
          3739.65     -1.6080021E-007
          3750.94     -1.6913954E-007
          3762.23     -1.7765480E-007
          3773.52     -1.8635379E-007
          3784.80     -1.9524438E-007
          3796.09     -2.0433450E-007
          3807.38     -2.1363239E-007
          3818.67     -2.2314616E-007
          3829.96     -2.3288398E-007
          3841.25     -2.4285414E-007
          3852.54     -2.5306498E-007
          3863.83     -2.6352495E-007
          3875.12     -2.7424263E-007
          3886.41     -2.8522665E-007
          3897.70     -2.9648577E-007
          3908.98     -3.0802888E-007
          3920.27     -3.1986495E-007
          3931.56     -3.3200308E-007
          3942.85     -3.4445251E-007
          3954.14     -3.5722291E-007
          3965.43     -3.7032388E-007
          3976.72     -3.8376506E-007
          3988.01     -3.9755624E-007
          3999.30     -4.1170737E-007
          4010.59     -4.2622850E-007
          4021.88     -4.4112985E-007
          4033.16     -4.5642179E-007
          4044.45     -4.7211483E-007
          4055.74     -4.8821965E-007
          4067.03     -5.0474704E-007
          4078.32     -5.2170800E-007
          4089.61     -5.3911368E-007
          4100.90     -5.5697534E-007
          4112.19     -5.7530449E-007
          4123.48     -5.9411273E-007
          4134.77     -6.1341188E-007
          4146.05     -6.3321389E-007
          4157.34     -6.5353085E-007
          4168.63     -6.7437508E-007
          4179.92     -6.9575906E-007
          4191.21     -7.1769538E-007
          4202.50     -7.4019687E-007
          4213.79     -7.6327651E-007
          4225.08     -7.8694743E-007
          4236.37     -8.1122299E-007
          4247.66     -8.3611660E-007
          4258.95     -8.6164185E-007
          4270.23     -8.8781260E-007
          4281.52     -9.1464279E-007
          4292.81     -9.4214661E-007
          4304.10     -9.7033838E-007
          4315.39     -9.9923259E-007
          4326.68     -1.0288439E-006
          4337.97     -1.0591872E-006
          4349.26     -1.0902773E-006
          4360.55     -1.1221295E-006
          4371.84     -1.1547609E-006
          4383.12     -1.1881852E-006
          4394.41     -1.2224179E-006
          4405.70     -1.2574745E-006
          4416.99     -1.2933710E-006
          4428.28     -1.3301232E-006
          4439.57     -1.3677474E-006
          4450.86     -1.4062597E-006
          4462.15     -1.4456766E-006
          4473.44     -1.4860144E-006
          4484.73     -1.5272899E-006
          4496.02     -1.5695198E-006
          4507.30     -1.6127208E-006
          4518.59     -1.6569098E-006
          4529.88     -1.7021038E-006
          4541.17     -1.7483199E-006
          4552.46     -1.7955752E-006
          4563.75     -1.8438870E-006
          4575.04     -1.8932725E-006
          4586.33     -1.9437489E-006
          4597.62     -1.9953337E-006
          4608.91     -2.0480440E-006
          4620.20     -2.1018972E-006
          4631.48     -2.1569107E-006
          4642.77     -2.2131015E-006
          4654.06     -2.2704871E-006
          4665.35     -2.3290846E-006
          4676.64     -2.3889112E-006
          4687.93     -2.4499839E-006
          4699.22     -2.5123197E-006
          4710.51     -2.5759353E-006
          4721.80     -2.6408475E-006
          4733.09     -2.7070728E-006
          4744.38     -2.7746278E-006
          4755.66     -2.8435285E-006
          4766.95     -2.9137910E-006
          4778.24     -2.9854312E-006
          4789.53     -3.0584644E-006
          4800.82     -3.1329060E-006
          4812.11     -3.2087711E-006
          4823.40     -3.2860741E-006
          4834.69     -3.3648294E-006
          4845.98     -3.4450508E-006
          4857.27     -3.5267514E-006
          4868.55     -3.6099442E-006
          4879.84     -3.6946416E-006
          4891.13     -3.7808558E-006
          4902.42     -3.8685985E-006
          4913.71     -3.9578804E-006
          4925.00     -4.0487121E-006
          4936.29     -4.1411033E-006
          4947.58     -4.2350631E-006
          4958.87     -4.3305999E-006
          4970.16     -4.4277214E-006
          4981.45     -4.5264343E-006
          4992.73     -4.6267448E-006
          5004.02     -4.7286569E-006
          5015.31     -4.8321745E-006
          5026.60     -4.9373010E-006
          5037.89     -5.0440382E-006
          5049.18     -5.1523876E-006
          5060.47     -5.2623488E-006
          5071.76     -5.3739207E-006
          5083.05     -5.4871010E-006
          5094.34     -5.6018857E-006
          5105.62     -5.7182698E-006
          5116.91     -5.8362469E-006
          5128.20     -5.9558089E-006
          5139.49     -6.0769465E-006
          5150.78     -6.1996476E-006
          5162.07     -6.3238987E-006
          5173.36     -6.4496852E-006
          5184.65     -6.5769905E-006
          5195.94     -6.7057965E-006
          5207.23     -6.8360827E-006
          5218.52     -6.9678268E-006
          5229.80     -7.1010046E-006
          5241.09     -7.2355890E-006
          5252.38     -7.3715511E-006
          5263.67     -7.5088598E-006
          5274.96     -7.6474807E-006
          5286.25     -7.7873777E-006
          5297.54     -7.9285111E-006
          5308.83     -8.0708375E-006
          5320.12     -8.2143122E-006
          5331.41     -8.3588868E-006
          5342.70     -8.5045107E-006
          5353.98     -8.6511296E-006
          5365.27     -8.7986859E-006
          5376.56     -8.9471196E-006
          5387.85     -9.0963647E-006
          5399.14     -9.2463527E-006
          5410.43     -9.3970118E-006
          5421.72     -9.5482657E-006
          5433.01     -9.7000342E-006
          5444.30     -9.8522331E-006
          5455.59     -1.0004769E-005
          5466.88     -1.0157549E-005
          5478.16     -1.0310475E-005
          5489.45     -1.0463443E-005
          5500.74     -1.0616345E-005
          5512.03     -1.0769069E-005
          5523.32     -1.0921496E-005
          5534.61     -1.1073502E-005
          5545.90     -1.1224958E-005
          5557.19     -1.1375727E-005
          5568.48     -1.1525670E-005
          5579.77     -1.1674562E-005
          5591.05     -1.1822234E-005
          5602.34     -1.1968520E-005
          5613.63     -1.2113250E-005
          5624.92     -1.2256245E-005
          5636.21     -1.2397319E-005
          5647.50     -1.2536282E-005
          5658.79     -1.2672932E-005
          5670.08     -1.2807058E-005
          5681.37     -1.2937837E-005
          5692.66     -1.3065019E-005
          5703.95     -1.3188345E-005
          5715.23     -1.3307551E-005
          5726.52     -1.3422365E-005
          5737.81     -1.3532507E-005
          5749.10     -1.3637690E-005
          5760.39     -1.3737619E-005
          5771.68     -1.3831993E-005
          5782.97     -1.3920561E-005
          5794.26     -1.4003650E-005
          5805.55     -1.4080963E-005
          5816.84     -1.4152190E-005
          5828.12     -1.4217010E-005
          5839.41     -1.4275094E-005
          5850.70     -1.4326097E-005
          5861.99     -1.4369666E-005
          5873.28     -1.4405433E-005
          5884.57     -1.4433022E-005
          5895.86     -1.4452040E-005
          5907.15     -1.4462080E-005
          5918.44     -1.4462423E-005
          5929.73     -1.4452627E-005
          5941.02     -1.4432239E-005
          5952.30     -1.4400792E-005
          5963.59     -1.4357808E-005
          5974.88     -1.4302732E-005
          5986.17     -1.4234974E-005
          5997.46     -1.4154009E-005
          6008.75     -1.4059299E-005
          6020.04     -1.3950293E-005
          6031.33     -1.3826851E-005
          6042.62     -1.3688404E-005
          6053.91     -1.3534367E-005
          6065.20     -1.3364135E-005
          6076.48     -1.3177238E-005
          6087.77     -1.2973151E-005
          6099.06     -1.2751223E-005
          6110.35     -1.2510785E-005
          6121.64     -1.2251061E-005
          6132.93     -1.1970846E-005
          6144.22     -1.1669394E-005
          6155.51     -1.1346145E-005
          6166.80     -1.1000333E-005
          6178.09     -1.0631629E-005
          6189.38     -1.0239410E-005
          6200.66     -9.8228398E-006
          6211.95     -9.3810582E-006
          6223.24     -8.9131760E-006
          6234.53     -8.4182740E-006
          6245.82     -7.8954101E-006
          6257.11     -7.3436079E-006
          6268.40     -6.7618691E-006
          6279.69     -6.1492024E-006
          6290.98     -5.5045538E-006
          6302.27     -4.8268202E-006
          6313.55     -4.1148701E-006
          6324.84     -3.3675518E-006
          6336.13     -2.5836800E-006
          6347.42     -1.7620020E-006
          6358.71     -9.0123007E-007
          6370.00     -4.0731306E-046
