          3480.00      5.0006412E-034
          3491.29     -1.0299990E-009
          3502.58     -2.0607977E-009
          3513.87     -3.0949051E-009
          3525.16     -4.1347952E-009
          3536.45     -5.1829183E-009
          3547.73     -6.2417054E-009
          3559.02     -7.3135706E-009
          3570.31     -8.4009229E-009
          3581.60     -9.5061678E-009
          3592.89     -1.0631714E-008
          3604.18     -1.1779945E-008
          3615.47     -1.2953216E-008
          3626.76     -1.4153950E-008
          3638.05     -1.5384593E-008
          3649.34     -1.6647613E-008
          3660.62     -1.7945514E-008
          3671.91     -1.9280835E-008
          3683.20     -2.0656155E-008
          3694.49     -2.2074096E-008
          3705.78     -2.3537330E-008
          3717.07     -2.5048579E-008
          3728.36     -2.6610628E-008
          3739.65     -2.8226314E-008
          3750.94     -2.9898548E-008
          3762.23     -3.1630304E-008
          3773.52     -3.3424631E-008
          3784.80     -3.5284659E-008
          3796.09     -3.7213595E-008
          3807.38     -3.9214776E-008
          3818.67     -4.1291595E-008
          3829.96     -4.3447532E-008
          3841.25     -4.5686169E-008
          3852.54     -4.8011190E-008
          3863.83     -5.0426385E-008
          3875.12     -5.2935658E-008
          3886.41     -5.5543019E-008
          3897.70     -5.8252607E-008
          3908.98     -6.1068681E-008
          3920.27     -6.3995623E-008
          3931.56     -6.7037955E-008
          3942.85     -7.0200332E-008
          3954.14     -7.3487615E-008
          3965.43     -7.6904776E-008
          3976.72     -8.0456915E-008
          3988.01     -8.4149294E-008
          3999.30     -8.7987341E-008
          4010.59     -9.1976636E-008
          4021.88     -9.6122942E-008
          4033.16     -1.0043219E-007
          4044.45     -1.0491051E-007
          4055.74     -1.0956419E-007
          4067.03     -1.1439972E-007
          4078.32     -1.1942380E-007
          4089.61     -1.2464331E-007
          4100.90     -1.3006536E-007
          4112.19     -1.3569725E-007
          4123.48     -1.4154652E-007
          4134.77     -1.4762092E-007
          4146.05     -1.5392844E-007
          4157.34     -1.6047728E-007
          4168.63     -1.6727591E-007
          4179.92     -1.7433303E-007
          4191.21     -1.8165759E-007
          4202.50     -1.8925881E-007
          4213.79     -1.9714617E-007
          4225.08     -2.0532941E-007
          4236.37     -2.1381857E-007
          4247.66     -2.2262394E-007
          4258.95     -2.3175608E-007
          4270.23     -2.4122590E-007
          4281.52     -2.5104456E-007
          4292.81     -2.6122356E-007
          4304.10     -2.7177471E-007
          4315.39     -2.8271013E-007
          4326.68     -2.9404228E-007
          4337.97     -3.0578391E-007
          4349.26     -3.1794815E-007
          4360.55     -3.3054847E-007
          4371.84     -3.4359921E-007
          4383.12     -3.5711401E-007
          4394.41     -3.7110740E-007
          4405.70     -3.8559420E-007
          4416.99     -4.0058967E-007
          4428.28     -4.1610943E-007
          4439.57     -4.3216950E-007
          4450.86     -4.4878629E-007
          4462.15     -4.6597658E-007
          4473.44     -4.8375758E-007
          4484.73     -5.0214689E-007
          4496.02     -5.2116253E-007
          4507.30     -5.4082293E-007
          4518.59     -5.6114690E-007
          4529.88     -5.8215374E-007
          4541.17     -6.0386315E-007
          4552.46     -6.2629526E-007
          4563.75     -6.4947066E-007
          4575.04     -6.7341037E-007
          4586.33     -6.9813582E-007
          4597.62     -7.2366892E-007
          4608.91     -7.5003196E-007
          4620.20     -7.7724774E-007
          4631.48     -8.0533953E-007
          4642.77     -8.3433094E-007
          4654.06     -8.6424612E-007
          4665.35     -8.9510965E-007
          4676.64     -9.2694658E-007
          4687.93     -9.5978238E-007
          4699.22     -9.9364293E-007
          4710.51     -1.0285546E-006
          4721.80     -1.0645442E-006
          4733.09     -1.1016390E-006
          4744.38     -1.1398666E-006
          4755.66     -1.1792551E-006
          4766.95     -1.2198331E-006
          4778.24     -1.2616295E-006
          4789.53     -1.3046736E-006
          4800.82     -1.3489951E-006
          4812.11     -1.3946243E-006
          4823.40     -1.4415915E-006
          4834.69     -1.4899277E-006
          4845.98     -1.5396640E-006
          4857.27     -1.5908317E-006
          4868.55     -1.6434626E-006
          4879.84     -1.6975889E-006
          4891.13     -1.7532430E-006
          4902.42     -1.8104576E-006
          4913.71     -1.8692655E-006
          4925.00     -1.9296999E-006
          4936.29     -1.9917940E-006
          4947.58     -2.0555815E-006
          4958.87     -2.1210958E-006
          4970.16     -2.1883707E-006
          4981.45     -2.2574399E-006
          4992.73     -2.3283373E-006
          5004.02     -2.4010960E-006
          5015.31     -2.4757498E-006
          5026.60     -2.5523322E-006
          5037.89     -2.6308767E-006
          5049.18     -2.7114165E-006
          5060.47     -2.7939847E-006
          5071.76     -2.8786139E-006
          5083.05     -2.9653368E-006
          5094.34     -3.0541850E-006
          5105.62     -3.1451902E-006
          5116.91     -3.2383834E-006
          5128.20     -3.3337950E-006
          5139.49     -3.4314546E-006
          5150.78     -3.5313907E-006
          5162.07     -3.6336309E-006
          5173.36     -3.7382023E-006
          5184.65     -3.8451309E-006
          5195.94     -3.9544418E-006
          5207.23     -4.0661585E-006
          5218.52     -4.1803034E-006
          5229.80     -4.2968978E-006
          5241.09     -4.4159607E-006
          5252.38     -4.5375100E-006
          5263.67     -4.6615618E-006
          5274.96     -4.7881299E-006
          5286.25     -4.9172263E-006
          5297.54     -5.0488605E-006
          5308.83     -5.1830392E-006
          5320.12     -5.3197671E-006
          5331.41     -5.4590461E-006
          5342.70     -5.6008757E-006
          5353.98     -5.7452521E-006
          5365.27     -5.8921681E-006
          5376.56     -6.0416141E-006
          5387.85     -6.1935751E-006
          5399.14     -6.3480332E-006
          5410.43     -6.5049665E-006
          5421.72     -6.6643486E-006
          5433.01     -6.8261489E-006
          5444.30     -6.9903320E-006
          5455.59     -7.1568543E-006
          5466.88     -7.3256697E-006
          5478.16     -7.4967267E-006
          5489.45     -7.6699676E-006
          5500.74     -7.8453289E-006
          5512.03     -8.0227402E-006
          5523.32     -8.2021246E-006
          5534.61     -8.3833983E-006
          5545.90     -8.5664690E-006
          5557.19     -8.7512375E-006
          5568.48     -8.9375960E-006
          5579.77     -9.1253735E-006
          5591.05     -9.3144322E-006
          5602.34     -9.5046325E-006
          5613.63     -9.6958256E-006
          5624.92     -9.8878525E-006
          5636.21     -1.0080543E-005
          5647.50     -1.0273716E-005
          5658.79     -1.0467180E-005
          5670.08     -1.0660725E-005
          5681.37     -1.0853673E-005
          5692.66     -1.1045763E-005
          5703.95     -1.1236722E-005
          5715.23     -1.1426266E-005
          5726.52     -1.1614096E-005
          5737.81     -1.1799903E-005
          5749.10     -1.1983360E-005
          5760.39     -1.2164129E-005
          5771.68     -1.2341856E-005
          5782.97     -1.2516219E-005
          5794.26     -1.2687360E-005
          5805.55     -1.2854910E-005
          5816.84     -1.3018480E-005
          5828.12     -1.3177661E-005
          5839.41     -1.3332021E-005
          5850.70     -1.3481108E-005
          5861.99     -1.3624444E-005
          5873.28     -1.3761529E-005
          5884.57     -1.3891839E-005
          5895.86     -1.4014823E-005
          5907.15     -1.4129901E-005
          5918.44     -1.4236205E-005
          5929.73     -1.4333090E-005
          5941.02     -1.4419881E-005
          5952.30     -1.4495877E-005
          5963.59     -1.4560346E-005
          5974.88     -1.4612471E-005
          5986.17     -1.4651384E-005
          5997.46     -1.4676252E-005
          6008.75     -1.4686212E-005
          6020.04     -1.4680368E-005
          6031.33     -1.4658179E-005
          6042.62     -1.4618693E-005
          6053.91     -1.4560920E-005
          6065.20     -1.4483826E-005
          6076.48     -1.4386472E-005
          6087.77     -1.4267849E-005
          6099.06     -1.4126796E-005
          6110.35     -1.3962108E-005
          6121.64     -1.3772444E-005
          6132.93     -1.3556020E-005
          6144.22     -1.3311452E-005
          6155.51     -1.3037502E-005
          6166.80     -1.2732704E-005
          6178.09     -1.2395981E-005
          6189.38     -1.2025934E-005
          6200.66     -1.1620920E-005
          6211.95     -1.1179227E-005
          6223.24     -1.0699071E-005
          6234.53     -1.0178587E-005
          6245.82     -9.6158429E-006
          6257.11     -9.0088202E-006
          6268.40     -8.3554263E-006
          6279.69     -7.6535215E-006
          6290.98     -6.9008476E-006
          6302.27     -6.0950381E-006
          6313.55     -5.2336375E-006
          6324.84     -4.3141071E-006
          6336.13     -3.3338091E-006
          6347.42     -2.2899693E-006
          6358.71     -1.1797093E-006
          6370.00      5.4669694E-048
