          3480.00      8.9031556E-033
          3491.29     -2.6966111E-011
          3502.58     -5.3974611E-011
          3513.87     -8.1165497E-011
          3525.16     -1.0867719E-010
          3536.45     -1.3664743E-010
          3547.73     -1.6521389E-010
          3559.02     -1.9451481E-010
          3570.31     -2.2468980E-010
          3581.60     -2.5588041E-010
          3592.89     -2.8823078E-010
          3604.18     -3.2188834E-010
          3615.47     -3.5700427E-010
          3626.76     -3.9373436E-010
          3638.05     -4.3223952E-010
          3649.34     -4.7268634E-010
          3660.62     -5.1524792E-010
          3671.91     -5.6010439E-010
          3683.20     -6.0744361E-010
          3694.49     -6.5746191E-010
          3705.78     -7.1036458E-010
          3717.07     -7.6636686E-010
          3728.36     -8.2569459E-010
          3739.65     -8.8858477E-010
          3750.94     -9.5528664E-010
          3762.23     -1.0260623E-009
          3773.52     -1.1011878E-009
          3784.80     -1.1809537E-009
          3796.09     -1.2656659E-009
          3807.38     -1.3556474E-009
          3818.67     -1.4512382E-009
          3829.96     -1.5527970E-009
          3841.25     -1.6607024E-009
          3852.54     -1.7753533E-009
          3863.83     -1.8971710E-009
          3875.12     -2.0265997E-009
          3886.41     -2.1641081E-009
          3897.70     -2.3101908E-009
          3908.98     -2.4653697E-009
          3920.27     -2.6301950E-009
          3931.56     -2.8052476E-009
          3942.85     -2.9911399E-009
          3954.14     -3.1885180E-009
          3965.43     -3.3980635E-009
          3976.72     -3.6204945E-009
          3988.01     -3.8565687E-009
          3999.30     -4.1070848E-009
          4010.59     -4.3728843E-009
          4021.88     -4.6548544E-009
          4033.16     -4.9539299E-009
          4044.45     -5.2710957E-009
          4055.74     -5.6073895E-009
          4067.03     -5.9639033E-009
          4078.32     -6.3417880E-009
          4089.61     -6.7422553E-009
          4100.90     -7.1665796E-009
          4112.19     -7.6161034E-009
          4123.48     -8.0922387E-009
          4134.77     -8.5964712E-009
          4146.05     -9.1303643E-009
          4157.34     -9.6955605E-009
          4168.63     -1.0293789E-008
          4179.92     -1.0926866E-008
          4191.21     -1.1596700E-008
          4202.50     -1.2305300E-008
          4213.79     -1.3054772E-008
          4225.08     -1.3847333E-008
          4236.37     -1.4685309E-008
          4247.66     -1.5571141E-008
          4258.95     -1.6507394E-008
          4270.23     -1.7496761E-008
          4281.52     -1.8542064E-008
          4292.81     -1.9646269E-008
          4304.10     -2.0812485E-008
          4315.39     -2.2043972E-008
          4326.68     -2.3344150E-008
          4337.97     -2.4716603E-008
          4349.26     -2.6165088E-008
          4360.55     -2.7693545E-008
          4371.84     -2.9306096E-008
          4383.12     -3.1007065E-008
          4394.41     -3.2800977E-008
          4405.70     -3.4692571E-008
          4416.99     -3.6686811E-008
          4428.28     -3.8788886E-008
          4439.57     -4.1004231E-008
          4450.86     -4.3338534E-008
          4462.15     -4.5797737E-008
          4473.44     -4.8388060E-008
          4484.73     -5.1116006E-008
          4496.02     -5.3988370E-008
          4507.30     -5.7012259E-008
          4518.59     -6.0195088E-008
          4529.88     -6.3544611E-008
          4541.17     -6.7068931E-008
          4552.46     -7.0776493E-008
          4563.75     -7.4676127E-008
          4575.04     -7.8777044E-008
          4586.33     -8.3088855E-008
          4597.62     -8.7621591E-008
          4608.91     -9.2385701E-008
          4620.20     -9.7392093E-008
          4631.48     -1.0265214E-007
          4642.77     -1.0817768E-007
          4654.06     -1.1398105E-007
          4665.35     -1.2007513E-007
          4676.64     -1.2647330E-007
          4687.93     -1.3318951E-007
          4699.22     -1.4023827E-007
          4710.51     -1.4763468E-007
          4721.80     -1.5539447E-007
          4733.09     -1.6353397E-007
          4744.38     -1.7207018E-007
          4755.66     -1.8102078E-007
          4766.95     -1.9040413E-007
          4778.24     -2.0023932E-007
          4789.53     -2.1054615E-007
          4800.82     -2.2134522E-007
          4812.11     -2.3265789E-007
          4823.40     -2.4450633E-007
          4834.69     -2.5691355E-007
          4845.98     -2.6990341E-007
          4857.27     -2.8350065E-007
          4868.55     -2.9773095E-007
          4879.84     -3.1262084E-007
          4891.13     -3.2819787E-007
          4902.42     -3.4449058E-007
          4913.71     -3.6152844E-007
          4925.00     -3.7934202E-007
          4936.29     -3.9796291E-007
          4947.58     -4.1742379E-007
          4958.87     -4.3775846E-007
          4970.16     -4.5900179E-007
          4981.45     -4.8118986E-007
          4992.73     -5.0435993E-007
          5004.02     -5.2855038E-007
          5015.31     -5.5380089E-007
          5026.60     -5.8015235E-007
          5037.89     -6.0764691E-007
          5049.18     -6.3632805E-007
          5060.47     -6.6624045E-007
          5071.76     -6.9743020E-007
          5083.05     -7.2994470E-007
          5094.34     -7.6383264E-007
          5105.62     -7.9914416E-007
          5116.91     -8.3593071E-007
          5128.20     -8.7424514E-007
          5139.49     -9.1414174E-007
          5150.78     -9.5567604E-007
          5162.07     -9.9890510E-007
          5173.36     -1.0438873E-006
          5184.65     -1.0906825E-006
          5195.94     -1.1393517E-006
          5207.23     -1.1899575E-006
          5218.52     -1.2425637E-006
          5229.80     -1.2972356E-006
          5241.09     -1.3540395E-006
          5252.38     -1.4130431E-006
          5263.67     -1.4743154E-006
          5274.96     -1.5379264E-006
          5286.25     -1.6039474E-006
          5297.54     -1.6724506E-006
          5308.83     -1.7435092E-006
          5320.12     -1.8171975E-006
          5331.41     -1.8935904E-006
          5342.70     -1.9727636E-006
          5353.98     -2.0547936E-006
          5365.27     -2.1397571E-006
          5376.56     -2.2277313E-006
          5387.85     -2.3187938E-006
          5399.14     -2.4130222E-006
          5410.43     -2.5104940E-006
          5421.72     -2.6112863E-006
          5433.01     -2.7154759E-006
          5444.30     -2.8231390E-006
          5455.59     -2.9343505E-006
          5466.88     -3.0491845E-006
          5478.16     -3.1677136E-006
          5489.45     -3.2900085E-006
          5500.74     -3.4161381E-006
          5512.03     -3.5461683E-006
          5523.32     -3.6801629E-006
          5534.61     -3.8181822E-006
          5545.90     -3.9602827E-006
          5557.19     -4.1065171E-006
          5568.48     -4.2569334E-006
          5579.77     -4.4115746E-006
          5591.05     -4.5704781E-006
          5602.34     -4.7336745E-006
          5613.63     -4.9011880E-006
          5624.92     -5.0730354E-006
          5636.21     -5.2492242E-006
          5647.50     -5.4297538E-006
          5658.79     -5.6146130E-006
          5670.08     -5.8037801E-006
          5681.37     -5.9972215E-006
          5692.66     -6.1948904E-006
          5703.95     -6.3967267E-006
          5715.23     -6.6026552E-006
          5726.52     -6.8125840E-006
          5737.81     -7.0264041E-006
          5749.10     -7.2439876E-006
          5760.39     -7.4651863E-006
          5771.68     -7.6898302E-006
          5782.97     -7.9177255E-006
          5794.26     -8.1486536E-006
          5805.55     -8.3823691E-006
          5816.84     -8.6185969E-006
          5828.12     -8.8570319E-006
          5839.41     -9.0973353E-006
          5850.70     -9.3391332E-006
          5861.99     -9.5820142E-006
          5873.28     -9.8255257E-006
          5884.57     -1.0069173E-005
          5895.86     -1.0312416E-005
          5907.15     -1.0554664E-005
          5918.44     -1.0795276E-005
          5929.73     -1.1033556E-005
          5941.02     -1.1268748E-005
          5952.30     -1.1500034E-005
          5963.59     -1.1726529E-005
          5974.88     -1.1947280E-005
          5986.17     -1.2161256E-005
          5997.46     -1.2367349E-005
          6008.75     -1.2564367E-005
          6020.04     -1.2751026E-005
          6031.33     -1.2925952E-005
          6042.62     -1.3087667E-005
          6053.91     -1.3234589E-005
          6065.20     -1.3365024E-005
          6076.48     -1.3477159E-005
          6087.77     -1.3569056E-005
          6099.06     -1.3638643E-005
          6110.35     -1.3683712E-005
          6121.64     -1.3701901E-005
          6132.93     -1.3690698E-005
          6144.22     -1.3647420E-005
          6155.51     -1.3569215E-005
          6166.80     -1.3453045E-005
          6178.09     -1.3295677E-005
          6189.38     -1.3093675E-005
          6200.66     -1.2843389E-005
          6211.95     -1.2540938E-005
          6223.24     -1.2182204E-005
          6234.53     -1.1762817E-005
          6245.82     -1.1278141E-005
          6257.11     -1.0723260E-005
          6268.40     -1.0092964E-005
          6279.69     -9.3817329E-006
          6290.98     -8.5837203E-006
          6302.27     -7.6927373E-006
          6313.55     -6.7022332E-006
          6324.84     -5.6052804E-006
          6336.13     -4.3945504E-006
          6347.42     -3.0622947E-006
          6358.71     -1.6003284E-006
          6370.00      0.0000000E+000
