          3480.00     -2.4872558E-037
          3491.29     -5.6416538E-008
          3502.58     -1.1270136E-007
          3513.87     -1.6887304E-007
          3525.16     -2.2494958E-007
          3536.45     -2.8094871E-007
          3547.73     -3.3688779E-007
          3559.02     -3.9278361E-007
          3570.31     -4.4865275E-007
          3581.60     -5.0451138E-007
          3592.89     -5.6037530E-007
          3604.18     -6.1625724E-007
          3615.47     -6.7216671E-007
          3626.76     -7.2811723E-007
          3638.05     -7.8412200E-007
          3649.34     -8.4019376E-007
          3660.62     -8.9634513E-007
          3671.91     -9.5258836E-007
          3683.20     -1.0089354E-006
          3694.49     -1.0653980E-006
          3705.78     -1.1219875E-006
          3717.07     -1.1787150E-006
          3728.36     -1.2355915E-006
          3739.65     -1.2926275E-006
          3750.94     -1.3498335E-006
          3762.23     -1.4072194E-006
          3773.52     -1.4647951E-006
          3784.80     -1.5225704E-006
          3796.09     -1.5805547E-006
          3807.38     -1.6387595E-006
          3818.67     -1.6971939E-006
          3829.96     -1.7558667E-006
          3841.25     -1.8147866E-006
          3852.54     -1.8739621E-006
          3863.83     -1.9334013E-006
          3875.12     -1.9931123E-006
          3886.41     -2.0531028E-006
          3897.70     -2.1133802E-006
          3908.98     -2.1739519E-006
          3920.27     -2.2348251E-006
          3931.56     -2.2960065E-006
          3942.85     -2.3575028E-006
          3954.14     -2.4193232E-006
          3965.43     -2.4814746E-006
          3976.72     -2.5439633E-006
          3988.01     -2.6067952E-006
          3999.30     -2.6699764E-006
          4010.59     -2.7335122E-006
          4021.88     -2.7974081E-006
          4033.16     -2.8616694E-006
          4044.45     -2.9263009E-006
          4055.74     -2.9913075E-006
          4067.03     -3.0566936E-006
          4078.32     -3.1224636E-006
          4089.61     -3.1886217E-006
          4100.90     -3.2551717E-006
          4112.19     -3.3221174E-006
          4123.48     -3.3894624E-006
          4134.77     -3.4572098E-006
          4146.05     -3.5253628E-006
          4157.34     -3.5939240E-006
          4168.63     -3.6628960E-006
          4179.92     -3.7322813E-006
          4191.21     -3.8020819E-006
          4202.50     -3.8722996E-006
          4213.79     -3.9429362E-006
          4225.08     -4.0139931E-006
          4236.37     -4.0854715E-006
          4247.66     -4.1573720E-006
          4258.95     -4.2296949E-006
          4270.23     -4.3024408E-006
          4281.52     -4.3756095E-006
          4292.81     -4.4492011E-006
          4304.10     -4.5232153E-006
          4315.39     -4.5976514E-006
          4326.68     -4.6725086E-006
          4337.97     -4.7477856E-006
          4349.26     -4.8234812E-006
          4360.55     -4.8995936E-006
          4371.84     -4.9761306E-006
          4383.12     -5.0530803E-006
          4394.41     -5.1304401E-006
          4405.70     -5.2082062E-006
          4416.99     -5.2863754E-006
          4428.28     -5.3649442E-006
          4439.57     -5.4439087E-006
          4450.86     -5.5232651E-006
          4462.15     -5.6030088E-006
          4473.44     -5.6831351E-006
          4484.73     -5.7636391E-006
          4496.02     -5.8445153E-006
          4507.30     -5.9257582E-006
          4518.59     -6.0073615E-006
          4529.88     -6.0893191E-006
          4541.17     -6.1716242E-006
          4552.46     -6.2542702E-006
          4563.75     -6.3372498E-006
          4575.04     -6.4205554E-006
          4586.33     -6.5041787E-006
          4597.62     -6.5881115E-006
          4608.91     -6.6723446E-006
          4620.20     -6.7568689E-006
          4631.48     -6.8416749E-006
          4642.77     -6.9267523E-006
          4654.06     -7.0120908E-006
          4665.35     -7.0976794E-006
          4676.64     -7.1835071E-006
          4687.93     -7.2695621E-006
          4699.22     -7.3558320E-006
          4710.51     -7.4423042E-006
          4721.80     -7.5289658E-006
          4733.09     -7.6158033E-006
          4744.38     -7.7028027E-006
          4755.66     -7.7899497E-006
          4766.95     -7.8772295E-006
          4778.24     -7.9646267E-006
          4789.53     -8.0521254E-006
          4800.82     -8.1397093E-006
          4812.11     -8.2273618E-006
          4823.40     -8.3150653E-006
          4834.69     -8.4028022E-006
          4845.98     -8.4905539E-006
          4857.27     -8.5782998E-006
          4868.55     -8.6660205E-006
          4879.84     -8.7536957E-006
          4891.13     -8.8413049E-006
          4902.42     -8.9288272E-006
          4913.71     -9.0162407E-006
          4925.00     -9.1035228E-006
          4936.29     -9.1906510E-006
          4947.58     -9.2776016E-006
          4958.87     -9.3643506E-006
          4970.16     -9.4508732E-006
          4981.45     -9.5371439E-006
          4992.73     -9.6231370E-006
          5004.02     -9.7088232E-006
          5015.31     -9.7941745E-006
          5026.60     -9.8791629E-006
          5037.89     -9.9637597E-006
          5049.18     -1.0047936E-005
          5060.47     -1.0131660E-005
          5071.76     -1.0214903E-005
          5083.05     -1.0297632E-005
          5094.34     -1.0379816E-005
          5105.62     -1.0461421E-005
          5116.91     -1.0542414E-005
          5128.20     -1.0622760E-005
          5139.49     -1.0702424E-005
          5150.78     -1.0781368E-005
          5162.07     -1.0859554E-005
          5173.36     -1.0936944E-005
          5184.65     -1.1013499E-005
          5195.94     -1.1089182E-005
          5207.23     -1.1163950E-005
          5218.52     -1.1237763E-005
          5229.80     -1.1310580E-005
          5241.09     -1.1382358E-005
          5252.38     -1.1453052E-005
          5263.67     -1.1522620E-005
          5274.96     -1.1591015E-005
          5286.25     -1.1658191E-005
          5297.54     -1.1724100E-005
          5308.83     -1.1788692E-005
          5320.12     -1.1851917E-005
          5331.41     -1.1913724E-005
          5342.70     -1.1974065E-005
          5353.98     -1.2032885E-005
          5365.27     -1.2090132E-005
          5376.56     -1.2145753E-005
          5387.85     -1.2199692E-005
          5399.14     -1.2251892E-005
          5410.43     -1.2302295E-005
          5421.72     -1.2350843E-005
          5433.01     -1.2397478E-005
          5444.30     -1.2442138E-005
          5455.59     -1.2484756E-005
          5466.88     -1.2525268E-005
          5478.16     -1.2563610E-005
          5489.45     -1.2599718E-005
          5500.74     -1.2633525E-005
          5512.03     -1.2664963E-005
          5523.32     -1.2693965E-005
          5534.61     -1.2720461E-005
          5545.90     -1.2744380E-005
          5557.19     -1.2765648E-005
          5568.48     -1.2784194E-005
          5579.77     -1.2799832E-005
          5591.05     -1.2812466E-005
          5602.34     -1.2822016E-005
          5613.63     -1.2828401E-005
          5624.92     -1.2831538E-005
          5636.21     -1.2831345E-005
          5647.50     -1.2827736E-005
          5658.79     -1.2820626E-005
          5670.08     -1.2809921E-005
          5681.37     -1.2794717E-005
          5692.66     -1.2774908E-005
          5703.95     -1.2750387E-005
          5715.23     -1.2721046E-005
          5726.52     -1.2686779E-005
          5737.81     -1.2647475E-005
          5749.10     -1.2603025E-005
          5760.39     -1.2553320E-005
          5771.68     -1.2498248E-005
          5782.97     -1.2437772E-005
          5794.26     -1.2372580E-005
          5805.55     -1.2302572E-005
          5816.84     -1.2227651E-005
          5828.12     -1.2147715E-005
          5839.41     -1.2062664E-005
          5850.70     -1.1972394E-005
          5861.99     -1.1876800E-005
          5873.28     -1.1775777E-005
          5884.57     -1.1669217E-005
          5895.86     -1.1557012E-005
          5907.15     -1.1439046E-005
          5918.44     -1.1314864E-005
          5929.73     -1.1184349E-005
          5941.02     -1.1047379E-005
          5952.30     -1.0903836E-005
          5963.59     -1.0753597E-005
          5974.88     -1.0596471E-005
          5986.17     -1.0432247E-005
          5997.46     -1.0260795E-005
          6008.75     -1.0081989E-005
          6020.04     -9.8957011E-006
          6031.33     -9.7022554E-006
          6042.62     -9.5015266E-006
          6053.91     -9.2933884E-006
          6065.20     -9.0777121E-006
          6076.48     -8.8545221E-006
          6087.77     -8.6238038E-006
          6099.06     -8.3854273E-006
          6110.35     -8.1392613E-006
          6121.64     -7.8850869E-006
          6132.93     -7.6222678E-006
          6144.22     -7.3506612E-006
          6155.51     -7.0703273E-006
          6166.80     -6.7811379E-006
          6178.09     -6.4834182E-006
          6189.38     -6.1772133E-006
          6200.66     -5.8623783E-006
          6211.95     -5.5387669E-006
          6223.24     -5.2062291E-006
          6234.53     -4.8646096E-006
          6245.82     -4.5137561E-006
          6257.11     -4.1535085E-006
          6268.40     -3.7837109E-006
          6279.69     -3.4042418E-006
          6290.98     -3.0149457E-006
          6302.27     -2.6156472E-006
          6313.55     -2.2061732E-006
          6324.84     -1.7863595E-006
          6336.13     -1.3560405E-006
          6347.42     -9.1501619E-007
          6358.71     -4.6308394E-007
          6370.00      6.2772634E-039
