          3480.00      1.0047504E-033
          3491.29     -8.7209550E-011
          3502.58     -1.7466091E-010
          3513.87     -2.6272665E-010
          3525.16     -3.5177589E-010
          3536.45     -4.4217645E-010
          3547.73     -5.3429609E-010
          3559.02     -6.2850385E-010
          3570.31     -7.2517193E-010
          3581.60     -8.2467684E-010
          3592.89     -9.2740089E-010
          3604.18     -1.0337308E-009
          3615.47     -1.1440581E-009
          3626.76     -1.2587884E-009
          3638.05     -1.3783384E-009
          3649.34     -1.5031372E-009
          3660.62     -1.6336277E-009
          3671.91     -1.7702682E-009
          3683.20     -1.9135334E-009
          3694.49     -2.0639163E-009
          3705.78     -2.2219287E-009
          3717.07     -2.3881036E-009
          3728.36     -2.5629965E-009
          3739.65     -2.7471862E-009
          3750.94     -2.9412774E-009
          3762.23     -3.1459014E-009
          3773.52     -3.3617182E-009
          3784.80     -3.5894183E-009
          3796.09     -3.8297241E-009
          3807.38     -4.0833963E-009
          3818.67     -4.3512278E-009
          3829.96     -4.6340485E-009
          3841.25     -4.9327286E-009
          3852.54     -5.2481798E-009
          3863.83     -5.5813578E-009
          3875.12     -5.9332643E-009
          3886.41     -6.3049487E-009
          3897.70     -6.6975121E-009
          3908.98     -7.1121085E-009
          3920.27     -7.5499469E-009
          3931.56     -8.0122956E-009
          3942.85     -8.5004837E-009
          3954.14     -9.0159120E-009
          3965.43     -9.5600443E-009
          3976.72     -1.0134412E-008
          3988.01     -1.0740620E-008
          3999.30     -1.1380352E-008
          4010.59     -1.2055368E-008
          4021.88     -1.2767514E-008
          4033.16     -1.3518726E-008
          4044.45     -1.4311026E-008
          4055.74     -1.5146535E-008
          4067.03     -1.6027472E-008
          4078.32     -1.6956159E-008
          4089.61     -1.7935030E-008
          4100.90     -1.8966626E-008
          4112.19     -2.0053610E-008
          4123.48     -2.1198767E-008
          4134.77     -2.2405008E-008
          4146.05     -2.3675378E-008
          4157.34     -2.5013058E-008
          4168.63     -2.6421376E-008
          4179.92     -2.7903809E-008
          4191.21     -2.9463989E-008
          4202.50     -3.1105711E-008
          4213.79     -3.2832939E-008
          4225.08     -3.4649812E-008
          4236.37     -3.6560653E-008
          4247.66     -3.8569968E-008
          4258.95     -4.0682463E-008
          4270.23     -4.2903052E-008
          4281.52     -4.5236853E-008
          4292.81     -4.7689212E-008
          4304.10     -5.0265704E-008
          4315.39     -5.2972136E-008
          4326.68     -5.5814569E-008
          4337.97     -5.8799308E-008
          4349.26     -6.1932931E-008
          4360.55     -6.5222293E-008
          4371.84     -6.8674628E-008
          4383.12     -7.2297270E-008
          4394.41     -7.6097953E-008
          4405.70     -8.0084712E-008
          4416.99     -8.4265925E-008
          4428.28     -8.8650298E-008
          4439.57     -9.3246896E-008
          4450.86     -9.8065146E-008
          4462.15     -1.0311484E-007
          4473.44     -1.0840616E-007
          4484.73     -1.1394970E-007
          4496.02     -1.1975644E-007
          4507.30     -1.2583782E-007
          4518.59     -1.3220568E-007
          4529.88     -1.3887235E-007
          4541.17     -1.4585062E-007
          4552.46     -1.5315373E-007
          4563.75     -1.6079547E-007
          4575.04     -1.6879012E-007
          4586.33     -1.7715248E-007
          4597.62     -1.8589790E-007
          4608.91     -1.9504228E-007
          4620.20     -2.0460210E-007
          4631.48     -2.1459446E-007
          4642.77     -2.2503702E-007
          4654.06     -2.3594810E-007
          4665.35     -2.4734666E-007
          4676.64     -2.5925231E-007
          4687.93     -2.7168536E-007
          4699.22     -2.8466676E-007
          4710.51     -2.9821823E-007
          4721.80     -3.1236221E-007
          4733.09     -3.2712186E-007
          4744.38     -3.4252112E-007
          4755.66     -3.5858475E-007
          4766.95     -3.7533825E-007
          4778.24     -3.9280801E-007
          4789.53     -4.1102119E-007
          4800.82     -4.3000584E-007
          4812.11     -4.4979090E-007
          4823.40     -4.7040615E-007
          4834.69     -4.9188232E-007
          4845.98     -5.1425105E-007
          4857.27     -5.3754483E-007
          4868.55     -5.6179720E-007
          4879.84     -5.8704262E-007
          4891.13     -6.1331657E-007
          4902.42     -6.4065558E-007
          4913.71     -6.6909707E-007
          4925.00     -6.9867957E-007
          4936.29     -7.2944264E-007
          4947.58     -7.6142687E-007
          4958.87     -7.9467392E-007
          4970.16     -8.2922646E-007
          4981.45     -8.6512828E-007
          4992.73     -9.0242426E-007
          5004.02     -9.4116010E-007
          5015.31     -9.8138274E-007
          5026.60     -1.0231403E-006
          5037.89     -1.0664818E-006
          5049.18     -1.1114576E-006
          5060.47     -1.1581187E-006
          5071.76     -1.2065177E-006
          5083.05     -1.2567078E-006
          5094.34     -1.3087434E-006
          5105.62     -1.3626799E-006
          5116.91     -1.4185736E-006
          5128.20     -1.4764819E-006
          5139.49     -1.5364631E-006
          5150.78     -1.5985760E-006
          5162.07     -1.6628805E-006
          5173.36     -1.7294374E-006
          5184.65     -1.7983081E-006
          5195.94     -1.8695550E-006
          5207.23     -1.9432408E-006
          5218.52     -2.0194291E-006
          5229.80     -2.0981839E-006
          5241.09     -2.1795695E-006
          5252.38     -2.2636506E-006
          5263.67     -2.3504925E-006
          5274.96     -2.4401599E-006
          5286.25     -2.5327182E-006
          5297.54     -2.6282323E-006
          5308.83     -2.7267668E-006
          5320.12     -2.8283860E-006
          5331.41     -2.9331537E-006
          5342.70     -3.0411334E-006
          5353.98     -3.1523875E-006
          5365.27     -3.2669772E-006
          5376.56     -3.3849631E-006
          5387.85     -3.5064033E-006
          5399.14     -3.6313548E-006
          5410.43     -3.7598729E-006
          5421.72     -3.8920101E-006
          5433.01     -4.0278168E-006
          5444.30     -4.1673409E-006
          5455.59     -4.3106250E-006
          5466.88     -4.4577101E-006
          5478.16     -4.6086333E-006
          5489.45     -4.7634275E-006
          5500.74     -4.9221212E-006
          5512.03     -5.0847376E-006
          5523.32     -5.2512946E-006
          5534.61     -5.4218044E-006
          5545.90     -5.5962722E-006
          5557.19     -5.7746966E-006
          5568.48     -5.9570686E-006
          5579.77     -6.1433366E-006
          5591.05     -6.3334659E-006
          5602.34     -6.5274170E-006
          5613.63     -6.7251407E-006
          5624.92     -6.9265774E-006
          5636.21     -7.1316549E-006
          5647.50     -7.3402896E-006
          5658.79     -7.5523845E-006
          5670.08     -7.7678259E-006
          5681.37     -7.9861721E-006
          5692.66     -8.2072522E-006
          5703.95     -8.4308804E-006
          5715.23     -8.6568552E-006
          5726.52     -8.8849572E-006
          5737.81     -9.1149493E-006
          5749.10     -9.3465755E-006
          5760.39     -9.5795591E-006
          5771.68     -9.8136025E-006
          5782.97     -1.0048420E-005
          5794.26     -1.0284061E-005
          5805.55     -1.0520191E-005
          5816.84     -1.0756444E-005
          5828.12     -1.0992422E-005
          5839.41     -1.1227698E-005
          5850.70     -1.1461805E-005
          5861.99     -1.1694241E-005
          5873.28     -1.1924467E-005
          5884.57     -1.2151900E-005
          5895.86     -1.2375915E-005
          5907.15     -1.2595841E-005
          5918.44     -1.2810747E-005
          5929.73     -1.3019849E-005
          5941.02     -1.3222315E-005
          5952.30     -1.3417261E-005
          5963.59     -1.3603746E-005
          5974.88     -1.3780727E-005
          5986.17     -1.3947081E-005
          5997.46     -1.4101678E-005
          6008.75     -1.4243326E-005
          6020.04     -1.4370766E-005
          6031.33     -1.4483007E-005
          6042.62     -1.4578665E-005
          6053.91     -1.4656268E-005
          6065.20     -1.4714260E-005
          6076.48     -1.4751118E-005
          6087.77     -1.4765200E-005
          6099.06     -1.4754671E-005
          6110.35     -1.4717589E-005
          6121.64     -1.4651827E-005
          6132.93     -1.4554767E-005
          6144.22     -1.4424090E-005
          6155.51     -1.4257541E-005
          6166.80     -1.4052577E-005
          6178.09     -1.3806943E-005
          6189.38     -1.3518000E-005
          6200.66     -1.3182782E-005
          6211.95     -1.2798155E-005
          6223.24     -1.2360809E-005
          6234.53     -1.1867246E-005
          6245.82     -1.1313784E-005
          6257.11     -1.0696532E-005
          6268.40     -1.0011399E-005
          6279.69     -9.2541124E-006
          6290.98     -8.4201386E-006
          6302.27     -7.5046873E-006
          6313.55     -6.5027214E-006
          6324.84     -5.4089557E-006
          6336.13     -4.2178320E-006
          6347.42     -2.9234725E-006
          6358.71     -1.5197039E-006
          6370.00     -5.4763561E-039
