          3480.00     -1.2080137E-031
          3491.29     -6.5419190E-012
          3502.58     -1.3118089E-011
          3513.87     -1.9771929E-011
          3525.16     -2.6546696E-011
          3536.45     -3.3485799E-011
          3547.73     -4.0633062E-011
          3559.02     -4.8032976E-011
          3570.31     -5.5731004E-011
          3581.60     -6.3773822E-011
          3592.89     -7.2209593E-011
          3604.18     -8.1088019E-011
          3615.47     -9.0460531E-011
          3626.76     -1.0038116E-010
          3638.05     -1.1090652E-010
          3649.34     -1.2209601E-010
          3660.62     -1.3401222E-010
          3671.91     -1.4672119E-010
          3683.20     -1.6029268E-010
          3694.49     -1.7480058E-010
          3705.78     -1.9032316E-010
          3717.07     -2.0694354E-010
          3728.36     -2.2474996E-010
          3739.65     -2.4383621E-010
          3750.94     -2.6430207E-010
          3762.23     -2.8625372E-010
          3773.52     -3.0980418E-010
          3784.80     -3.3507387E-010
          3796.09     -3.6219099E-010
          3807.38     -3.9129259E-010
          3818.67     -4.2252436E-010
          3829.96     -4.5604147E-010
          3841.25     -4.9200935E-010
          3852.54     -5.3060427E-010
          3863.83     -5.7201406E-010
          3875.12     -6.1643892E-010
          3886.41     -6.6409199E-010
          3897.70     -7.1520049E-010
          3908.98     -7.7000645E-010
          3920.27     -8.2876749E-010
          3931.56     -8.9175809E-010
          3942.85     -9.5927045E-010
          3954.14     -1.0316165E-009
          3965.43     -1.1091277E-009
          3976.72     -1.1921566E-009
          3988.01     -1.2810783E-009
          3999.30     -1.3762919E-009
          4010.59     -1.4782216E-009
          4021.88     -1.5873187E-009
          4033.16     -1.7040631E-009
          4044.45     -1.8289644E-009
          4055.74     -1.9625648E-009
          4067.03     -2.1054397E-009
          4078.32     -2.2582007E-009
          4089.61     -2.4214974E-009
          4100.90     -2.5960189E-009
          4112.19     -2.7824975E-009
          4123.48     -2.9817101E-009
          4134.77     -3.1944807E-009
          4146.05     -3.4216841E-009
          4157.34     -3.6642471E-009
          4168.63     -3.9231533E-009
          4179.92     -4.1994455E-009
          4191.21     -4.4942279E-009
          4202.50     -4.8086717E-009
          4213.79     -5.1440173E-009
          4225.08     -5.5015783E-009
          4236.37     -5.8827463E-009
          4247.66     -6.2889934E-009
          4258.95     -6.7218781E-009
          4270.23     -7.1830506E-009
          4281.52     -7.6742553E-009
          4292.81     -8.1973386E-009
          4304.10     -8.7542529E-009
          4315.39     -9.3470620E-009
          4326.68     -9.9779484E-009
          4337.97     -1.0649217E-008
          4349.26     -1.1363303E-008
          4360.55     -1.2122782E-008
          4371.84     -1.2930389E-008
          4383.12     -1.3788977E-008
          4394.41     -1.4701574E-008
          4405.70     -1.5671373E-008
          4416.99     -1.6701749E-008
          4428.28     -1.7796255E-008
          4439.57     -1.8958645E-008
          4450.86     -2.0192874E-008
          4462.15     -2.1503109E-008
          4473.44     -2.2893745E-008
          4484.73     -2.4369411E-008
          4496.02     -2.5934985E-008
          4507.30     -2.7595601E-008
          4518.59     -2.9356666E-008
          4529.88     -3.1223871E-008
          4541.17     -3.3203207E-008
          4552.46     -3.5300975E-008
          4563.75     -3.7523806E-008
          4575.04     -3.9878671E-008
          4586.33     -4.2372897E-008
          4597.62     -4.5014191E-008
          4608.91     -4.7810642E-008
          4620.20     -5.0770757E-008
          4631.48     -5.3903468E-008
          4642.77     -5.7218150E-008
          4654.06     -6.0724648E-008
          4665.35     -6.4433294E-008
          4676.64     -6.8354930E-008
          4687.93     -7.2500929E-008
          4699.22     -7.6883206E-008
          4710.51     -8.1514266E-008
          4721.80     -8.6407214E-008
          4733.09     -9.1575771E-008
          4744.38     -9.7034321E-008
          4755.66     -1.0279792E-007
          4766.95     -1.0888235E-007
          4778.24     -1.1530410E-007
          4789.53     -1.2208044E-007
          4800.82     -1.2922942E-007
          4812.11     -1.3676996E-007
          4823.40     -1.4472178E-007
          4834.69     -1.5310553E-007
          4845.98     -1.6194277E-007
          4857.27     -1.7125599E-007
          4868.55     -1.8106871E-007
          4879.84     -1.9140547E-007
          4891.13     -2.0229188E-007
          4902.42     -2.1375466E-007
          4913.71     -2.2582165E-007
          4925.00     -2.3852191E-007
          4936.29     -2.5188570E-007
          4947.58     -2.6594454E-007
          4958.87     -2.8073128E-007
          4970.16     -2.9628008E-007
          4981.45     -3.1262650E-007
          4992.73     -3.2980757E-007
          5004.02     -3.4786165E-007
          5015.31     -3.6682871E-007
          5026.60     -3.8675029E-007
          5037.89     -4.0766952E-007
          5049.18     -4.2963120E-007
          5060.47     -4.5268175E-007
          5071.76     -4.7686938E-007
          5083.05     -5.0224410E-007
          5094.34     -5.2885763E-007
          5105.62     -5.5676363E-007
          5116.91     -5.8601763E-007
          5128.20     -6.1667709E-007
          5139.49     -6.4880147E-007
          5150.78     -6.8245205E-007
          5162.07     -7.1769225E-007
          5173.36     -7.5458760E-007
          5184.65     -7.9320564E-007
          5195.94     -8.3361612E-007
          5207.23     -8.7589087E-007
          5218.52     -9.2010391E-007
          5229.80     -9.6633146E-007
          5241.09     -1.0146518E-006
          5252.38     -1.0651454E-006
          5263.67     -1.1178952E-006
          5274.96     -1.1729858E-006
          5286.25     -1.2305043E-006
          5297.54     -1.2905398E-006
          5308.83     -1.3531834E-006
          5320.12     -1.4185282E-006
          5331.41     -1.4866696E-006
          5342.70     -1.5577046E-006
          5353.98     -1.6317325E-006
          5365.27     -1.7088539E-006
          5376.56     -1.7891716E-006
          5387.85     -1.8727894E-006
          5399.14     -1.9598128E-006
          5410.43     -2.0503485E-006
          5421.72     -2.1445043E-006
          5433.01     -2.2423892E-006
          5444.30     -2.3441126E-006
          5455.59     -2.4497836E-006
          5466.88     -2.5595124E-006
          5478.16     -2.6734089E-006
          5489.45     -2.7915828E-006
          5500.74     -2.9141433E-006
          5512.03     -3.0411980E-006
          5523.32     -3.1728534E-006
          5534.61     -3.3092140E-006
          5545.90     -3.4503816E-006
          5557.19     -3.5964554E-006
          5568.48     -3.7475307E-006
          5579.77     -3.9036781E-006
          5591.05     -4.0649783E-006
          5602.34     -4.2315089E-006
          5613.63     -4.4033419E-006
          5624.92     -4.5805421E-006
          5636.21     -4.7631660E-006
          5647.50     -4.9512614E-006
          5658.79     -5.1448662E-006
          5670.08     -5.3440057E-006
          5681.37     -5.5484857E-006
          5692.66     -5.7582828E-006
          5703.95     -5.9733609E-006
          5715.23     -6.1936695E-006
          5726.52     -6.4191415E-006
          5737.81     -6.6496933E-006
          5749.10     -6.8852224E-006
          5760.39     -7.1256057E-006
          5771.68     -7.3706984E-006
          5782.97     -7.6203564E-006
          5794.26     -7.8746695E-006
          5805.55     -8.1334473E-006
          5816.84     -8.3964644E-006
          5828.12     -8.6634601E-006
          5839.41     -8.9341346E-006
          5850.70     -9.2081456E-006
          5861.99     -9.4851064E-006
          5873.28     -9.7645813E-006
          5884.57     -1.0046083E-005
          5895.86     -1.0329071E-005
          5907.15     -1.0612938E-005
          5918.44     -1.0896850E-005
          5929.73     -1.1180059E-005
          5941.02     -1.1461745E-005
          5952.30     -1.1741016E-005
          5963.59     -1.2016898E-005
          5974.88     -1.2288297E-005
          5986.17     -1.2554011E-005
          5997.46     -1.2812790E-005
          6008.75     -1.3063285E-005
          6020.04     -1.3304040E-005
          6031.33     -1.3533781E-005
          6042.62     -1.3750841E-005
          6053.91     -1.3953419E-005
          6065.20     -1.4139570E-005
          6076.48     -1.4307308E-005
          6087.77     -1.4454467E-005
          6099.06     -1.4578628E-005
          6110.35     -1.4677187E-005
          6121.64     -1.4747273E-005
          6132.93     -1.4785467E-005
          6144.22     -1.4788507E-005
          6155.51     -1.4753080E-005
          6166.80     -1.4675493E-005
          6178.09     -1.4552195E-005
          6189.38     -1.4379144E-005
          6200.66     -1.4151838E-005
          6211.95     -1.3865453E-005
          6223.24     -1.3514823E-005
          6234.53     -1.3094414E-005
          6245.82     -1.2598315E-005
          6257.11     -1.2020207E-005
          6268.40     -1.1353346E-005
          6279.69     -1.0590575E-005
          6290.98     -9.7242257E-006
          6302.27     -8.7461042E-006
          6313.55     -7.6474837E-006
          6324.84     -6.4190840E-006
          6336.13     -5.0510247E-006
          6347.42     -3.5327582E-006
          6358.71     -1.8530706E-006
          6370.00      6.7837189E-039
