          3480.00      3.0516556E-036
          3491.29     -1.2963316E-008
          3502.58     -2.5883468E-008
          3513.87     -3.8772776E-008
          3525.16     -5.1643254E-008
          3536.45     -6.4506696E-008
          3547.73     -7.7374660E-008
          3559.02     -9.0258443E-008
          3570.31     -1.0316917E-007
          3581.60     -1.1611776E-007
          3592.89     -1.2911493E-007
          3604.18     -1.4217128E-007
          3615.47     -1.5529717E-007
          3626.76     -1.6850288E-007
          3638.05     -1.8179852E-007
          3649.34     -1.9519408E-007
          3660.62     -2.0869944E-007
          3671.91     -2.2232436E-007
          3683.20     -2.3607851E-007
          3694.49     -2.4997147E-007
          3705.78     -2.6401273E-007
          3717.07     -2.7821169E-007
          3728.36     -2.9257774E-007
          3739.65     -3.0712014E-007
          3750.94     -3.2184813E-007
          3762.23     -3.3677090E-007
          3773.52     -3.5189759E-007
          3784.80     -3.6723735E-007
          3796.09     -3.8279921E-007
          3807.38     -3.9859224E-007
          3818.67     -4.1462551E-007
          3829.96     -4.3090799E-007
          3841.25     -4.4744871E-007
          3852.54     -4.6425667E-007
          3863.83     -4.8134088E-007
          3875.12     -4.9871036E-007
          3886.41     -5.1637406E-007
          3897.70     -5.3434103E-007
          3908.98     -5.5262031E-007
          3920.27     -5.7122090E-007
          3931.56     -5.9015188E-007
          3942.85     -6.0942232E-007
          3954.14     -6.2904131E-007
          3965.43     -6.4901801E-007
          3976.72     -6.6936152E-007
          3988.01     -6.9008104E-007
          3999.30     -7.1118578E-007
          4010.59     -7.3268497E-007
          4021.88     -7.5458787E-007
          4033.16     -7.7690380E-007
          4044.45     -7.9964209E-007
          4055.74     -8.2281215E-007
          4067.03     -8.4642333E-007
          4078.32     -8.7048512E-007
          4089.61     -8.9500701E-007
          4100.90     -9.1999849E-007
          4112.19     -9.4546914E-007
          4123.48     -9.7142855E-007
          4134.77     -9.9788637E-007
          4146.05     -1.0248523E-006
          4157.34     -1.0523360E-006
          4168.63     -1.0803471E-006
          4179.92     -1.1088957E-006
          4191.21     -1.1379912E-006
          4202.50     -1.1676438E-006
          4213.79     -1.1978631E-006
          4225.08     -1.2286592E-006
          4236.37     -1.2600420E-006
          4247.66     -1.2920213E-006
          4258.95     -1.3246071E-006
          4270.23     -1.3578096E-006
          4281.52     -1.3916385E-006
          4292.81     -1.4261041E-006
          4304.10     -1.4612162E-006
          4315.39     -1.4969850E-006
          4326.68     -1.5334205E-006
          4337.97     -1.5705328E-006
          4349.26     -1.6083318E-006
          4360.55     -1.6468276E-006
          4371.84     -1.6860302E-006
          4383.12     -1.7259497E-006
          4394.41     -1.7665960E-006
          4405.70     -1.8079790E-006
          4416.99     -1.8501088E-006
          4428.28     -1.8929951E-006
          4439.57     -1.9366479E-006
          4450.86     -1.9810769E-006
          4462.15     -2.0262918E-006
          4473.44     -2.0723024E-006
          4484.73     -2.1191181E-006
          4496.02     -2.1667487E-006
          4507.30     -2.2152035E-006
          4518.59     -2.2644918E-006
          4529.88     -2.3146229E-006
          4541.17     -2.3656060E-006
          4552.46     -2.4174501E-006
          4563.75     -2.4701640E-006
          4575.04     -2.5237566E-006
          4586.33     -2.5782365E-006
          4597.62     -2.6336121E-006
          4608.91     -2.6898917E-006
          4620.20     -2.7470834E-006
          4631.48     -2.8051953E-006
          4642.77     -2.8642349E-006
          4654.06     -2.9242098E-006
          4665.35     -2.9851273E-006
          4676.64     -3.0469945E-006
          4687.93     -3.1098182E-006
          4699.22     -3.1736048E-006
          4710.51     -3.2383607E-006
          4721.80     -3.3040918E-006
          4733.09     -3.3708037E-006
          4744.38     -3.4385018E-006
          4755.66     -3.5071911E-006
          4766.95     -3.5768763E-006
          4778.24     -3.6475615E-006
          4789.53     -3.7192506E-006
          4800.82     -3.7919471E-006
          4812.11     -3.8656540E-006
          4823.40     -3.9403738E-006
          4834.69     -4.0161087E-006
          4845.98     -4.0928603E-006
          4857.27     -4.1706297E-006
          4868.55     -4.2494175E-006
          4879.84     -4.3292236E-006
          4891.13     -4.4100475E-006
          4902.42     -4.4918881E-006
          4913.71     -4.5747435E-006
          4925.00     -4.6586114E-006
          4936.29     -4.7434885E-006
          4947.58     -4.8293711E-006
          4958.87     -4.9162547E-006
          4970.16     -5.0041338E-006
          4981.45     -5.0930024E-006
          4992.73     -5.1828537E-006
          5004.02     -5.2736798E-006
          5015.31     -5.3654721E-006
          5026.60     -5.4582210E-006
          5037.89     -5.5519160E-006
          5049.18     -5.6465459E-006
          5060.47     -5.7420978E-006
          5071.76     -5.8385584E-006
          5083.05     -5.9359131E-006
          5094.34     -6.0341461E-006
          5105.62     -6.1332405E-006
          5116.91     -6.2331782E-006
          5128.20     -6.3339399E-006
          5139.49     -6.4355051E-006
          5150.78     -6.5378516E-006
          5162.07     -6.6409563E-006
          5173.36     -6.7447944E-006
          5184.65     -6.8493398E-006
          5195.94     -6.9545646E-006
          5207.23     -7.0604399E-006
          5218.52     -7.1669346E-006
          5229.80     -7.2740165E-006
          5241.09     -7.3816510E-006
          5252.38     -7.4898025E-006
          5263.67     -7.5984332E-006
          5274.96     -7.7075033E-006
          5286.25     -7.8169713E-006
          5297.54     -7.9267937E-006
          5308.83     -8.0369250E-006
          5320.12     -8.1473175E-006
          5331.41     -8.2579212E-006
          5342.70     -8.3686841E-006
          5353.98     -8.4795520E-006
          5365.27     -8.5904679E-006
          5376.56     -8.7013728E-006
          5387.85     -8.8122049E-006
          5399.14     -8.9229001E-006
          5410.43     -9.0333914E-006
          5421.72     -9.1436092E-006
          5433.01     -9.2534811E-006
          5444.30     -9.3629318E-006
          5455.59     -9.4718829E-006
          5466.88     -9.5802533E-006
          5478.16     -9.6879584E-006
          5489.45     -9.7949107E-006
          5500.74     -9.9010192E-006
          5512.03     -1.0006189E-005
          5523.32     -1.0110324E-005
          5534.61     -1.0213321E-005
          5545.90     -1.0315075E-005
          5557.19     -1.0415478E-005
          5568.48     -1.0514417E-005
          5579.77     -1.0611775E-005
          5591.05     -1.0707431E-005
          5602.34     -1.0801261E-005
          5613.63     -1.0893135E-005
          5624.92     -1.0982919E-005
          5636.21     -1.1070476E-005
          5647.50     -1.1155662E-005
          5658.79     -1.1238329E-005
          5670.08     -1.1318326E-005
          5681.37     -1.1395494E-005
          5692.66     -1.1469671E-005
          5703.95     -1.1540689E-005
          5715.23     -1.1608375E-005
          5726.52     -1.1672549E-005
          5737.81     -1.1733028E-005
          5749.10     -1.1789620E-005
          5760.39     -1.1842130E-005
          5771.68     -1.1890355E-005
          5782.97     -1.1934086E-005
          5794.26     -1.1973108E-005
          5805.55     -1.2007200E-005
          5816.84     -1.2036133E-005
          5828.12     -1.2059671E-005
          5839.41     -1.2077573E-005
          5850.70     -1.2089588E-005
          5861.99     -1.2095460E-005
          5873.28     -1.2094925E-005
          5884.57     -1.2087709E-005
          5895.86     -1.2073532E-005
          5907.15     -1.2052107E-005
          5918.44     -1.2023135E-005
          5929.73     -1.1986313E-005
          5941.02     -1.1941325E-005
          5952.30     -1.1887850E-005
          5963.59     -1.1825554E-005
          5974.88     -1.1754097E-005
          5986.17     -1.1673128E-005
          5997.46     -1.1582286E-005
          6008.75     -1.1481199E-005
          6020.04     -1.1369488E-005
          6031.33     -1.1246761E-005
          6042.62     -1.1112615E-005
          6053.91     -1.0966637E-005
          6065.20     -1.0808404E-005
          6076.48     -1.0637480E-005
          6087.77     -1.0453416E-005
          6099.06     -1.0255755E-005
          6110.35     -1.0044023E-005
          6121.64     -9.8177382E-006
          6132.93     -9.5764020E-006
          6144.22     -9.3195053E-006
          6155.51     -9.0465248E-006
          6166.80     -8.7569231E-006
          6178.09     -8.4501502E-006
          6189.38     -8.1256405E-006
          6200.66     -7.7828146E-006
          6211.95     -7.4210779E-006
          6223.24     -7.0398205E-006
          6234.53     -6.6384178E-006
          6245.82     -6.2162286E-006
          6257.11     -5.7725953E-006
          6268.40     -5.3068450E-006
          6279.69     -4.8182866E-006
          6290.98     -4.3062124E-006
          6302.27     -3.7698969E-006
          6313.55     -3.2085963E-006
          6324.84     -2.6215497E-006
          6336.13     -2.0079763E-006
          6347.42     -1.3670758E-006
          6358.71     -6.9803026E-007
          6370.00      5.0123778E-039
