          3480.00     -7.0026212E-039
          3491.29     -7.5269123E-008
          3502.58     -1.5025632E-007
          3513.87     -2.2496940E-007
          3525.16     -2.9941573E-007
          3536.45     -3.7360267E-007
          3547.73     -4.4753734E-007
          3559.02     -5.2122648E-007
          3570.31     -5.9467679E-007
          3581.60     -6.6789471E-007
          3592.89     -7.4088648E-007
          3604.18     -8.1364927E-007
          3615.47     -8.8617241E-007
          3626.76     -9.5845955E-007
          3638.05     -1.0305142E-006
          3649.34     -1.1023394E-006
          3660.62     -1.1739384E-006
          3671.91     -1.2453141E-006
          3683.20     -1.3164690E-006
          3694.49     -1.3874059E-006
          3705.78     -1.4581271E-006
          3717.07     -1.5286347E-006
          3728.36     -1.5989310E-006
          3739.65     -1.6690176E-006
          3750.94     -1.7388964E-006
          3762.23     -1.8085691E-006
          3773.52     -1.8780369E-006
          3784.80     -1.9473012E-006
          3796.09     -2.0163636E-006
          3807.38     -2.0852303E-006
          3818.67     -2.1539026E-006
          3829.96     -2.2223813E-006
          3841.25     -2.2906674E-006
          3852.54     -2.3587616E-006
          3863.83     -2.4266643E-006
          3875.12     -2.4943762E-006
          3886.41     -2.5618973E-006
          3897.70     -2.6292279E-006
          3908.98     -2.6963680E-006
          3920.27     -2.7633174E-006
          3931.56     -2.8300758E-006
          3942.85     -2.8966429E-006
          3954.14     -2.9630234E-006
          3965.43     -3.0292181E-006
          3976.72     -3.0952266E-006
          3988.01     -3.1610481E-006
          3999.30     -3.2266820E-006
          4010.59     -3.2921272E-006
          4021.88     -3.3573828E-006
          4033.16     -3.4224476E-006
          4044.45     -3.4873203E-006
          4055.74     -3.5519996E-006
          4067.03     -3.6164838E-006
          4078.32     -3.6807713E-006
          4089.61     -3.7448603E-006
          4100.90     -3.8087490E-006
          4112.19     -3.8724355E-006
          4123.48     -3.9359177E-006
          4134.77     -3.9991933E-006
          4146.05     -4.0622600E-006
          4157.34     -4.1251152E-006
          4168.63     -4.1877561E-006
          4179.92     -4.2501801E-006
          4191.21     -4.3123842E-006
          4202.50     -4.3743656E-006
          4213.79     -4.4361209E-006
          4225.08     -4.4976470E-006
          4236.37     -4.5589406E-006
          4247.66     -4.6199978E-006
          4258.95     -4.6808142E-006
          4270.23     -4.7413860E-006
          4281.52     -4.8017094E-006
          4292.81     -4.8617802E-006
          4304.10     -4.9215946E-006
          4315.39     -4.9811481E-006
          4326.68     -5.0404365E-006
          4337.97     -5.0994552E-006
          4349.26     -5.1581995E-006
          4360.55     -5.2166650E-006
          4371.84     -5.2748623E-006
          4383.12     -5.3327709E-006
          4394.41     -5.3903855E-006
          4405.70     -5.4476994E-006
          4416.99     -5.5047071E-006
          4428.28     -5.5614031E-006
          4439.57     -5.6177818E-006
          4450.86     -5.6738376E-006
          4462.15     -5.7295645E-006
          4473.44     -5.7849566E-006
          4484.73     -5.8400078E-006
          4496.02     -5.8947120E-006
          4507.30     -5.9490629E-006
          4518.59     -6.0030537E-006
          4529.88     -6.0566783E-006
          4541.17     -6.1099299E-006
          4552.46     -6.1628022E-006
          4563.75     -6.2152887E-006
          4575.04     -6.2673826E-006
          4586.33     -6.3190765E-006
          4597.62     -6.3703632E-006
          4608.91     -6.4212354E-006
          4620.20     -6.4716856E-006
          4631.48     -6.5217063E-006
          4642.77     -6.5712897E-006
          4654.06     -6.6204279E-006
          4665.35     -6.6691130E-006
          4676.64     -6.7173370E-006
          4687.93     -6.7650917E-006
          4699.22     -6.8123684E-006
          4710.51     -6.8591587E-006
          4721.80     -6.9054540E-006
          4733.09     -6.9512457E-006
          4744.38     -6.9965248E-006
          4755.66     -7.0412825E-006
          4766.95     -7.0855096E-006
          4778.24     -7.1291971E-006
          4789.53     -7.1723355E-006
          4800.82     -7.2149154E-006
          4812.11     -7.2569274E-006
          4823.40     -7.2983616E-006
          4834.69     -7.3392083E-006
          4845.98     -7.3794574E-006
          4857.27     -7.4190967E-006
          4868.55     -7.4581159E-006
          4879.84     -7.4965044E-006
          4891.13     -7.5342519E-006
          4902.42     -7.5713479E-006
          4913.71     -7.6077816E-006
          4925.00     -7.6435420E-006
          4936.29     -7.6786182E-006
          4947.58     -7.7129991E-006
          4958.87     -7.7466735E-006
          4970.16     -7.7796301E-006
          4981.45     -7.8118570E-006
          4992.73     -7.8433430E-006
          5004.02     -7.8740731E-006
          5015.31     -7.9040346E-006
          5026.60     -7.9332155E-006
          5037.89     -7.9616034E-006
          5049.18     -7.9891863E-006
          5060.47     -8.0159512E-006
          5071.76     -8.0418860E-006
          5083.05     -8.0669775E-006
          5094.34     -8.0912132E-006
          5105.62     -8.1145798E-006
          5116.91     -8.1370644E-006
          5128.20     -8.1586535E-006
          5139.49     -8.1793338E-006
          5150.78     -8.1990898E-006
          5162.07     -8.2179058E-006
          5173.36     -8.2357678E-006
          5184.65     -8.2526620E-006
          5195.94     -8.2685743E-006
          5207.23     -8.2834901E-006
          5218.52     -8.2973952E-006
          5229.80     -8.3102751E-006
          5241.09     -8.3221148E-006
          5252.38     -8.3328998E-006
          5263.67     -8.3426151E-006
          5274.96     -8.3512453E-006
          5286.25     -8.3587754E-006
          5297.54     -8.3651890E-006
          5308.83     -8.3704677E-006
          5320.12     -8.3745958E-006
          5331.41     -8.3775573E-006
          5342.70     -8.3793362E-006
          5353.98     -8.3799164E-006
          5365.27     -8.3792817E-006
          5376.56     -8.3774176E-006
          5387.85     -8.3743047E-006
          5399.14     -8.3699258E-006
          5410.43     -8.3642643E-006
          5421.72     -8.3573033E-006
          5433.01     -8.3490256E-006
          5444.30     -8.3394137E-006
          5455.59     -8.3284433E-006
          5466.88     -8.3160961E-006
          5478.16     -8.3023545E-006
          5489.45     -8.2872002E-006
          5500.74     -8.2706152E-006
          5512.03     -8.2525815E-006
          5523.32     -8.2330804E-006
          5534.61     -8.2120936E-006
          5545.90     -8.1896022E-006
          5557.19     -8.1655875E-006
          5568.48     -8.1400305E-006
          5579.77     -8.1127988E-006
          5591.05     -8.0838539E-006
          5602.34     -8.0531746E-006
          5613.63     -8.0207398E-006
          5624.92     -7.9865282E-006
          5636.21     -7.9505182E-006
          5647.50     -7.9126884E-006
          5658.79     -7.8730172E-006
          5670.08     -7.8314769E-006
          5681.37     -7.7872326E-006
          5692.66     -7.7402523E-006
          5703.95     -7.6905043E-006
          5715.23     -7.6379567E-006
          5726.52     -7.5825779E-006
          5737.81     -7.5243361E-006
          5749.10     -7.4631998E-006
          5760.39     -7.3991374E-006
          5771.68     -7.3321174E-006
          5782.97     -7.2621808E-006
          5794.26     -7.1900726E-006
          5805.55     -7.1157710E-006
          5816.84     -7.0392539E-006
          5828.12     -6.9604989E-006
          5839.41     -6.8794843E-006
          5850.70     -6.7961872E-006
          5861.99     -6.7105852E-006
          5873.28     -6.6226559E-006
          5884.57     -6.5323769E-006
          5895.86     -6.4397249E-006
          5907.15     -6.3446730E-006
          5918.44     -6.2468711E-006
          5929.73     -6.1462926E-006
          5941.02     -6.0429113E-006
          5952.30     -5.9367005E-006
          5963.59     -5.8276341E-006
          5974.88     -5.7156221E-006
          5986.17     -5.6005538E-006
          5997.46     -5.4824010E-006
          6008.75     -5.3611364E-006
          6020.04     -5.2367332E-006
          6031.33     -5.1095904E-006
          6042.62     -4.9796837E-006
          6053.91     -4.8469895E-006
          6065.20     -4.7114834E-006
          6076.48     -4.5732853E-006
          6087.77     -4.4324791E-006
          6099.06     -4.2890429E-006
          6110.35     -4.1429546E-006
          6121.64     -3.9941126E-006
          6132.93     -3.8420287E-006
          6144.22     -3.6866760E-006
          6155.51     -3.5282169E-006
          6166.80     -3.3666399E-006
          6178.09     -3.2023550E-006
          6189.38     -3.0355132E-006
          6200.66     -2.8660911E-006
          6211.95     -2.6940663E-006
          6223.24     -2.5194143E-006
          6234.53     -2.3421079E-006
          6245.82     -2.1621245E-006
          6257.11     -1.9794369E-006
          6268.40     -1.7940229E-006
          6279.69     -1.6058948E-006
          6290.98     -1.4150351E-006
          6302.27     -1.2214104E-006
          6313.55     -1.0249915E-006
          6324.84     -8.2575909E-007
          6336.13     -6.2369524E-007
          6347.42     -4.1875236E-007
          6358.71     -2.1088194E-007
          6370.00     -2.3571131E-041
