          3480.00      1.3711099E-039
          3491.29     -5.2274135E-008
          3502.58     -1.0432620E-007
          3513.87     -1.5616001E-007
          3525.16     -2.0777917E-007
          3536.45     -2.5918729E-007
          3547.73     -3.1038789E-007
          3559.02     -3.6138424E-007
          3570.31     -4.1217968E-007
          3581.60     -4.6277736E-007
          3592.89     -5.1318036E-007
          3604.18     -5.6337826E-007
          3615.47     -6.1334988E-007
          3626.76     -6.6309633E-007
          3638.05     -7.1261865E-007
          3649.34     -7.6191765E-007
          3660.62     -8.1099425E-007
          3671.91     -8.5984913E-007
          3683.20     -9.0848296E-007
          3694.49     -9.5689633E-007
          3705.78     -1.0050897E-006
          3717.07     -1.0530634E-006
          3728.36     -1.1008180E-006
          3739.65     -1.1483536E-006
          3750.94     -1.1956704E-006
          3762.23     -1.2427685E-006
          3773.52     -1.2896480E-006
          3784.80     -1.3363089E-006
          3796.09     -1.3827517E-006
          3807.38     -1.4289829E-006
          3818.67     -1.4750027E-006
          3829.96     -1.5208110E-006
          3841.25     -1.5664077E-006
          3852.54     -1.6117925E-006
          3863.83     -1.6569652E-006
          3875.12     -1.7019257E-006
          3886.41     -1.7466733E-006
          3897.70     -1.7912077E-006
          3908.98     -1.8355284E-006
          3920.27     -1.8796349E-006
          3931.56     -1.9235263E-006
          3942.85     -1.9672022E-006
          3954.14     -2.0106679E-006
          3965.43     -2.0539246E-006
          3976.72     -2.0969714E-006
          3988.01     -2.1398077E-006
          3999.30     -2.1824327E-006
          4010.59     -2.2248456E-006
          4021.88     -2.2670455E-006
          4033.16     -2.3090316E-006
          4044.45     -2.3508027E-006
          4055.74     -2.3923579E-006
          4067.03     -2.4336959E-006
          4078.32     -2.4748158E-006
          4089.61     -2.5157163E-006
          4100.90     -2.5563961E-006
          4112.19     -2.5968543E-006
          4123.48     -2.6370894E-006
          4134.77     -2.6771000E-006
          4146.05     -2.7168846E-006
          4157.34     -2.7564417E-006
          4168.63     -2.7957696E-006
          4179.92     -2.8348668E-006
          4191.21     -2.8737315E-006
          4202.50     -2.9123619E-006
          4213.79     -2.9507563E-006
          4225.08     -2.9889129E-006
          4236.37     -3.0268297E-006
          4247.66     -3.0645044E-006
          4258.95     -3.1019342E-006
          4270.23     -3.1391169E-006
          4281.52     -3.1760504E-006
          4292.81     -3.2127326E-006
          4304.10     -3.2491612E-006
          4315.39     -3.2853340E-006
          4326.68     -3.3212485E-006
          4337.97     -3.3569024E-006
          4349.26     -3.3922932E-006
          4360.55     -3.4274185E-006
          4371.84     -3.4622924E-006
          4383.12     -3.4968955E-006
          4394.41     -3.5312252E-006
          4405.70     -3.5652770E-006
          4416.99     -3.5990482E-006
          4428.28     -3.6325359E-006
          4439.57     -3.6657373E-006
          4450.86     -3.6986494E-006
          4462.15     -3.7312693E-006
          4473.44     -3.7635939E-006
          4484.73     -3.7956203E-006
          4496.02     -3.8273454E-006
          4507.30     -3.8587659E-006
          4518.59     -3.8898787E-006
          4529.88     -3.9206805E-006
          4541.17     -3.9511681E-006
          4552.46     -3.9813388E-006
          4563.75     -4.0111896E-006
          4575.04     -4.0407171E-006
          4586.33     -4.0699178E-006
          4597.62     -4.0987883E-006
          4608.91     -4.1273249E-006
          4620.20     -4.1555241E-006
          4631.48     -4.1833825E-006
          4642.77     -4.2108962E-006
          4654.06     -4.2380615E-006
          4665.35     -4.2648748E-006
          4676.64     -4.2913323E-006
          4687.93     -4.3174301E-006
          4699.22     -4.3431641E-006
          4710.51     -4.3685304E-006
          4721.80     -4.3935249E-006
          4733.09     -4.4181437E-006
          4744.38     -4.4423828E-006
          4755.66     -4.4662379E-006
          4766.95     -4.4897050E-006
          4778.24     -4.5127798E-006
          4789.53     -4.5354582E-006
          4800.82     -4.5577359E-006
          4812.11     -4.5796085E-006
          4823.40     -4.6010718E-006
          4834.69     -4.6221213E-006
          4845.98     -4.6427524E-006
          4857.27     -4.6629585E-006
          4868.55     -4.6827351E-006
          4879.84     -4.7020773E-006
          4891.13     -4.7209807E-006
          4902.42     -4.7394406E-006
          4913.71     -4.7574523E-006
          4925.00     -4.7750108E-006
          4936.29     -4.7921116E-006
          4947.58     -4.8087497E-006
          4958.87     -4.8249203E-006
          4970.16     -4.8406184E-006
          4981.45     -4.8558390E-006
          4992.73     -4.8705771E-006
          5004.02     -4.8848249E-006
          5015.31     -4.8985762E-006
          5026.60     -4.9118262E-006
          5037.89     -4.9245693E-006
          5049.18     -4.9368006E-006
          5060.47     -4.9485145E-006
          5071.76     -4.9597058E-006
          5083.05     -4.9703690E-006
          5094.34     -4.9804988E-006
          5105.62     -4.9900895E-006
          5116.91     -4.9991359E-006
          5128.20     -5.0076322E-006
          5139.49     -5.0155731E-006
          5150.78     -5.0229507E-006
          5162.07     -5.0297577E-006
          5173.36     -5.0359883E-006
          5184.65     -5.0416367E-006
          5195.94     -5.0466972E-006
          5207.23     -5.0511636E-006
          5218.52     -5.0550302E-006
          5229.80     -5.0582912E-006
          5241.09     -5.0609401E-006
          5252.38     -5.0629714E-006
          5263.67     -5.0643787E-006
          5274.96     -5.0651560E-006
          5286.25     -5.0652971E-006
          5297.54     -5.0647948E-006
          5308.83     -5.0636404E-006
          5320.12     -5.0618275E-006
          5331.41     -5.0593495E-006
          5342.70     -5.0562003E-006
          5353.98     -5.0523731E-006
          5365.27     -5.0478617E-006
          5376.56     -5.0426616E-006
          5387.85     -5.0367631E-006
          5399.14     -5.0301596E-006
          5410.43     -5.0228446E-006
          5421.72     -5.0148113E-006
          5433.01     -5.0060532E-006
          5444.30     -4.9965631E-006
          5455.59     -4.9863281E-006
          5466.88     -4.9753405E-006
          5478.16     -4.9635936E-006
          5489.45     -4.9510801E-006
          5500.74     -4.9377932E-006
          5512.03     -4.9237258E-006
          5523.32     -4.9088708E-006
          5534.61     -4.8932211E-006
          5545.90     -4.8767695E-006
          5557.19     -4.8595086E-006
          5568.48     -4.8414314E-006
          5579.77     -4.8224260E-006
          5591.05     -4.8024676E-006
          5602.34     -4.7815471E-006
          5613.63     -4.7596561E-006
          5624.92     -4.7367858E-006
          5636.21     -4.7129271E-006
          5647.50     -4.6880714E-006
          5658.79     -4.6622098E-006
          5670.08     -4.6353281E-006
          5681.37     -4.6066704E-006
          5692.66     -4.5762196E-006
          5703.95     -4.5439585E-006
          5715.23     -4.5098700E-006
          5726.52     -4.4739372E-006
          5737.81     -4.4361429E-006
          5749.10     -4.3964702E-006
          5760.39     -4.3549021E-006
          5771.68     -4.3114217E-006
          5782.97     -4.2660784E-006
          5794.26     -4.2195661E-006
          5805.55     -4.1718761E-006
          5816.84     -4.1229995E-006
          5828.12     -4.0729274E-006
          5839.41     -4.0216509E-006
          5850.70     -3.9691611E-006
          5861.99     -3.9154488E-006
          5873.28     -3.8605053E-006
          5884.57     -3.8043217E-006
          5895.86     -3.7468887E-006
          5907.15     -3.6881934E-006
          5918.44     -3.6279280E-006
          5929.73     -3.5660802E-006
          5941.02     -3.5026381E-006
          5952.30     -3.4375896E-006
          5963.59     -3.3709230E-006
          5974.88     -3.3025682E-006
          5986.17     -3.2324363E-006
          5997.46     -3.1605139E-006
          6008.75     -3.0867880E-006
          6020.04     -3.0112467E-006
          6031.33     -2.9342665E-006
          6042.62     -2.8558374E-006
          6053.91     -2.7759502E-006
          6065.20     -2.6945951E-006
          6076.48     -2.6118941E-006
          6087.77     -2.5279363E-006
          6099.06     -2.4427144E-006
          6110.35     -2.3562209E-006
          6121.64     -2.2683758E-006
          6132.93     -2.1787458E-006
          6144.22     -2.0873189E-006
          6155.51     -1.9942565E-006
          6166.80     -1.8995611E-006
          6178.09     -1.8036204E-006
          6189.38     -1.7065862E-006
          6200.66     -1.6084506E-006
          6211.95     -1.5092065E-006
          6223.24     -1.4088455E-006
          6234.53     -1.3073564E-006
          6245.82     -1.2047328E-006
          6257.11     -1.1009638E-006
          6268.40     -9.9604349E-007
          6279.69     -8.8999749E-007
          6290.98     -7.8282467E-007
          6302.27     -6.7450913E-007
          6313.55     -5.6503902E-007
          6324.84     -4.5441167E-007
          6336.13     -3.4262595E-007
          6347.42     -2.2965361E-007
          6358.71     -1.1546547E-007
          6370.00      3.9595057E-039
