          3480.00      4.4880460E-036
          3491.29     -8.6011749E-009
          3502.58     -1.7176320E-008
          3513.87     -2.5735341E-008
          3525.16     -3.4287912E-008
          3536.45     -4.2843537E-008
          3547.73     -5.1411538E-008
          3559.02     -6.0001048E-008
          3570.31     -6.8621072E-008
          3581.60     -7.7280463E-008
          3592.89     -8.5987946E-008
          3604.18     -9.4752138E-008
          3615.47     -1.0358152E-007
          3626.76     -1.1248450E-007
          3638.05     -1.2146941E-007
          3649.34     -1.3054447E-007
          3660.62     -1.3971785E-007
          3671.91     -1.4899766E-007
          3683.20     -1.5839196E-007
          3694.49     -1.6790877E-007
          3705.78     -1.7755604E-007
          3717.07     -1.8734173E-007
          3728.36     -1.9727377E-007
          3739.65     -2.0736006E-007
          3750.94     -2.1760849E-007
          3762.23     -2.2802695E-007
          3773.52     -2.3862336E-007
          3784.80     -2.4940561E-007
          3796.09     -2.6038161E-007
          3807.38     -2.7155929E-007
          3818.67     -2.8294664E-007
          3829.96     -2.9455161E-007
          3841.25     -3.0638223E-007
          3852.54     -3.1844656E-007
          3863.83     -3.3075269E-007
          3875.12     -3.4330878E-007
          3886.41     -3.5612299E-007
          3897.70     -3.6920358E-007
          3908.98     -3.8255885E-007
          3920.27     -3.9619714E-007
          3931.56     -4.1012687E-007
          3942.85     -4.2435654E-007
          3954.14     -4.3889469E-007
          3965.43     -4.5374996E-007
          3976.72     -4.6893101E-007
          3988.01     -4.8444663E-007
          3999.30     -5.0030569E-007
          4010.59     -5.1651709E-007
          4021.88     -5.3308984E-007
          4033.16     -5.5003304E-007
          4044.45     -5.6735587E-007
          4055.74     -5.8506762E-007
          4067.03     -6.0317761E-007
          4078.32     -6.2169529E-007
          4089.61     -6.4063022E-007
          4100.90     -6.5999200E-007
          4112.19     -6.7979036E-007
          4123.48     -7.0003511E-007
          4134.77     -7.2073616E-007
          4146.05     -7.4190354E-007
          4157.34     -7.6354729E-007
          4168.63     -7.8567764E-007
          4179.92     -8.0830488E-007
          4191.21     -8.3143936E-007
          4202.50     -8.5509157E-007
          4213.79     -8.7927208E-007
          4225.08     -9.0399156E-007
          4236.37     -9.2926077E-007
          4247.66     -9.5509052E-007
          4258.95     -9.8149178E-007
          4270.23     -1.0084756E-006
          4281.52     -1.0360530E-006
          4292.81     -1.0642352E-006
          4304.10     -1.0930336E-006
          4315.39     -1.1224594E-006
          4326.68     -1.1525241E-006
          4337.97     -1.1832393E-006
          4349.26     -1.2146165E-006
          4360.55     -1.2466674E-006
          4371.84     -1.2794037E-006
          4383.12     -1.3128371E-006
          4394.41     -1.3469797E-006
          4405.70     -1.3818432E-006
          4416.99     -1.4174396E-006
          4428.28     -1.4537810E-006
          4439.57     -1.4908794E-006
          4450.86     -1.5287468E-006
          4462.15     -1.5673955E-006
          4473.44     -1.6068375E-006
          4484.73     -1.6470850E-006
          4496.02     -1.6881502E-006
          4507.30     -1.7300454E-006
          4518.59     -1.7727826E-006
          4529.88     -1.8163741E-006
          4541.17     -1.8608322E-006
          4552.46     -1.9061688E-006
          4563.75     -1.9523961E-006
          4575.04     -1.9995263E-006
          4586.33     -2.0475714E-006
          4597.62     -2.0965434E-006
          4608.91     -2.1464541E-006
          4620.20     -2.1973155E-006
          4631.48     -2.2491392E-006
          4642.77     -2.3019370E-006
          4654.06     -2.3557203E-006
          4665.35     -2.4105006E-006
          4676.64     -2.4662893E-006
          4687.93     -2.5230973E-006
          4699.22     -2.5809358E-006
          4710.51     -2.6398154E-006
          4721.80     -2.6997469E-006
          4733.09     -2.7607405E-006
          4744.38     -2.8228066E-006
          4755.66     -2.8859550E-006
          4766.95     -2.9501954E-006
          4778.24     -3.0155373E-006
          4789.53     -3.0819897E-006
          4800.82     -3.1495615E-006
          4812.11     -3.2182612E-006
          4823.40     -3.2880968E-006
          4834.69     -3.3590762E-006
          4845.98     -3.4312067E-006
          4857.27     -3.5044953E-006
          4868.55     -3.5789485E-006
          4879.84     -3.6545723E-006
          4891.13     -3.7313722E-006
          4902.42     -3.8093535E-006
          4913.71     -3.8885204E-006
          4925.00     -3.9688770E-006
          4936.29     -4.0504266E-006
          4947.58     -4.1331719E-006
          4958.87     -4.2171151E-006
          4970.16     -4.3022574E-006
          4981.45     -4.3885994E-006
          4992.73     -4.4761413E-006
          5004.02     -4.5648818E-006
          5015.31     -4.6548195E-006
          5026.60     -4.7459517E-006
          5037.89     -4.8382749E-006
          5049.18     -4.9317848E-006
          5060.47     -5.0264760E-006
          5071.76     -5.1223420E-006
          5083.05     -5.2193755E-006
          5094.34     -5.3175677E-006
          5105.62     -5.4169091E-006
          5116.91     -5.5173887E-006
          5128.20     -5.6189944E-006
          5139.49     -5.7217129E-006
          5150.78     -5.8255291E-006
          5162.07     -5.9304270E-006
          5173.36     -6.0363892E-006
          5184.65     -6.1433962E-006
          5195.94     -6.2514275E-006
          5207.23     -6.3604608E-006
          5218.52     -6.4704721E-006
          5229.80     -6.5814358E-006
          5241.09     -6.6933242E-006
          5252.38     -6.8061081E-006
          5263.67     -6.9197561E-006
          5274.96     -7.0342349E-006
          5286.25     -7.1495090E-006
          5297.54     -7.2655411E-006
          5308.83     -7.3822912E-006
          5320.12     -7.4997176E-006
          5331.41     -7.6177755E-006
          5342.70     -7.7364181E-006
          5353.98     -7.8555963E-006
          5365.27     -7.9752576E-006
          5376.56     -8.0953475E-006
          5387.85     -8.2158085E-006
          5399.14     -8.3365799E-006
          5410.43     -8.4575987E-006
          5421.72     -8.5787979E-006
          5433.01     -8.7001081E-006
          5444.30     -8.8214563E-006
          5455.59     -8.9427659E-006
          5466.88     -9.0639573E-006
          5478.16     -9.1849468E-006
          5489.45     -9.3056473E-006
          5500.74     -9.4259679E-006
          5512.03     -9.5458133E-006
          5523.32     -9.6650847E-006
          5534.61     -9.7836788E-006
          5545.90     -9.9014877E-006
          5557.19     -1.0018400E-005
          5568.48     -1.0134298E-005
          5579.77     -1.0249061E-005
          5591.05     -1.0362563E-005
          5602.34     -1.0474672E-005
          5613.63     -1.0585252E-005
          5624.92     -1.0694161E-005
          5636.21     -1.0801252E-005
          5647.50     -1.0906372E-005
          5658.79     -1.1009363E-005
          5670.08     -1.1110059E-005
          5681.37     -1.1208290E-005
          5692.66     -1.1303879E-005
          5703.95     -1.1396642E-005
          5715.23     -1.1486389E-005
          5726.52     -1.1572923E-005
          5737.81     -1.1656040E-005
          5749.10     -1.1735529E-005
          5760.39     -1.1811169E-005
          5771.68     -1.1882736E-005
          5782.97     -1.1949994E-005
          5794.26     -1.2012702E-005
          5805.55     -1.2070608E-005
          5816.84     -1.2123453E-005
          5828.12     -1.2170969E-005
          5839.41     -1.2212879E-005
          5850.70     -1.2248896E-005
          5861.99     -1.2278725E-005
          5873.28     -1.2302061E-005
          5884.57     -1.2318587E-005
          5895.86     -1.2327979E-005
          5907.15     -1.2329898E-005
          5918.44     -1.2324000E-005
          5929.73     -1.2309924E-005
          5941.02     -1.2287302E-005
          5952.30     -1.2255753E-005
          5963.59     -1.2214882E-005
          5974.88     -1.2164285E-005
          5986.17     -1.2103542E-005
          5997.46     -1.2032224E-005
          6008.75     -1.1949885E-005
          6020.04     -1.1856068E-005
          6031.33     -1.1750301E-005
          6042.62     -1.1632097E-005
          6053.91     -1.1500956E-005
          6065.20     -1.1356361E-005
          6076.48     -1.1197781E-005
          6087.77     -1.1024670E-005
          6099.06     -1.0836464E-005
          6110.35     -1.0632583E-005
          6121.64     -1.0412431E-005
          6132.93     -1.0175392E-005
          6144.22     -9.9208362E-006
          6155.51     -9.6481119E-006
          6166.80     -9.3565502E-006
          6178.09     -9.0454634E-006
          6189.38     -8.7141435E-006
          6200.66     -8.3618627E-006
          6211.95     -7.9878725E-006
          6223.24     -7.5914030E-006
          6234.53     -7.1716639E-006
          6245.82     -6.7278416E-006
          6257.11     -6.2591000E-006
          6268.40     -5.7645808E-006
          6279.69     -5.2434012E-006
          6290.98     -4.6946542E-006
          6302.27     -4.1174082E-006
          6313.55     -3.5107054E-006
          6324.84     -2.8735640E-006
          6336.13     -2.2049737E-006
          6347.42     -1.5038969E-006
          6358.71     -7.6927032E-007
          6370.00     -4.7207302E-046
