          3480.00     -1.7198476E-038
          3491.29     -7.8409092E-008
          3502.58     -1.5656898E-007
          3513.87     -2.3449199E-007
          3525.16     -3.1218993E-007
          3536.45     -3.8967445E-007
          3547.73     -4.6695693E-007
          3559.02     -5.4404820E-007
          3570.31     -6.2095900E-007
          3581.60     -6.9769969E-007
          3592.89     -7.7428037E-007
          3604.18     -8.5070486E-007
          3615.47     -9.2697115E-007
          3626.76     -1.0030866E-006
          3638.05     -1.0790581E-006
          3649.34     -1.1548925E-006
          3660.62     -1.2305963E-006
          3671.91     -1.3061756E-006
          3683.20     -1.3816365E-006
          3694.49     -1.4569847E-006
          3705.78     -1.5322257E-006
          3717.07     -1.6073647E-006
          3728.36     -1.6824069E-006
          3739.65     -1.7573568E-006
          3750.94     -1.8322193E-006
          3762.23     -1.9069985E-006
          3773.52     -1.9816987E-006
          3784.80     -2.0563236E-006
          3796.09     -2.1308774E-006
          3807.38     -2.2053677E-006
          3818.67     -2.2797979E-006
          3829.96     -2.3541715E-006
          3841.25     -2.4284915E-006
          3852.54     -2.5027609E-006
          3863.83     -2.5769825E-006
          3875.12     -2.6511587E-006
          3886.41     -2.7252919E-006
          3897.70     -2.7993840E-006
          3908.98     -2.8734373E-006
          3920.27     -2.9474531E-006
          3931.56     -3.0214331E-006
          3942.85     -3.0953786E-006
          3954.14     -3.1692950E-006
          3965.43     -3.2431845E-006
          3976.72     -3.3170482E-006
          3988.01     -3.3908869E-006
          3999.30     -3.4647012E-006
          4010.59     -3.5384915E-006
          4021.88     -3.6122581E-006
          4033.16     -3.6860011E-006
          4044.45     -3.7597202E-006
          4055.74     -3.8334154E-006
          4067.03     -3.9070859E-006
          4078.32     -3.9807311E-006
          4089.61     -4.0543502E-006
          4100.90     -4.1279421E-006
          4112.19     -4.2015058E-006
          4123.48     -4.2750398E-006
          4134.77     -4.3485425E-006
          4146.05     -4.4220122E-006
          4157.34     -4.4954467E-006
          4168.63     -4.5688439E-006
          4179.92     -4.6422015E-006
          4191.21     -4.7155167E-006
          4202.50     -4.7887871E-006
          4213.79     -4.8620095E-006
          4225.08     -4.9351808E-006
          4236.37     -5.0082979E-006
          4247.66     -5.0813569E-006
          4258.95     -5.1543533E-006
          4270.23     -5.2272833E-006
          4281.52     -5.3001428E-006
          4292.81     -5.3729274E-006
          4304.10     -5.4456327E-006
          4315.39     -5.5182540E-006
          4326.68     -5.5907865E-006
          4337.97     -5.6632250E-006
          4349.26     -5.7355643E-006
          4360.55     -5.8077989E-006
          4371.84     -5.8799373E-006
          4383.12     -5.9519595E-006
          4394.41     -6.0238595E-006
          4405.70     -6.0956295E-006
          4416.99     -6.1672631E-006
          4428.28     -6.2387534E-006
          4439.57     -6.3100937E-006
          4450.86     -6.3812767E-006
          4462.15     -6.4522952E-006
          4473.44     -6.5231417E-006
          4484.73     -6.5938084E-006
          4496.02     -6.6642875E-006
          4507.30     -6.7345709E-006
          4518.59     -6.8046500E-006
          4529.88     -6.8745165E-006
          4541.17     -6.9441617E-006
          4552.46     -7.0135771E-006
          4563.75     -7.0827537E-006
          4575.04     -7.1516825E-006
          4586.33     -7.2203536E-006
          4597.62     -7.2887574E-006
          4608.91     -7.3568838E-006
          4620.20     -7.4247225E-006
          4631.48     -7.4922634E-006
          4642.77     -7.5594955E-006
          4654.06     -7.6264081E-006
          4665.35     -7.6929899E-006
          4676.64     -7.7592299E-006
          4687.93     -7.8251163E-006
          4699.22     -7.8906372E-006
          4710.51     -7.9557805E-006
          4721.80     -8.0205340E-006
          4733.09     -8.0848851E-006
          4744.38     -8.1488212E-006
          4755.66     -8.2123293E-006
          4766.95     -8.2753962E-006
          4778.24     -8.3380085E-006
          4789.53     -8.4001525E-006
          4800.82     -8.4618143E-006
          4812.11     -8.5229798E-006
          4823.40     -8.5836345E-006
          4834.69     -8.6437638E-006
          4845.98     -8.7033527E-006
          4857.27     -8.7623840E-006
          4868.55     -8.8208422E-006
          4879.84     -8.8787113E-006
          4891.13     -8.9359757E-006
          4902.42     -8.9926191E-006
          4913.71     -9.0486251E-006
          4925.00     -9.1039767E-006
          4936.29     -9.1586572E-006
          4947.58     -9.2126493E-006
          4958.87     -9.2659355E-006
          4970.16     -9.3184980E-006
          4981.45     -9.3703186E-006
          4992.73     -9.4213791E-006
          5004.02     -9.4716581E-006
          5015.31     -9.5211356E-006
          5026.60     -9.5697927E-006
          5037.89     -9.6176097E-006
          5049.18     -9.6645671E-006
          5060.47     -9.7106445E-006
          5071.76     -9.7558217E-006
          5083.05     -9.8000781E-006
          5094.34     -9.8433928E-006
          5105.62     -9.8857444E-006
          5116.91     -9.9271117E-006
          5128.20     -9.9674727E-006
          5139.49     -1.0006805E-005
          5150.78     -1.0045086E-005
          5162.07     -1.0082288E-005
          5173.36     -1.0118391E-005
          5184.65     -1.0153370E-005
          5195.94     -1.0187201E-005
          5207.23     -1.0219862E-005
          5218.52     -1.0251326E-005
          5229.80     -1.0281571E-005
          5241.09     -1.0310571E-005
          5252.38     -1.0338300E-005
          5263.67     -1.0364734E-005
          5274.96     -1.0389846E-005
          5286.25     -1.0413610E-005
          5297.54     -1.0435999E-005
          5308.83     -1.0456984E-005
          5320.12     -1.0476536E-005
          5331.41     -1.0494628E-005
          5342.70     -1.0511233E-005
          5353.98     -1.0526323E-005
          5365.27     -1.0539868E-005
          5376.56     -1.0551842E-005
          5387.85     -1.0562213E-005
          5399.14     -1.0570951E-005
          5410.43     -1.0578026E-005
          5421.72     -1.0583408E-005
          5433.01     -1.0587066E-005
          5444.30     -1.0588970E-005
          5455.59     -1.0589081E-005
          5466.88     -1.0587367E-005
          5478.16     -1.0583795E-005
          5489.45     -1.0578334E-005
          5500.74     -1.0570950E-005
          5512.03     -1.0561610E-005
          5523.32     -1.0550281E-005
          5534.61     -1.0536928E-005
          5545.90     -1.0521519E-005
          5557.19     -1.0504016E-005
          5568.48     -1.0484387E-005
          5579.77     -1.0462480E-005
          5591.05     -1.0438239E-005
          5602.34     -1.0411626E-005
          5613.63     -1.0382602E-005
          5624.92     -1.0351129E-005
          5636.21     -1.0317168E-005
          5647.50     -1.0280680E-005
          5658.79     -1.0241624E-005
          5670.08     -1.0199954E-005
          5681.37     -1.0154795E-005
          5692.66     -1.0106094E-005
          5703.95     -1.0053799E-005
          5715.23     -9.9978564E-006
          5726.52     -9.9382146E-006
          5737.81     -9.8748208E-006
          5749.10     -9.8076226E-006
          5760.39     -9.7365674E-006
          5771.68     -9.6616026E-006
          5782.97     -9.5827505E-006
          5794.26     -9.5007612E-006
          5805.55     -9.4155931E-006
          5816.84     -9.3272042E-006
          5828.12     -9.2355521E-006
          5839.41     -9.1405945E-006
          5850.70     -9.0422880E-006
          5861.99     -8.9405895E-006
          5873.28     -8.8354554E-006
          5884.57     -8.7268421E-006
          5895.86     -8.6147049E-006
          5907.15     -8.4989950E-006
          5918.44     -8.3793278E-006
          5929.73     -8.2556542E-006
          5941.02     -8.1279251E-006
          5952.30     -7.9960911E-006
          5963.59     -7.8601030E-006
          5974.88     -7.7198452E-006
          5986.17     -7.5751799E-006
          5997.46     -7.4260557E-006
          6008.75     -7.2724213E-006
          6020.04     -7.1142264E-006
          6031.33     -6.9518634E-006
          6042.62     -6.7852842E-006
          6053.91     -6.6144417E-006
          6065.20     -6.4392871E-006
          6076.48     -6.2599222E-006
          6087.77     -6.0764110E-006
          6099.06     -5.8887069E-006
          6110.35     -5.6967629E-006
          6121.64     -5.5004491E-006
          6132.93     -5.2992322E-006
          6144.22     -5.0930596E-006
          6155.51     -4.8820756E-006
          6166.80     -4.6662434E-006
          6178.09     -4.4459650E-006
          6189.38     -4.2213724E-006
          6200.66     -3.9924156E-006
          6211.95     -3.7590448E-006
          6223.24     -3.5212082E-006
          6234.53     -3.2788507E-006
          6245.82     -3.0319217E-006
          6257.11     -2.7803651E-006
          6268.40     -2.5241302E-006
          6279.69     -2.2632015E-006
          6290.98     -1.9975323E-006
          6302.27     -1.7270589E-006
          6313.55     -1.4517214E-006
          6324.84     -1.1714703E-006
          6336.13     -8.8625670E-007
          6347.42     -5.9600074E-007
          6358.71     -3.0062130E-007
          6370.00     -4.1973830E-039
