          3480.00     -4.2815210E-035
          3491.29     -2.2874495E-009
          3502.58     -4.5701493E-009
          3513.87     -6.8524001E-009
          3525.16     -9.1384165E-009
          3536.45     -1.1432348E-008
          3547.73     -1.3738281E-008
          3559.02     -1.6060244E-008
          3570.31     -1.8402224E-008
          3581.60     -2.0768170E-008
          3592.89     -2.3161999E-008
          3604.18     -2.5587609E-008
          3615.47     -2.8048873E-008
          3626.76     -3.0549663E-008
          3638.05     -3.3093847E-008
          3649.34     -3.5685288E-008
          3660.62     -3.8327866E-008
          3671.91     -4.1025473E-008
          3683.20     -4.3782022E-008
          3694.49     -4.6601454E-008
          3705.78     -4.9487732E-008
          3717.07     -5.2444864E-008
          3728.36     -5.5476898E-008
          3739.65     -5.8587922E-008
          3750.94     -6.1782082E-008
          3762.23     -6.5063575E-008
          3773.52     -6.8436660E-008
          3784.80     -7.1905663E-008
          3796.09     -7.5474969E-008
          3807.38     -7.9149048E-008
          3818.67     -8.2932445E-008
          3829.96     -8.6829778E-008
          3841.25     -9.0845760E-008
          3852.54     -9.4985193E-008
          3863.83     -9.9252971E-008
          3875.12     -1.0365409E-007
          3886.41     -1.0819364E-007
          3897.70     -1.1287683E-007
          3908.98     -1.1770896E-007
          3920.27     -1.2269546E-007
          3931.56     -1.2784188E-007
          3942.85     -1.3315388E-007
          3954.14     -1.3863725E-007
          3965.43     -1.4429791E-007
          3976.72     -1.5014192E-007
          3988.01     -1.5617545E-007
          3999.30     -1.6240486E-007
          4010.59     -1.6883661E-007
          4021.88     -1.7547732E-007
          4033.16     -1.8233377E-007
          4044.45     -1.8941290E-007
          4055.74     -1.9672179E-007
          4067.03     -2.0426769E-007
          4078.32     -2.1205804E-007
          4089.61     -2.2010041E-007
          4100.90     -2.2840257E-007
          4112.19     -2.3697247E-007
          4123.48     -2.4581823E-007
          4134.77     -2.5494815E-007
          4146.05     -2.6437075E-007
          4157.34     -2.7409468E-007
          4168.63     -2.8412885E-007
          4179.92     -2.9448235E-007
          4191.21     -3.0516443E-007
          4202.50     -3.1618461E-007
          4213.79     -3.2755256E-007
          4225.08     -3.3927822E-007
          4236.37     -3.5137170E-007
          4247.66     -3.6384334E-007
          4258.95     -3.7670370E-007
          4270.23     -3.8996359E-007
          4281.52     -4.0363401E-007
          4292.81     -4.1772619E-007
          4304.10     -4.3225164E-007
          4315.39     -4.4722205E-007
          4326.68     -4.6264940E-007
          4337.97     -4.7854585E-007
          4349.26     -4.9492386E-007
          4360.55     -5.1179612E-007
          4371.84     -5.2917552E-007
          4383.12     -5.4707527E-007
          4394.41     -5.6550879E-007
          4405.70     -5.8448977E-007
          4416.99     -6.0403215E-007
          4428.28     -6.2415011E-007
          4439.57     -6.4485810E-007
          4450.86     -6.6617085E-007
          4462.15     -6.8810330E-007
          4473.44     -7.1067068E-007
          4484.73     -7.3388849E-007
          4496.02     -7.5777247E-007
          4507.30     -7.8233864E-007
          4518.59     -8.0760323E-007
          4529.88     -8.3358278E-007
          4541.17     -8.6029409E-007
          4552.46     -8.8775415E-007
          4563.75     -9.1598028E-007
          4575.04     -9.4499001E-007
          4586.33     -9.7480114E-007
          4597.62     -1.0054317E-006
          4608.91     -1.0369000E-006
          4620.20     -1.0692245E-006
          4631.48     -1.1024241E-006
          4642.77     -1.1365176E-006
          4654.06     -1.1715243E-006
          4665.35     -1.2074636E-006
          4676.64     -1.2443552E-006
          4687.93     -1.2822190E-006
          4699.22     -1.3210750E-006
          4710.51     -1.3609434E-006
          4721.80     -1.4018447E-006
          4733.09     -1.4437995E-006
          4744.38     -1.4868286E-006
          4755.66     -1.5309529E-006
          4766.95     -1.5761935E-006
          4778.24     -1.6225716E-006
          4789.53     -1.6701086E-006
          4800.82     -1.7188257E-006
          4812.11     -1.7687447E-006
          4823.40     -1.8198870E-006
          4834.69     -1.8722744E-006
          4845.98     -1.9259284E-006
          4857.27     -1.9808709E-006
          4868.55     -2.0371236E-006
          4879.84     -2.0947081E-006
          4891.13     -2.1536461E-006
          4902.42     -2.2139593E-006
          4913.71     -2.2756691E-006
          4925.00     -2.3387968E-006
          4936.29     -2.4033638E-006
          4947.58     -2.4693912E-006
          4958.87     -2.5368998E-006
          4970.16     -2.6059103E-006
          4981.45     -2.6764431E-006
          4992.73     -2.7485182E-006
          5004.02     -2.8221555E-006
          5015.31     -2.8973742E-006
          5026.60     -2.9741934E-006
          5037.89     -3.0526316E-006
          5049.18     -3.1327068E-006
          5060.47     -3.2144364E-006
          5071.76     -3.2978374E-006
          5083.05     -3.3829260E-006
          5094.34     -3.4697177E-006
          5105.62     -3.5582272E-006
          5116.91     -3.6484686E-006
          5128.20     -3.7404551E-006
          5139.49     -3.8341988E-006
          5150.78     -3.9297107E-006
          5162.07     -4.0270012E-006
          5173.36     -4.1260793E-006
          5184.65     -4.2269526E-006
          5195.94     -4.3296278E-006
          5207.23     -4.4341099E-006
          5218.52     -4.5404027E-006
          5229.80     -4.6485085E-006
          5241.09     -4.7584276E-006
          5252.38     -4.8701590E-006
          5263.67     -4.9836998E-006
          5274.96     -5.0990450E-006
          5286.25     -5.2161878E-006
          5297.54     -5.3351192E-006
          5308.83     -5.4558280E-006
          5320.12     -5.5783006E-006
          5331.41     -5.7025208E-006
          5342.70     -5.8284700E-006
          5353.98     -5.9561270E-006
          5365.27     -6.0854673E-006
          5376.56     -6.2164636E-006
          5387.85     -6.3490857E-006
          5399.14     -6.4832998E-006
          5410.43     -6.6190687E-006
          5421.72     -6.7563515E-006
          5433.01     -6.8951036E-006
          5444.30     -7.0352767E-006
          5455.59     -7.1768176E-006
          5466.88     -7.3196696E-006
          5478.16     -7.4637710E-006
          5489.45     -7.6090555E-006
          5500.74     -7.7554519E-006
          5512.03     -7.9028836E-006
          5523.32     -8.0512690E-006
          5534.61     -8.2005207E-006
          5545.90     -8.3505452E-006
          5557.19     -8.5012435E-006
          5568.48     -8.6525097E-006
          5579.77     -8.8042316E-006
          5591.05     -8.9562902E-006
          5602.34     -9.1085589E-006
          5613.63     -9.2609040E-006
          5624.92     -9.4131841E-006
          5636.21     -9.5652495E-006
          5647.50     -9.7169422E-006
          5658.79     -9.8680955E-006
          5670.08     -1.0018534E-005
          5681.37     -1.0168072E-005
          5692.66     -1.0316515E-005
          5703.95     -1.0463658E-005
          5715.23     -1.0609285E-005
          5726.52     -1.0753169E-005
          5737.81     -1.0895073E-005
          5749.10     -1.1034747E-005
          5760.39     -1.1171930E-005
          5771.68     -1.1306346E-005
          5782.97     -1.1437708E-005
          5794.26     -1.1565714E-005
          5805.55     -1.1690050E-005
          5816.84     -1.1810385E-005
          5828.12     -1.1926374E-005
          5839.41     -1.2037655E-005
          5850.70     -1.2143852E-005
          5861.99     -1.2244571E-005
          5873.28     -1.2339401E-005
          5884.57     -1.2427910E-005
          5895.86     -1.2509652E-005
          5907.15     -1.2584159E-005
          5918.44     -1.2650943E-005
          5929.73     -1.2709496E-005
          5941.02     -1.2759288E-005
          5952.30     -1.2799767E-005
          5963.59     -1.2830358E-005
          5974.88     -1.2850463E-005
          5986.17     -1.2859459E-005
          5997.46     -1.2856697E-005
          6008.75     -1.2841504E-005
          6020.04     -1.2813176E-005
          6031.33     -1.2770986E-005
          6042.62     -1.2714174E-005
          6053.91     -1.2641953E-005
          6065.20     -1.2553503E-005
          6076.48     -1.2447974E-005
          6087.77     -1.2324482E-005
          6099.06     -1.2182110E-005
          6110.35     -1.2019904E-005
          6121.64     -1.1836877E-005
          6132.93     -1.1632002E-005
          6144.22     -1.1404216E-005
          6155.51     -1.1152413E-005
          6166.80     -1.0875449E-005
          6178.09     -1.0572137E-005
          6189.38     -1.0241245E-005
          6200.66     -9.8814973E-006
          6211.95     -9.4915723E-006
          6223.24     -9.0700991E-006
          6234.53     -8.6156592E-006
          6245.82     -8.1267819E-006
          6257.11     -7.6019442E-006
          6268.40     -7.0395706E-006
          6279.69     -6.4380283E-006
          6290.98     -5.7956277E-006
          6302.27     -5.1106203E-006
          6313.55     -4.3811959E-006
          6324.84     -3.6054835E-006
          6336.13     -2.7815456E-006
          6347.42     -1.9073781E-006
          6358.71     -9.8091068E-007
          6370.00      0.0000000E+000
