          3480.00      2.2956893E-034
          3491.29     -6.3685362E-010
          3502.58     -1.2744337E-009
          3513.87     -1.9144988E-009
          3525.16     -2.5587843E-009
          3536.45     -3.2090111E-009
          3547.73     -3.8668888E-009
          3559.02     -4.5341188E-009
          3570.31     -5.2124017E-009
          3581.60     -5.9034404E-009
          3592.89     -6.6089439E-009
          3604.18     -7.3306119E-009
          3615.47     -8.0701327E-009
          3626.76     -8.8292436E-009
          3638.05     -9.6097046E-009
          3649.34     -1.0413299E-008
          3660.62     -1.1241842E-008
          3671.91     -1.2097180E-008
          3683.20     -1.2981197E-008
          3694.49     -1.3895819E-008
          3705.78     -1.4843010E-008
          3717.07     -1.5824786E-008
          3728.36     -1.6843212E-008
          3739.65     -1.7900408E-008
          3750.94     -1.8998549E-008
          3762.23     -2.0139873E-008
          3773.52     -2.1326683E-008
          3784.80     -2.2561350E-008
          3796.09     -2.3846317E-008
          3807.38     -2.5184128E-008
          3818.67     -2.6577386E-008
          3829.96     -2.8028773E-008
          3841.25     -2.9541059E-008
          3852.54     -3.1117105E-008
          3863.83     -3.2759865E-008
          3875.12     -3.4472395E-008
          3886.41     -3.6257844E-008
          3897.70     -3.8119477E-008
          3908.98     -4.0060665E-008
          3920.27     -4.2084890E-008
          3931.56     -4.4195758E-008
          3942.85     -4.6396995E-008
          3954.14     -4.8692497E-008
          3965.43     -5.1086269E-008
          3976.72     -5.3582436E-008
          3988.01     -5.6185270E-008
          3999.30     -5.8899191E-008
          4010.59     -6.1728762E-008
          4021.88     -6.4678711E-008
          4033.16     -6.7753921E-008
          4044.45     -7.0959443E-008
          4055.74     -7.4300502E-008
          4067.03     -7.7782491E-008
          4078.32     -8.1410994E-008
          4089.61     -8.5191782E-008
          4100.90     -8.9130810E-008
          4112.19     -9.3234244E-008
          4123.48     -9.7508451E-008
          4134.77     -1.0196000E-007
          4146.05     -1.0659570E-007
          4157.34     -1.1142255E-007
          4168.63     -1.1644779E-007
          4179.92     -1.2167892E-007
          4191.21     -1.2712363E-007
          4202.50     -1.3278991E-007
          4213.79     -1.3868598E-007
          4225.08     -1.4482033E-007
          4236.37     -1.5120171E-007
          4247.66     -1.5783913E-007
          4258.95     -1.6474189E-007
          4270.23     -1.7191960E-007
          4281.52     -1.7938213E-007
          4292.81     -1.8713970E-007
          4304.10     -1.9520280E-007
          4315.39     -2.0358226E-007
          4326.68     -2.1228924E-007
          4337.97     -2.2133521E-007
          4349.26     -2.3073199E-007
          4360.55     -2.4049176E-007
          4371.84     -2.5062744E-007
          4383.12     -2.6115155E-007
          4394.41     -2.7207734E-007
          4405.70     -2.8341841E-007
          4416.99     -2.9518879E-007
          4428.28     -3.0740287E-007
          4439.57     -3.2007546E-007
          4450.86     -3.3322182E-007
          4462.15     -3.4685754E-007
          4473.44     -3.6099872E-007
          4484.73     -3.7566184E-007
          4496.02     -3.9086384E-007
          4507.30     -4.0662211E-007
          4518.59     -4.2295447E-007
          4529.88     -4.3987921E-007
          4541.17     -4.5741513E-007
          4552.46     -4.7558146E-007
          4563.75     -4.9439794E-007
          4575.04     -5.1388479E-007
          4586.33     -5.3406272E-007
          4597.62     -5.5495296E-007
          4608.91     -5.7657717E-007
          4620.20     -5.9895762E-007
          4631.48     -6.2211706E-007
          4642.77     -6.4607872E-007
          4654.06     -6.7086641E-007
          4665.35     -6.9650445E-007
          4676.64     -7.2301771E-007
          4687.93     -7.5043160E-007
          4699.22     -7.7877199E-007
          4710.51     -8.0806539E-007
          4721.80     -8.3833884E-007
          4733.09     -8.6961986E-007
          4744.38     -9.0193658E-007
          4755.66     -9.3531766E-007
          4766.95     -9.6979229E-007
          4778.24     -1.0053903E-006
          4789.53     -1.0421418E-006
          4800.82     -1.0800777E-006
          4812.11     -1.1192294E-006
          4823.40     -1.1596287E-006
          4834.69     -1.2013081E-006
          4845.98     -1.2443003E-006
          4857.27     -1.2886387E-006
          4868.55     -1.3343572E-006
          4879.84     -1.3814899E-006
          4891.13     -1.4300719E-006
          4902.42     -1.4801384E-006
          4913.71     -1.5317251E-006
          4925.00     -1.5848680E-006
          4936.29     -1.6396039E-006
          4947.58     -1.6959696E-006
          4958.87     -1.7540025E-006
          4970.16     -1.8137399E-006
          4981.45     -1.8752200E-006
          4992.73     -1.9384809E-006
          5004.02     -2.0035606E-006
          5015.31     -2.0704976E-006
          5026.60     -2.1393308E-006
          5037.89     -2.2100989E-006
          5049.18     -2.2828410E-006
          5060.47     -2.3575961E-006
          5071.76     -2.4344033E-006
          5083.05     -2.5133015E-006
          5094.34     -2.5943295E-006
          5105.62     -2.6775260E-006
          5116.91     -2.7629296E-006
          5128.20     -2.8505784E-006
          5139.49     -2.9405102E-006
          5150.78     -3.0327620E-006
          5162.07     -3.1273703E-006
          5173.36     -3.2243712E-006
          5184.65     -3.3238003E-006
          5195.94     -3.4256922E-006
          5207.23     -3.5300807E-006
          5218.52     -3.6369988E-006
          5229.80     -3.7464783E-006
          5241.09     -3.8585496E-006
          5252.38     -3.9732419E-006
          5263.67     -4.0905832E-006
          5274.96     -4.2105994E-006
          5286.25     -4.3333152E-006
          5297.54     -4.4587528E-006
          5308.83     -4.5869321E-006
          5320.12     -4.7178714E-006
          5331.41     -4.8515865E-006
          5342.70     -4.9880908E-006
          5353.98     -5.1273951E-006
          5365.27     -5.2695069E-006
          5376.56     -5.4144315E-006
          5387.85     -5.5621693E-006
          5399.14     -5.7127178E-006
          5410.43     -5.8660712E-006
          5421.72     -6.0222187E-006
          5433.01     -6.1811462E-006
          5444.30     -6.3428345E-006
          5455.59     -6.5072570E-006
          5466.88     -6.6743842E-006
          5478.16     -6.8441814E-006
          5489.45     -7.0166079E-006
          5500.74     -7.1916171E-006
          5512.03     -7.3691555E-006
          5523.32     -7.5491633E-006
          5534.61     -7.7315733E-006
          5545.90     -7.9163104E-006
          5557.19     -8.1032917E-006
          5568.48     -8.2924260E-006
          5579.77     -8.4835632E-006
          5591.05     -8.6765822E-006
          5602.34     -8.8713589E-006
          5613.63     -9.0677598E-006
          5624.92     -9.2656406E-006
          5636.21     -9.4648452E-006
          5647.50     -9.6652065E-006
          5658.79     -9.8665448E-006
          5670.08     -1.0068664E-005
          5681.37     -1.0270929E-005
          5692.66     -1.0473088E-005
          5703.95     -1.0674878E-005
          5715.23     -1.0876024E-005
          5726.52     -1.1076234E-005
          5737.81     -1.1275202E-005
          5749.10     -1.1472607E-005
          5760.39     -1.1668114E-005
          5771.68     -1.1861369E-005
          5782.97     -1.2052046E-005
          5794.26     -1.2240258E-005
          5805.55     -1.2425630E-005
          5816.84     -1.2607767E-005
          5828.12     -1.2786251E-005
          5839.41     -1.2960639E-005
          5850.70     -1.3130464E-005
          5861.99     -1.3295231E-005
          5873.28     -1.3454421E-005
          5884.57     -1.3607484E-005
          5895.86     -1.3753844E-005
          5907.15     -1.3892887E-005
          5918.44     -1.4023723E-005
          5929.73     -1.4145665E-005
          5941.02     -1.4257995E-005
          5952.30     -1.4359962E-005
          5963.59     -1.4450781E-005
          5974.88     -1.4529577E-005
          5986.17     -1.4595421E-005
          5997.46     -1.4647409E-005
          6008.75     -1.4684602E-005
          6020.04     -1.4706022E-005
          6031.33     -1.4711030E-005
          6042.62     -1.4698579E-005
          6053.91     -1.4667577E-005
          6065.20     -1.4616880E-005
          6076.48     -1.4545428E-005
          6087.77     -1.4452083E-005
          6099.06     -1.4335550E-005
          6110.35     -1.4194476E-005
          6121.64     -1.4027367E-005
          6132.93     -1.3832277E-005
          6144.22     -1.3607644E-005
          6155.51     -1.3352035E-005
          6166.80     -1.3063785E-005
          6178.09     -1.2741597E-005
          6189.38     -1.2383846E-005
          6200.66     -1.1988647E-005
          6211.95     -1.1554035E-005
          6223.24     -1.1077950E-005
          6234.53     -1.0558242E-005
          6245.82     -9.9926706E-006
          6257.11     -9.3788929E-006
          6268.40     -8.7144720E-006
          6279.69     -7.9969038E-006
          6290.98     -7.2235446E-006
          6302.27     -6.3916203E-006
          6313.55     -5.4982446E-006
          6324.84     -4.5404240E-006
          6336.13     -3.5150405E-006
          6347.42     -2.4188135E-006
          6358.71     -1.2483306E-006
          6370.00      4.4316018E-039
