          3480.00     -5.4412119E-039
          3491.29     -4.2769491E-008
          3502.58     -8.5453333E-008
          3513.87     -1.2807063E-007
          3525.16     -1.7063995E-007
          3536.45     -2.1317960E-007
          3547.73     -2.5570751E-007
          3559.02     -2.9824112E-007
          3570.31     -3.4079764E-007
          3581.60     -3.8339391E-007
          3592.89     -4.2604643E-007
          3604.18     -4.6876954E-007
          3615.47     -5.1157529E-007
          3626.76     -5.5447829E-007
          3638.05     -5.9749289E-007
          3649.34     -6.4063305E-007
          3660.62     -6.8391260E-007
          3671.91     -7.2734503E-007
          3683.20     -7.7094360E-007
          3694.49     -8.1472136E-007
          3705.78     -8.5869103E-007
          3717.07     -9.0286517E-007
          3728.36     -9.4725614E-007
          3739.65     -9.9187596E-007
          3750.94     -1.0367366E-006
          3762.23     -1.0818496E-006
          3773.52     -1.1272265E-006
          3784.80     -1.1728786E-006
          3796.09     -1.2188171E-006
          3807.38     -1.2650544E-006
          3818.67     -1.3116014E-006
          3829.96     -1.3584688E-006
          3841.25     -1.4056670E-006
          3852.54     -1.4532064E-006
          3863.83     -1.5010969E-006
          3875.12     -1.5493487E-006
          3886.41     -1.5979713E-006
          3897.70     -1.6469743E-006
          3908.98     -1.6963673E-006
          3920.27     -1.7461593E-006
          3931.56     -1.7963594E-006
          3942.85     -1.8469765E-006
          3954.14     -1.8980213E-006
          3965.43     -1.9495029E-006
          3976.72     -2.0014299E-006
          3988.01     -2.0538107E-006
          3999.30     -2.1066534E-006
          4010.59     -2.1599662E-006
          4021.88     -2.2137569E-006
          4033.16     -2.2680332E-006
          4044.45     -2.3228027E-006
          4055.74     -2.3780729E-006
          4067.03     -2.4338508E-006
          4078.32     -2.4901435E-006
          4089.61     -2.5469581E-006
          4100.90     -2.6043009E-006
          4112.19     -2.6621789E-006
          4123.48     -2.7205982E-006
          4134.77     -2.7795651E-006
          4146.05     -2.8390856E-006
          4157.34     -2.8991653E-006
          4168.63     -2.9598100E-006
          4179.92     -3.0210250E-006
          4191.21     -3.0828156E-006
          4202.50     -3.1451869E-006
          4213.79     -3.2081435E-006
          4225.08     -3.2716902E-006
          4236.37     -3.3358315E-006
          4247.66     -3.4005713E-006
          4258.95     -3.4659132E-006
          4270.23     -3.5318612E-006
          4281.52     -3.5984186E-006
          4292.81     -3.6655887E-006
          4304.10     -3.7333748E-006
          4315.39     -3.8017795E-006
          4326.68     -3.8708056E-006
          4337.97     -3.9404552E-006
          4349.26     -4.0107306E-006
          4360.55     -4.0816337E-006
          4371.84     -4.1531736E-006
          4383.12     -4.2253442E-006
          4394.41     -4.2981465E-006
          4405.70     -4.3715803E-006
          4416.99     -4.4456461E-006
          4428.28     -4.5203441E-006
          4439.57     -4.5956740E-006
          4450.86     -4.6716356E-006
          4462.15     -4.7482279E-006
          4473.44     -4.8254500E-006
          4484.73     -4.9033005E-006
          4496.02     -4.9817776E-006
          4507.30     -5.0608793E-006
          4518.59     -5.1406032E-006
          4529.88     -5.2209464E-006
          4541.17     -5.3019062E-006
          4552.46     -5.3834790E-006
          4563.75     -5.4656615E-006
          4575.04     -5.5484493E-006
          4586.33     -5.6318379E-006
          4597.62     -5.7158223E-006
          4608.91     -5.8003971E-006
          4620.20     -5.8855564E-006
          4631.48     -5.9712942E-006
          4642.77     -6.0576036E-006
          4654.06     -6.1444775E-006
          4665.35     -6.2319085E-006
          4676.64     -6.3198885E-006
          4687.93     -6.4084090E-006
          4699.22     -6.4974609E-006
          4710.51     -6.5870347E-006
          4721.80     -6.6771204E-006
          4733.09     -6.7677075E-006
          4744.38     -6.8587850E-006
          4755.66     -6.9503414E-006
          4766.95     -7.0423645E-006
          4778.24     -7.1348418E-006
          4789.53     -7.2277598E-006
          4800.82     -7.3211050E-006
          4812.11     -7.4148630E-006
          4823.40     -7.5090186E-006
          4834.69     -7.6035563E-006
          4845.98     -7.6984599E-006
          4857.27     -7.7937108E-006
          4868.55     -7.8892917E-006
          4879.84     -7.9851841E-006
          4891.13     -8.0813691E-006
          4902.42     -8.1778272E-006
          4913.71     -8.2745380E-006
          4925.00     -8.3714804E-006
          4936.29     -8.4686327E-006
          4947.58     -8.5659724E-006
          4958.87     -8.6634763E-006
          4970.16     -8.7611201E-006
          4981.45     -8.8588791E-006
          4992.73     -8.9567276E-006
          5004.02     -9.0546370E-006
          5015.31     -9.1525792E-006
          5026.60     -9.2505262E-006
          5037.89     -9.3484486E-006
          5049.18     -9.4463167E-006
          5060.47     -9.5440993E-006
          5071.76     -9.6417647E-006
          5083.05     -9.7392801E-006
          5094.34     -9.8366117E-006
          5105.62     -9.9337249E-006
          5116.91     -1.0030584E-005
          5128.20     -1.0127153E-005
          5139.49     -1.0223393E-005
          5150.78     -1.0319264E-005
          5162.07     -1.0414726E-005
          5173.36     -1.0509736E-005
          5184.65     -1.0604253E-005
          5195.94     -1.0698235E-005
          5207.23     -1.0791636E-005
          5218.52     -1.0884411E-005
          5229.80     -1.0976513E-005
          5241.09     -1.1067895E-005
          5252.38     -1.1158508E-005
          5263.67     -1.1248302E-005
          5274.96     -1.1337224E-005
          5286.25     -1.1425222E-005
          5297.54     -1.1512242E-005
          5308.83     -1.1598226E-005
          5320.12     -1.1683116E-005
          5331.41     -1.1766854E-005
          5342.70     -1.1849382E-005
          5353.98     -1.1930637E-005
          5365.27     -1.2010558E-005
          5376.56     -1.2089083E-005
          5387.85     -1.2166144E-005
          5399.14     -1.2241673E-005
          5410.43     -1.2315602E-005
          5421.72     -1.2387863E-005
          5433.01     -1.2458382E-005
          5444.30     -1.2527087E-005
          5455.59     -1.2593898E-005
          5466.88     -1.2658737E-005
          5478.16     -1.2721525E-005
          5489.45     -1.2782184E-005
          5500.74     -1.2840632E-005
          5512.03     -1.2896785E-005
          5523.32     -1.2950558E-005
          5534.61     -1.3001865E-005
          5545.90     -1.3050617E-005
          5557.19     -1.3096723E-005
          5568.48     -1.3140090E-005
          5579.77     -1.3180520E-005
          5591.05     -1.3217895E-005
          5602.34     -1.3252115E-005
          5613.63     -1.3283077E-005
          5624.92     -1.3310675E-005
          5636.21     -1.3334803E-005
          5647.50     -1.3355351E-005
          5658.79     -1.3372210E-005
          5670.08     -1.3385259E-005
          5681.37     -1.3393596E-005
          5692.66     -1.3397085E-005
          5703.95     -1.3395589E-005
          5715.23     -1.3388969E-005
          5726.52     -1.3377087E-005
          5737.81     -1.3359801E-005
          5749.10     -1.3336969E-005
          5760.39     -1.3308448E-005
          5771.68     -1.3274093E-005
          5782.97     -1.3233830E-005
          5794.26     -1.3188294E-005
          5805.55     -1.3137353E-005
          5816.84     -1.3080874E-005
          5828.12     -1.3018722E-005
          5839.41     -1.2950758E-005
          5850.70     -1.2876842E-005
          5861.99     -1.2796831E-005
          5873.28     -1.2710580E-005
          5884.57     -1.2617941E-005
          5895.86     -1.2518765E-005
          5907.15     -1.2412895E-005
          5918.44     -1.2299835E-005
          5929.73     -1.2179423E-005
          5941.02     -1.2051492E-005
          5952.30     -1.1915875E-005
          5963.59     -1.1772403E-005
          5974.88     -1.1620837E-005
          5986.17     -1.1460914E-005
          5997.46     -1.1292456E-005
          6008.75     -1.1115282E-005
          6020.04     -1.0929259E-005
          6031.33     -1.0734564E-005
          6042.62     -1.0531064E-005
          6053.91     -1.0318577E-005
          6065.20     -1.0096918E-005
          6076.48     -9.8660545E-006
          6087.77     -9.6259137E-006
          6099.06     -9.3763064E-006
          6110.35     -9.1170404E-006
          6121.64     -8.8478346E-006
          6132.93     -8.5679866E-006
          6144.22     -8.2772881E-006
          6155.51     -7.9757336E-006
          6166.80     -7.6631271E-006
          6178.09     -7.3397281E-006
          6189.38     -7.0055133E-006
          6200.66     -6.6602670E-006
          6211.95     -6.3037703E-006
          6223.24     -5.9357987E-006
          6234.53     -5.5561210E-006
          6245.82     -5.1645070E-006
          6257.11     -4.7607173E-006
          6268.40     -4.3445146E-006
          6279.69     -3.9156946E-006
          6290.98     -3.4740170E-006
          6302.27     -3.0192194E-006
          6313.55     -2.5510400E-006
          6324.84     -2.0692239E-006
          6336.13     -1.5735130E-006
          6347.42     -1.0636123E-006
          6358.71     -5.3922237E-007
          6370.00     -1.9463320E-043
