          3480.00     -8.8033951E-037
          3491.29     -3.0956296E-008
          3502.58     -6.1860031E-008
          3513.87     -9.2729303E-008
          3525.16     -1.2358177E-007
          3536.45     -1.5443481E-007
          3547.73     -1.8530550E-007
          3559.02     -2.1621048E-007
          3570.31     -2.4716621E-007
          3581.60     -2.7818880E-007
          3592.89     -3.0929410E-007
          3604.18     -3.4049649E-007
          3615.47     -3.7180867E-007
          3626.76     -4.0324504E-007
          3638.05     -4.3481979E-007
          3649.34     -4.6654677E-007
          3660.62     -4.9843973E-007
          3671.91     -5.3051217E-007
          3683.20     -5.6277740E-007
          3694.49     -5.9524857E-007
          3705.78     -6.2793858E-007
          3717.07     -6.6086020E-007
          3728.36     -6.9402608E-007
          3739.65     -7.2744858E-007
          3750.94     -7.6114002E-007
          3762.23     -7.9511252E-007
          3773.52     -8.2937806E-007
          3784.80     -8.6394850E-007
          3796.09     -8.9883560E-007
          3807.38     -9.3405211E-007
          3818.67     -9.6960964E-007
          3829.96     -1.0055196E-006
          3841.25     -1.0417932E-006
          3852.54     -1.0784418E-006
          3863.83     -1.1154764E-006
          3875.12     -1.1529080E-006
          3886.41     -1.1907474E-006
          3897.70     -1.2290053E-006
          3908.98     -1.2676925E-006
          3920.27     -1.3068195E-006
          3931.56     -1.3463965E-006
          3942.85     -1.3864341E-006
          3954.14     -1.4269437E-006
          3965.43     -1.4679360E-006
          3976.72     -1.5094210E-006
          3988.01     -1.5514089E-006
          3999.30     -1.5939097E-006
          4010.59     -1.6369330E-006
          4021.88     -1.6804888E-006
          4033.16     -1.7245866E-006
          4044.45     -1.7692360E-006
          4055.74     -1.8144465E-006
          4067.03     -1.8602273E-006
          4078.32     -1.9065878E-006
          4089.61     -1.9535370E-006
          4100.90     -2.0010840E-006
          4112.19     -2.0492379E-006
          4123.48     -2.0980073E-006
          4134.77     -2.1474010E-006
          4146.05     -2.1974277E-006
          4157.34     -2.2480956E-006
          4168.63     -2.2994132E-006
          4179.92     -2.3513887E-006
          4191.21     -2.4040301E-006
          4202.50     -2.4573455E-006
          4213.79     -2.5113426E-006
          4225.08     -2.5660291E-006
          4236.37     -2.6214126E-006
          4247.66     -2.6775003E-006
          4258.95     -2.7342991E-006
          4270.23     -2.7918163E-006
          4281.52     -2.8500586E-006
          4292.81     -2.9090327E-006
          4304.10     -2.9687454E-006
          4315.39     -3.0292028E-006
          4326.68     -3.0904113E-006
          4337.97     -3.1523768E-006
          4349.26     -3.2151052E-006
          4360.55     -3.2786022E-006
          4371.84     -3.3428790E-006
          4383.12     -3.4079351E-006
          4394.41     -3.4737753E-006
          4405.70     -3.5404038E-006
          4416.99     -3.6078252E-006
          4428.28     -3.6760435E-006
          4439.57     -3.7450627E-006
          4450.86     -3.8148868E-006
          4462.15     -3.8855190E-006
          4473.44     -3.9569626E-006
          4484.73     -4.0292206E-006
          4496.02     -4.1022955E-006
          4507.30     -4.1761898E-006
          4518.59     -4.2509053E-006
          4529.88     -4.3264439E-006
          4541.17     -4.4028069E-006
          4552.46     -4.4799957E-006
          4563.75     -4.5580110E-006
          4575.04     -4.6368533E-006
          4586.33     -4.7165226E-006
          4597.62     -4.7970186E-006
          4608.91     -4.8783403E-006
          4620.20     -4.9604867E-006
          4631.48     -5.0434563E-006
          4642.77     -5.1272469E-006
          4654.06     -5.2118563E-006
          4665.35     -5.2972814E-006
          4676.64     -5.3835190E-006
          4687.93     -5.4705654E-006
          4699.22     -5.5584160E-006
          4710.51     -5.6470661E-006
          4721.80     -5.7365103E-006
          4733.09     -5.8267428E-006
          4744.38     -5.9177572E-006
          4755.66     -6.0095466E-006
          4766.95     -6.1021034E-006
          4778.24     -6.1954197E-006
          4789.53     -6.2894866E-006
          4800.82     -6.3842949E-006
          4812.11     -6.4798347E-006
          4823.40     -6.5760953E-006
          4834.69     -6.6730655E-006
          4845.98     -6.7707332E-006
          4857.27     -6.8690846E-006
          4868.55     -6.9681064E-006
          4879.84     -7.0677841E-006
          4891.13     -7.1681030E-006
          4902.42     -7.2690476E-006
          4913.71     -7.3706011E-006
          4925.00     -7.4727463E-006
          4936.29     -7.5754651E-006
          4947.58     -7.6787386E-006
          4958.87     -7.7825472E-006
          4970.16     -7.8868697E-006
          4981.45     -7.9916846E-006
          4992.73     -8.0969696E-006
          5004.02     -8.2026990E-006
          5015.31     -8.3088477E-006
          5026.60     -8.4153903E-006
          5037.89     -8.5223000E-006
          5049.18     -8.6295493E-006
          5060.47     -8.7371091E-006
          5071.76     -8.8449499E-006
          5083.05     -8.9530406E-006
          5094.34     -9.0613490E-006
          5105.62     -9.1698418E-006
          5116.91     -9.2784846E-006
          5128.20     -9.3872416E-006
          5139.49     -9.4960760E-006
          5150.78     -9.6049480E-006
          5162.07     -9.7138167E-006
          5173.36     -9.8226412E-006
          5184.65     -9.9313790E-006
          5195.94     -1.0039987E-005
          5207.23     -1.0148418E-005
          5218.52     -1.0256628E-005
          5229.80     -1.0364568E-005
          5241.09     -1.0472188E-005
          5252.38     -1.0579436E-005
          5263.67     -1.0686262E-005
          5274.96     -1.0792609E-005
          5286.25     -1.0898422E-005
          5297.54     -1.1003642E-005
          5308.83     -1.1108209E-005
          5320.12     -1.1212060E-005
          5331.41     -1.1315134E-005
          5342.70     -1.1417364E-005
          5353.98     -1.1518685E-005
          5365.27     -1.1619027E-005
          5376.56     -1.1718323E-005
          5387.85     -1.1816497E-005
          5399.14     -1.1913475E-005
          5410.43     -1.2009181E-005
          5421.72     -1.2103535E-005
          5433.01     -1.2196457E-005
          5444.30     -1.2287865E-005
          5455.59     -1.2377668E-005
          5466.88     -1.2465777E-005
          5478.16     -1.2552103E-005
          5489.45     -1.2636555E-005
          5500.74     -1.2719037E-005
          5512.03     -1.2799453E-005
          5523.32     -1.2877704E-005
          5534.61     -1.2953689E-005
          5545.90     -1.3027302E-005
          5557.19     -1.3098437E-005
          5568.48     -1.3166984E-005
          5579.77     -1.3232732E-005
          5591.05     -1.3295547E-005
          5602.34     -1.3355307E-005
          5613.63     -1.3411889E-005
          5624.92     -1.3465167E-005
          5636.21     -1.3515010E-005
          5647.50     -1.3561289E-005
          5658.79     -1.3603866E-005
          5670.08     -1.3642600E-005
          5681.37     -1.3676593E-005
          5692.66     -1.3705680E-005
          5703.95     -1.3729695E-005
          5715.23     -1.3748469E-005
          5726.52     -1.3761830E-005
          5737.81     -1.3769606E-005
          5749.10     -1.3771621E-005
          5760.39     -1.3767697E-005
          5771.68     -1.3757654E-005
          5782.97     -1.3741382E-005
          5794.26     -1.3719455E-005
          5805.55     -1.3691706E-005
          5816.84     -1.3657966E-005
          5828.12     -1.3618060E-005
          5839.41     -1.3571813E-005
          5850.70     -1.3519044E-005
          5861.99     -1.3459567E-005
          5873.28     -1.3393196E-005
          5884.57     -1.3319739E-005
          5895.86     -1.3239001E-005
          5907.15     -1.3150777E-005
          5918.44     -1.3054531E-005
          5929.73     -1.2950049E-005
          5941.02     -1.2837113E-005
          5952.30     -1.2715503E-005
          5963.59     -1.2584994E-005
          5974.88     -1.2445295E-005
          5986.17     -1.2296084E-005
          5997.46     -1.2137125E-005
          6008.75     -1.1968177E-005
          6020.04     -1.1788999E-005
          6031.33     -1.1599795E-005
          6042.62     -1.1400321E-005
          6053.91     -1.1190332E-005
          6065.20     -1.0969576E-005
          6076.48     -1.0737952E-005
          6087.77     -1.0495316E-005
          6099.06     -1.0241409E-005
          6110.35     -9.9759650E-006
          6121.64     -9.6986281E-006
          6132.93     -9.4086211E-006
          6144.22     -9.1056506E-006
          6155.51     -8.7896322E-006
          6166.80     -8.4602872E-006
          6178.09     -8.1177914E-006
          6189.38     -7.7620361E-006
          6200.66     -7.3927174E-006
          6211.95     -7.0095262E-006
          6223.24     -6.6121450E-006
          6234.53     -6.2002472E-006
          6245.82     -5.7735049E-006
          6257.11     -5.3315780E-006
          6268.40     -4.8741263E-006
          6279.69     -4.4008402E-006
          6290.98     -3.9113708E-006
          6302.27     -3.4053450E-006
          6313.55     -2.8823865E-006
          6324.84     -2.3421241E-006
          6336.13     -1.7841797E-006
          6347.42     -1.2081356E-006
          6358.71     -6.1356652E-007
          6370.00      4.1769164E-039
