          3480.00      3.3551551E-031
          3491.29     -3.3151712E-012
          3502.58     -6.6425202E-012
          3513.87     -1.0005956E-011
          3525.16     -1.3429225E-011
          3536.45     -1.6936104E-011
          3547.73     -2.0550551E-011
          3559.02     -2.4296864E-011
          3570.31     -2.8199859E-011
          3581.60     -3.2285012E-011
          3592.89     -3.6578623E-011
          3604.18     -4.1107980E-011
          3615.47     -4.5901502E-011
          3626.76     -5.0988923E-011
          3638.05     -5.6401455E-011
          3649.34     -6.2171938E-011
          3660.62     -6.8335048E-011
          3671.91     -7.4927462E-011
          3683.20     -8.1988053E-011
          3694.49     -8.9558096E-011
          3705.78     -9.7681446E-011
          3717.07     -1.0640480E-010
          3728.36     -1.1577792E-010
          3739.65     -1.2585381E-010
          3750.94     -1.3668907E-010
          3762.23     -1.4834409E-010
          3773.52     -1.6088337E-010
          3784.80     -1.7437581E-010
          3796.09     -1.8889500E-010
          3807.38     -2.0451962E-010
          3818.67     -2.2133376E-010
          3829.96     -2.3942724E-010
          3841.25     -2.5889613E-010
          3852.54     -2.7984308E-010
          3863.83     -3.0237781E-010
          3875.12     -3.2661759E-010
          3886.41     -3.5268767E-010
          3897.70     -3.8072196E-010
          3908.98     -4.1086349E-010
          3920.27     -4.4326499E-010
          3931.56     -4.7808965E-010
          3942.85     -5.1551168E-010
          3954.14     -5.5571711E-010
          3965.43     -5.9890453E-010
          3976.72     -6.4528576E-010
          3988.01     -6.9508697E-010
          3999.30     -7.4854944E-010
          4010.59     -8.0593036E-010
          4021.88     -8.6750416E-010
          4033.16     -9.3356339E-010
          4044.45     -1.0044199E-009
          4055.74     -1.0804060E-009
          4067.03     -1.1618758E-009
          4078.32     -1.2492066E-009
          4089.61     -1.3428001E-009
          4100.90     -1.4430841E-009
          4112.19     -1.5505140E-009
          4123.48     -1.6655746E-009
          4134.77     -1.7887819E-009
          4146.05     -1.9206847E-009
          4157.34     -2.0618666E-009
          4168.63     -2.2129485E-009
          4179.92     -2.3745906E-009
          4191.21     -2.5474943E-009
          4202.50     -2.7324055E-009
          4213.79     -2.9301163E-009
          4225.08     -3.1414685E-009
          4236.37     -3.3673560E-009
          4247.66     -3.6087278E-009
          4258.95     -3.8665914E-009
          4270.23     -4.1420167E-009
          4281.52     -4.4361379E-009
          4292.81     -4.7501592E-009
          4304.10     -5.0853575E-009
          4315.39     -5.4430868E-009
          4326.68     -5.8247831E-009
          4337.97     -6.2319675E-009
          4349.26     -6.6662528E-009
          4360.55     -7.1293479E-009
          4371.84     -7.6230618E-009
          4383.12     -8.1493114E-009
          4394.41     -8.7101259E-009
          4405.70     -9.3076533E-009
          4416.99     -9.9441676E-009
          4428.28     -1.0622073E-008
          4439.57     -1.1343914E-008
          4450.86     -1.2112383E-008
          4462.15     -1.2930324E-008
          4473.44     -1.3800745E-008
          4484.73     -1.4726826E-008
          4496.02     -1.5711925E-008
          4507.30     -1.6759592E-008
          4518.59     -1.7873573E-008
          4529.88     -1.9057826E-008
          4541.17     -2.0316530E-008
          4552.46     -2.1654093E-008
          4563.75     -2.3075167E-008
          4575.04     -2.4584662E-008
          4586.33     -2.6187754E-008
          4597.62     -2.7889902E-008
          4608.91     -2.9696859E-008
          4620.20     -3.1614690E-008
          4631.48     -3.3649787E-008
          4642.77     -3.5808878E-008
          4654.06     -3.8099054E-008
          4665.35     -4.0527780E-008
          4676.64     -4.3102914E-008
          4687.93     -4.5832727E-008
          4699.22     -4.8725916E-008
          4710.51     -5.1791633E-008
          4721.80     -5.5039507E-008
          4733.09     -5.8479649E-008
          4744.38     -6.2122696E-008
          4755.66     -6.5979822E-008
          4766.95     -7.0062768E-008
          4778.24     -7.4383865E-008
          4789.53     -7.8956051E-008
          4800.82     -8.3792915E-008
          4812.11     -8.8908722E-008
          4823.40     -9.4318419E-008
          4834.69     -1.0003770E-007
          4845.98     -1.0608301E-007
          4857.27     -1.1247160E-007
          4868.55     -1.1922154E-007
          4879.84     -1.2635174E-007
          4891.13     -1.3388203E-007
          4902.42     -1.4183318E-007
          4913.71     -1.5022689E-007
          4925.00     -1.5908589E-007
          4936.29     -1.6843396E-007
          4947.58     -1.7829595E-007
          4958.87     -1.8869787E-007
          4970.16     -1.9966685E-007
          4981.45     -2.1123127E-007
          4992.73     -2.2342075E-007
          5004.02     -2.3626620E-007
          5015.31     -2.4979990E-007
          5026.60     -2.6405551E-007
          5037.89     -2.7906815E-007
          5049.18     -2.9487441E-007
          5060.47     -3.1151239E-007
          5071.76     -3.2902183E-007
          5083.05     -3.4744410E-007
          5094.34     -3.6682220E-007
          5105.62     -3.8720091E-007
          5116.91     -4.0862680E-007
          5128.20     -4.3114826E-007
          5139.49     -4.5481559E-007
          5150.78     -4.7968096E-007
          5162.07     -5.0579860E-007
          5173.36     -5.3322475E-007
          5184.65     -5.6201767E-007
          5195.94     -5.9223782E-007
          5207.23     -6.2394780E-007
          5218.52     -6.5721242E-007
          5229.80     -6.9209875E-007
          5241.09     -7.2867610E-007
          5252.38     -7.6701615E-007
          5263.67     -8.0719295E-007
          5274.96     -8.4928282E-007
          5286.25     -8.9336461E-007
          5297.54     -9.3951952E-007
          5308.83     -9.8783119E-007
          5320.12     -1.0383857E-006
          5331.41     -1.0912716E-006
          5342.70     -1.1465798E-006
          5353.98     -1.2044037E-006
          5365.27     -1.2648389E-006
          5376.56     -1.3279837E-006
          5387.85     -1.3939382E-006
          5399.14     -1.4628053E-006
          5410.43     -1.5346898E-006
          5421.72     -1.6096983E-006
          5433.01     -1.6879400E-006
          5444.30     -1.7695255E-006
          5455.59     -1.8545672E-006
          5466.88     -1.9431791E-006
          5478.16     -2.0354768E-006
          5489.45     -2.1315767E-006
          5500.74     -2.2315966E-006
          5512.03     -2.3356545E-006
          5523.32     -2.4438692E-006
          5534.61     -2.5563597E-006
          5545.90     -2.6732441E-006
          5557.19     -2.7946406E-006
          5568.48     -2.9206660E-006
          5579.77     -3.0514355E-006
          5591.05     -3.1870626E-006
          5602.34     -3.3276577E-006
          5613.63     -3.4733282E-006
          5624.92     -3.6241779E-006
          5636.21     -3.7803052E-006
          5647.50     -3.9418038E-006
          5658.79     -4.1087607E-006
          5670.08     -4.2812559E-006
          5681.37     -4.4593610E-006
          5692.66     -4.6431380E-006
          5703.95     -4.8326386E-006
          5715.23     -5.0279028E-006
          5726.52     -5.2289566E-006
          5737.81     -5.4358121E-006
          5749.10     -5.6484645E-006
          5760.39     -5.8668909E-006
          5771.68     -6.0910489E-006
          5782.97     -6.3208730E-006
          5794.26     -6.5562745E-006
          5805.55     -6.7971379E-006
          5816.84     -7.0433181E-006
          5828.12     -7.2946389E-006
          5839.41     -7.5508893E-006
          5850.70     -7.8118207E-006
          5861.99     -8.0771437E-006
          5873.28     -8.3465238E-006
          5884.57     -8.6195786E-006
          5895.86     -8.8958739E-006
          5907.15     -9.1749179E-006
          5918.44     -9.4561584E-006
          5929.73     -9.7389768E-006
          5941.02     -1.0022683E-005
          5952.30     -1.0306512E-005
          5963.59     -1.0589612E-005
          5974.88     -1.0871045E-005
          5986.17     -1.1149777E-005
          5997.46     -1.1424670E-005
          6008.75     -1.1694475E-005
          6020.04     -1.1957826E-005
          6031.33     -1.2213227E-005
          6042.62     -1.2459047E-005
          6053.91     -1.2693508E-005
          6065.20     -1.2914675E-005
          6076.48     -1.3120446E-005
          6087.77     -1.3308538E-005
          6099.06     -1.3476477E-005
          6110.35     -1.3621584E-005
          6121.64     -1.3740960E-005
          6132.93     -1.3831474E-005
          6144.22     -1.3889741E-005
          6155.51     -1.3912114E-005
          6166.80     -1.3894661E-005
          6178.09     -1.3833144E-005
          6189.38     -1.3723008E-005
          6200.66     -1.3559349E-005
          6211.95     -1.3336901E-005
          6223.24     -1.3050006E-005
          6234.53     -1.2692594E-005
          6245.82     -1.2258153E-005
          6257.11     -1.1739704E-005
          6268.40     -1.1129768E-005
          6279.69     -1.0420340E-005
          6290.98     -9.6028512E-006
          6302.27     -8.6681363E-006
          6313.55     -7.6063963E-006
          6324.84     -6.4071630E-006
          6336.13     -5.0592522E-006
          6347.42     -3.5507230E-006
          6358.71     -1.8688365E-006
          6370.00     -4.4393781E-055
