          3480.00      4.1353583E-034
          3491.29     -1.6522072E-009
          3502.58     -3.3051218E-009
          3513.87     -4.9622659E-009
          3525.16     -6.6271087E-009
          3536.45     -8.3030832E-009
          3547.73     -9.9935900E-009
          3559.02     -1.1702000E-008
          3570.31     -1.3431670E-008
          3581.60     -1.5185946E-008
          3592.89     -1.6968167E-008
          3604.18     -1.8781624E-008
          3615.47     -2.0629545E-008
          3626.76     -2.2515256E-008
          3638.05     -2.4442104E-008
          3649.34     -2.6413452E-008
          3660.62     -2.8432701E-008
          3671.91     -3.0503285E-008
          3683.20     -3.2628679E-008
          3694.49     -3.4812404E-008
          3705.78     -3.7058029E-008
          3717.07     -3.9369181E-008
          3728.36     -4.1749551E-008
          3739.65     -4.4202885E-008
          3750.94     -4.6733009E-008
          3762.23     -4.9343817E-008
          3773.52     -5.2039285E-008
          3784.80     -5.4823474E-008
          3796.09     -5.7700533E-008
          3807.38     -6.0674770E-008
          3818.67     -6.3750534E-008
          3829.96     -6.6932269E-008
          3841.25     -7.0224533E-008
          3852.54     -7.3631990E-008
          3863.83     -7.7159424E-008
          3875.12     -8.0811739E-008
          3886.41     -8.4593953E-008
          3897.70     -8.8511223E-008
          3908.98     -9.2568842E-008
          3920.27     -9.6772228E-008
          3931.56     -1.0112695E-007
          3942.85     -1.0563872E-007
          3954.14     -1.1031351E-007
          3965.43     -1.1515738E-007
          3976.72     -1.2017651E-007
          3988.01     -1.2537728E-007
          3999.30     -1.3076622E-007
          4010.59     -1.3635004E-007
          4021.88     -1.4213563E-007
          4033.16     -1.4813006E-007
          4044.45     -1.5434061E-007
          4055.74     -1.6077473E-007
          4067.03     -1.6744008E-007
          4078.32     -1.7434452E-007
          4089.61     -1.8149613E-007
          4100.90     -1.8890319E-007
          4112.19     -1.9657421E-007
          4123.48     -2.0451793E-007
          4134.77     -2.1274329E-007
          4146.05     -2.2125950E-007
          4157.34     -2.3007598E-007
          4168.63     -2.3920239E-007
          4179.92     -2.4864868E-007
          4191.21     -2.5842500E-007
          4202.50     -2.6854179E-007
          4213.79     -2.7900974E-007
          4225.08     -2.8983983E-007
          4236.37     -3.0104329E-007
          4247.66     -3.1263161E-007
          4258.95     -3.2461657E-007
          4270.23     -3.3701026E-007
          4281.52     -3.4982502E-007
          4292.81     -3.6307353E-007
          4304.10     -3.7676877E-007
          4315.39     -3.9092400E-007
          4326.68     -4.0555283E-007
          4337.97     -4.2066913E-007
          4349.26     -4.3628712E-007
          4360.55     -4.5242137E-007
          4371.84     -4.6908747E-007
          4383.12     -4.8629991E-007
          4394.41     -5.0407423E-007
          4405.70     -5.2242620E-007
          4416.99     -5.4137204E-007
          4428.28     -5.6092827E-007
          4439.57     -5.8111181E-007
          4450.86     -6.0193991E-007
          4462.15     -6.2343014E-007
          4473.44     -6.4560048E-007
          4484.73     -6.6846924E-007
          4496.02     -6.9205510E-007
          4507.30     -7.1637713E-007
          4518.59     -7.4145467E-007
          4529.88     -7.6730752E-007
          4541.17     -7.9395584E-007
          4552.46     -8.2142013E-007
          4563.75     -8.4972130E-007
          4575.04     -8.7888061E-007
          4586.33     -9.0891965E-007
          4597.62     -9.3986041E-007
          4608.91     -9.7172518E-007
          4620.20     -1.0045367E-006
          4631.48     -1.0383180E-006
          4642.77     -1.0730925E-006
          4654.06     -1.1088839E-006
          4665.35     -1.1457165E-006
          4676.64     -1.1836145E-006
          4687.93     -1.2226029E-006
          4699.22     -1.2627066E-006
          4710.51     -1.3039512E-006
          4721.80     -1.3463624E-006
          4733.09     -1.3899663E-006
          4744.38     -1.4347891E-006
          4755.66     -1.4808577E-006
          4766.95     -1.5281988E-006
          4778.24     -1.5768398E-006
          4789.53     -1.6268079E-006
          4800.82     -1.6781310E-006
          4812.11     -1.7308369E-006
          4823.40     -1.7849537E-006
          4834.69     -1.8405098E-006
          4845.98     -1.8975335E-006
          4857.27     -1.9560532E-006
          4868.55     -2.0160976E-006
          4879.84     -2.0776955E-006
          4891.13     -2.1408757E-006
          4902.42     -2.2056674E-006
          4913.71     -2.2720993E-006
          4925.00     -2.3402006E-006
          4936.29     -2.4100001E-006
          4947.58     -2.4815267E-006
          4958.87     -2.5548093E-006
          4970.16     -2.6298764E-006
          4981.45     -2.7067565E-006
          4992.73     -2.7854780E-006
          5004.02     -2.8660680E-006
          5015.31     -2.9485543E-006
          5026.60     -3.0329640E-006
          5037.89     -3.1193240E-006
          5049.18     -3.2076609E-006
          5060.47     -3.2980003E-006
          5071.76     -3.3903678E-006
          5083.05     -3.4847881E-006
          5094.34     -3.5812850E-006
          5105.62     -3.6798820E-006
          5116.91     -3.7806015E-006
          5128.20     -3.8834650E-006
          5139.49     -3.9884932E-006
          5150.78     -4.0957050E-006
          5162.07     -4.2051182E-006
          5173.36     -4.3167502E-006
          5184.65     -4.4306163E-006
          5195.94     -4.5467312E-006
          5207.23     -4.6651076E-006
          5218.52     -4.7857567E-006
          5229.80     -4.9086883E-006
          5241.09     -5.0339097E-006
          5252.38     -5.1614269E-006
          5263.67     -5.2912436E-006
          5274.96     -5.4233609E-006
          5286.25     -5.5577783E-006
          5297.54     -5.6944920E-006
          5308.83     -5.8334951E-006
          5320.12     -5.9747791E-006
          5331.41     -6.1183317E-006
          5342.70     -6.2641385E-006
          5353.98     -6.4121816E-006
          5365.27     -6.5624392E-006
          5376.56     -6.7148873E-006
          5387.85     -6.8694959E-006
          5399.14     -7.0262322E-006
          5410.43     -7.1850592E-006
          5421.72     -7.3459355E-006
          5433.01     -7.5088152E-006
          5444.30     -7.6736475E-006
          5455.59     -7.8403733E-006
          5466.88     -8.0089311E-006
          5478.16     -8.1792541E-006
          5489.45     -8.3512694E-006
          5500.74     -8.5248983E-006
          5512.03     -8.7000554E-006
          5523.32     -8.8766490E-006
          5534.61     -9.0545805E-006
          5545.90     -9.2337434E-006
          5557.19     -9.4140243E-006
          5568.48     -9.5953019E-006
          5579.77     -9.7773866E-006
          5591.05     -9.9601272E-006
          5602.34     -1.0143372E-005
          5613.63     -1.0326959E-005
          5624.92     -1.0510720E-005
          5636.21     -1.0694473E-005
          5647.50     -1.0878029E-005
          5658.79     -1.1061185E-005
          5670.08     -1.1243726E-005
          5681.37     -1.1424931E-005
          5692.66     -1.1604533E-005
          5703.95     -1.1782257E-005
          5715.23     -1.1957815E-005
          5726.52     -1.2130906E-005
          5737.81     -1.2301221E-005
          5749.10     -1.2468434E-005
          5760.39     -1.2632211E-005
          5771.68     -1.2792201E-005
          5782.97     -1.2948092E-005
          5794.26     -1.3100064E-005
          5805.55     -1.3247758E-005
          5816.84     -1.3390797E-005
          5828.12     -1.3528786E-005
          5839.41     -1.3661310E-005
          5850.70     -1.3787937E-005
          5861.99     -1.3908213E-005
          5873.28     -1.4021664E-005
          5884.57     -1.4127795E-005
          5895.86     -1.4226088E-005
          5907.15     -1.4316000E-005
          5918.44     -1.4396693E-005
          5929.73     -1.4467567E-005
          5941.02     -1.4527998E-005
          5952.30     -1.4577337E-005
          5963.59     -1.4614911E-005
          5974.88     -1.4639966E-005
          5986.17     -1.4651697E-005
          5997.46     -1.4649349E-005
          6008.75     -1.4632135E-005
          6020.04     -1.4599246E-005
          6031.33     -1.4550241E-005
          6042.62     -1.4484264E-005
          6053.91     -1.4400427E-005
          6065.20     -1.4297807E-005
          6076.48     -1.4175588E-005
          6087.77     -1.4032884E-005
          6099.06     -1.3868671E-005
          6110.35     -1.3681884E-005
          6121.64     -1.3471334E-005
          6132.93     -1.3235392E-005
          6144.22     -1.2972848E-005
          6155.51     -1.2682646E-005
          6166.80     -1.2363515E-005
          6178.09     -1.2014583E-005
          6189.38     -1.1634667E-005
          6200.66     -1.1222349E-005
          6211.95     -1.0776158E-005
          6223.24     -1.0294561E-005
          6234.53     -9.7759631E-006
          6245.82     -9.2187148E-006
          6257.11     -8.6210969E-006
          6268.40     -7.9813328E-006
          6279.69     -7.2976161E-006
          6290.98     -6.5680396E-006
          6302.27     -5.7906070E-006
          6313.55     -4.9632524E-006
          6324.84     -4.0838472E-006
          6336.13     -3.1501850E-006
          6347.42     -2.1599454E-006
          6358.71     -1.1107265E-006
          6370.00     -3.9098133E-039
