          3480.00      0.0000000E+000
          3491.29      3.2125215E+002
          3502.58      6.4333095E+002
          3513.87      9.6660662E+002
          3525.16      1.2914456E+003
          3536.45      1.6182129E+003
          3547.73      1.9472711E+003
          3559.02      2.2789806E+003
          3570.31      2.6137010E+003
          3581.60      2.9517909E+003
          3592.89      3.2936084E+003
          3604.18      3.6395113E+003
          3615.47      3.9898568E+003
          3626.76      4.3450036E+003
          3638.05      4.7053108E+003
          3649.34      5.0711378E+003
          3660.62      5.4428464E+003
          3671.91      5.8207994E+003
          3683.20      6.2053619E+003
          3694.49      6.5969015E+003
          3705.78      6.9957870E+003
          3717.07      7.4023913E+003
          3728.36      7.8170901E+003
          3739.65      8.2402617E+003
          3750.94      8.6722885E+003
          3762.23      9.1135567E+003
          3773.52      9.5644564E+003
          3784.80      1.0025382E+004
          3796.09      1.0496733E+004
          3807.38      1.0978912E+004
          3818.67      1.1472328E+004
          3829.96      1.1977394E+004
          3841.25      1.2494530E+004
          3852.54      1.3024161E+004
          3863.83      1.3566716E+004
          3875.12      1.4122633E+004
          3886.41      1.4692353E+004
          3897.70      1.5276327E+004
          3908.98      1.5875009E+004
          3920.27      1.6488862E+004
          3931.56      1.7118355E+004
          3942.85      1.7763964E+004
          3954.14      1.8426174E+004
          3965.43      1.9105475E+004
          3976.72      1.9802366E+004
          3988.01      2.0517353E+004
          3999.30      2.1250951E+004
          4010.59      2.2003682E+004
          4021.88      2.2776077E+004
          4033.16      2.3568675E+004
          4044.45      2.4382024E+004
          4055.74      2.5216681E+004
          4067.03      2.6073208E+004
          4078.32      2.6952182E+004
          4089.61      2.7854184E+004
          4100.90      2.8779807E+004
          4112.19      2.9729652E+004
          4123.48      3.0704328E+004
          4134.77      3.1704458E+004
          4146.05      3.2730670E+004
          4157.34      3.3783603E+004
          4168.63      3.4863905E+004
          4179.92      3.5972236E+004
          4191.21      3.7109264E+004
          4202.50      3.8275666E+004
          4213.79      3.9472131E+004
          4225.08      4.0699357E+004
          4236.37      4.1958054E+004
          4247.66      4.3248936E+004
          4258.95      4.4572733E+004
          4270.23      4.5930185E+004
          4281.52      4.7322038E+004
          4292.81      4.8749049E+004
          4304.10      5.0211988E+004
          4315.39      5.1711633E+004
          4326.68      5.3248773E+004
          4337.97      5.4824202E+004
          4349.26      5.6438730E+004
          4360.55      5.8093175E+004
          4371.84      5.9788362E+004
          4383.12      6.1525127E+004
          4394.41      6.3304317E+004
          4405.70      6.5126786E+004
          4416.99      6.6993400E+004
          4428.28      6.8905028E+004
          4439.57      7.0862552E+004
          4450.86      7.2866866E+004
          4462.15      7.4918863E+004
          4473.44      7.7019450E+004
          4484.73      7.9169543E+004
          4496.02      8.1370062E+004
          4507.30      8.3621937E+004
          4518.59      8.5926101E+004
          4529.88      8.8283497E+004
          4541.17      9.0695074E+004
          4552.46      9.3161783E+004
          4563.75      9.5684584E+004
          4575.04      9.8264441E+004
          4586.33      1.0090232E+005
          4597.62      1.0359920E+005
          4608.91      1.0635606E+005
          4620.20      1.0917386E+005
          4631.48      1.1205359E+005
          4642.77      1.1499624E+005
          4654.06      1.1800278E+005
          4665.35      1.2107420E+005
          4676.64      1.2421149E+005
          4687.93      1.2741562E+005
          4699.22      1.3068758E+005
          4710.51      1.3402833E+005
          4721.80      1.3743887E+005
          4733.09      1.4092014E+005
          4744.38      1.4447312E+005
          4755.66      1.4809877E+005
          4766.95      1.5179803E+005
          4778.24      1.5557184E+005
          4789.53      1.5942113E+005
          4800.82      1.6334683E+005
          4812.11      1.6734984E+005
          4823.40      1.7143106E+005
          4834.69      1.7559135E+005
          4845.98      1.7983159E+005
          4857.27      1.8415263E+005
          4868.55      1.8855528E+005
          4879.84      1.9304035E+005
          4891.13      1.9760863E+005
          4902.42      2.0226087E+005
          4913.71      2.0699781E+005
          4925.00      2.1182014E+005
          4936.29      2.1672855E+005
          4947.58      2.2172368E+005
          4958.87      2.2680613E+005
          4970.16      2.3197649E+005
          4981.45      2.3723528E+005
          4992.73      2.4258301E+005
          5004.02      2.4802012E+005
          5015.31      2.5354701E+005
          5026.60      2.5916406E+005
          5037.89      2.6487157E+005
          5049.18      2.7066980E+005
          5060.47      2.7655893E+005
          5071.76      2.8253912E+005
          5083.05      2.8861045E+005
          5094.34      2.9477292E+005
          5105.62      3.0102648E+005
          5116.91      3.0737100E+005
          5128.20      3.1380628E+005
          5139.49      3.2033205E+005
          5150.78      3.2694792E+005
          5162.07      3.3365346E+005
          5173.36      3.4044813E+005
          5184.65      3.4733127E+005
          5195.94      3.5430217E+005
          5207.23      3.6135998E+005
          5218.52      3.6850375E+005
          5229.80      3.7573244E+005
          5241.09      3.8304485E+005
          5252.38      3.9043970E+005
          5263.67      3.9791556E+005
          5274.96      4.0547086E+005
          5286.25      4.1310391E+005
          5297.54      4.2081287E+005
          5308.83      4.2859575E+005
          5320.12      4.3645041E+005
          5331.41      4.4437453E+005
          5342.70      4.5236564E+005
          5353.98      4.6042109E+005
          5365.27      4.6853804E+005
          5376.56      4.7671348E+005
          5387.85      4.8494418E+005
          5399.14      4.9322672E+005
          5410.43      5.0155749E+005
          5421.72      5.0993262E+005
          5433.01      5.1834804E+005
          5444.30      5.2679944E+005
          5455.59      5.3528226E+005
          5466.88      5.4379170E+005
          5478.16      5.5232268E+005
          5489.45      5.6086988E+005
          5500.74      5.6942767E+005
          5512.03      5.7799015E+005
          5523.32      5.8655109E+005
          5534.61      5.9510400E+005
          5545.90      6.0364200E+005
          5557.19      6.1215795E+005
          5568.48      6.2064432E+005
          5579.77      6.2909324E+005
          5591.05      6.3749647E+005
          5602.34      6.4584539E+005
          5613.63      6.5413098E+005
          5624.92      6.6234384E+005
          5636.21      6.7047412E+005
          5647.50      6.7851155E+005
          5658.79      6.8644543E+005
          5670.08      6.9426457E+005
          5681.37      7.0195734E+005
          5692.66      7.0951158E+005
          5703.95      7.1691464E+005
          5715.23      7.2415336E+005
          5726.52      7.3121403E+005
          5737.81      7.3808237E+005
          5749.10      7.4474356E+005
          5760.39      7.5118215E+005
          5771.68      7.5738212E+005
          5782.97      7.6332678E+005
          5794.26      7.6899882E+005
          5805.55      7.7438027E+005
          5816.84      7.7945244E+005
          5828.12      7.8419595E+005
          5839.41      7.8859071E+005
          5850.70      7.9261583E+005
          5861.99      7.9624969E+005
          5873.28      7.9946985E+005
          5884.57      8.0225306E+005
          5895.86      8.0457522E+005
          5907.15      8.0641135E+005
          5918.44      8.0773559E+005
          5929.73      8.0852116E+005
          5941.02      8.0874031E+005
          5952.30      8.0836434E+005
          5963.59      8.0736354E+005
          5974.88      8.0570715E+005
          5986.17      8.0336336E+005
          5997.46      8.0029928E+005
          6008.75      7.9648088E+005
          6020.04      7.9187298E+005
          6031.33      7.8643921E+005
          6042.62      7.8014199E+005
          6053.91      7.7294248E+005
          6065.20      7.6480054E+005
          6076.48      7.5567471E+005
          6087.77      7.4552219E+005
          6099.06      7.3429875E+005
          6110.35      7.2195873E+005
          6121.64      7.0845501E+005
          6132.93      6.9373892E+005
          6144.22      6.7776029E+005
          6155.51      6.6046728E+005
          6166.80      6.4180643E+005
          6178.09      6.2172264E+005
          6189.38      6.0015901E+005
          6200.66      5.7705690E+005
          6211.95      5.5235583E+005
          6223.24      5.2599343E+005
          6234.53      4.9790546E+005
          6245.82      4.6802565E+005
          6257.11      4.3628569E+005
          6268.40      4.0261529E+005
          6279.69      3.6694193E+005
          6290.98      3.2919091E+005
          6302.27      2.8928533E+005
          6313.55      2.4714591E+005
          6324.84      2.0269113E+005
          6336.13      1.5583694E+005
          6347.42      1.0649679E+005
          6358.71      5.4581714E+004
          6370.00      2.1708471E-060
