          3480.00      5.6105943E-021
          3491.29      1.5708537E-001
          3502.58      3.1538758E-001
          3513.87      4.7589899E-001
          3525.16      6.3961396E-001
          3536.45      8.0753568E-001
          3547.73      9.8068181E-001
          3559.02      1.1600898E+000
          3570.31      1.3468238E+000
          3581.60      1.5419798E+000
          3592.89      1.7466919E+000
          3604.18      1.9621383E+000
          3615.47      2.1895468E+000
          3626.76      2.4302022E+000
          3638.05      2.6854520E+000
          3649.34      2.9567127E+000
          3660.62      3.2454778E+000
          3671.91      3.5533237E+000
          3683.20      3.8819180E+000
          3694.49      4.2330270E+000
          3705.78      4.6085228E+000
          3717.07      5.0103936E+000
          3728.36      5.4407518E+000
          3739.65      5.9018419E+000
          3750.94      6.3960529E+000
          3762.23      6.9259268E+000
          3773.52      7.4941704E+000
          3784.80      8.1036668E+000
          3796.09      8.7574859E+000
          3807.38      9.4589000E+000
          3818.67      1.0211396E+001
          3829.96      1.1018689E+001
          3841.25      1.1884737E+001
          3852.54      1.2813761E+001
          3863.83      1.3810257E+001
          3875.12      1.4879016E+001
          3886.41      1.6025143E+001
          3897.70      1.7254077E+001
          3908.98      1.8571612E+001
          3920.27      1.9983917E+001
          3931.56      2.1497565E+001
          3942.85      2.3119554E+001
          3954.14      2.4857334E+001
          3965.43      2.6718835E+001
          3976.72      2.8712496E+001
          3988.01      3.0847297E+001
          3999.30      3.3132794E+001
          4010.59      3.5579147E+001
          4021.88      3.8197164E+001
          4033.16      4.0998336E+001
          4044.45      4.3994878E+001
          4055.74      4.7199777E+001
          4067.03      5.0626822E+001
          4078.32      5.4290673E+001
          4089.61      5.8206902E+001
          4100.90      6.2392035E+001
          4112.19      6.6863629E+001
          4123.48      7.1640317E+001
          4134.77      7.6741876E+001
          4146.05      8.2189294E+001
          4157.34      8.8004821E+001
          4168.63      9.4212074E+001
          4179.92      1.0083610E+002
          4191.21      1.0790342E+002
          4202.50      1.1544218E+002
          4213.79      1.2348219E+002
          4225.08      1.3205506E+002
          4236.37      1.4119423E+002
          4247.66      1.5093515E+002
          4258.95      1.6131534E+002
          4270.23      1.7237453E+002
          4281.52      1.8415474E+002
          4292.81      1.9670047E+002
          4304.10      2.1005879E+002
          4315.39      2.2427946E+002
          4326.68      2.3941515E+002
          4337.97      2.5552147E+002
          4349.26      2.7265726E+002
          4360.55      2.9088470E+002
          4371.84      3.1026944E+002
          4383.12      3.3088088E+002
          4394.41      3.5279227E+002
          4405.70      3.7608099E+002
          4416.99      4.0082871E+002
          4428.28      4.2712158E+002
          4439.57      4.5505058E+002
          4450.86      4.8471165E+002
          4462.15      5.1620593E+002
          4473.44      5.4964015E+002
          4484.73      5.8512677E+002
          4496.02      6.2278435E+002
          4507.30      6.6273786E+002
          4518.59      7.0511882E+002
          4529.88      7.5006589E+002
          4541.17      7.9772508E+002
          4552.46      8.4824997E+002
          4563.75      9.0180235E+002
          4575.04      9.5855244E+002
          4586.33      1.0186793E+003
          4597.62      1.0823713E+003
          4608.91      1.1498264E+003
          4620.20      1.2212529E+003
          4631.48      1.2968696E+003
          4642.77      1.3769065E+003
          4654.06      1.4616051E+003
          4665.35      1.5512193E+003
          4676.64      1.6460153E+003
          4687.93      1.7462731E+003
          4699.22      1.8522860E+003
          4710.51      1.9643620E+003
          4721.80      2.0828244E+003
          4733.09      2.2080118E+003
          4744.38      2.3402795E+003
          4755.66      2.4799999E+003
          4766.95      2.6275631E+003
          4778.24      2.7833781E+003
          4789.53      2.9478728E+003
          4800.82      3.1214954E+003
          4812.11      3.3047154E+003
          4823.40      3.4980236E+003
          4834.69      3.7019336E+003
          4845.98      3.9169829E+003
          4857.27      4.1437332E+003
          4868.55      4.3827719E+003
          4879.84      4.6347121E+003
          4891.13      4.9001951E+003
          4902.42      5.1798905E+003
          4913.71      5.4744966E+003
          4925.00      5.7847432E+003
          4936.29      6.1113912E+003
          4947.58      6.4552344E+003
          4958.87      6.8171006E+003
          4970.16      7.1978520E+003
          4981.45      7.5983875E+003
          4992.73      8.0196439E+003
          5004.02      8.4625952E+003
          5015.31      8.9282563E+003
          5026.60      9.4176830E+003
          5037.89      9.9319733E+003
          5049.18      1.0472269E+004
          5060.47      1.1039756E+004
          5071.76      1.1635667E+004
          5083.05      1.2261282E+004
          5094.34      1.2917929E+004
          5105.62      1.3606987E+004
          5116.91      1.4329884E+004
          5128.20      1.5088103E+004
          5139.49      1.5883180E+004
          5150.78      1.6716702E+004
          5162.07      1.7590317E+004
          5173.36      1.8505727E+004
          5184.65      1.9464692E+004
          5195.94      2.0469031E+004
          5207.23      2.1520624E+004
          5218.52      2.2621411E+004
          5229.80      2.3773393E+004
          5241.09      2.4978631E+004
          5252.38      2.6239253E+004
          5263.67      2.7557449E+004
          5274.96      2.8935467E+004
          5286.25      3.0375624E+004
          5297.54      3.1880299E+004
          5308.83      3.3451933E+004
          5320.12      3.5093033E+004
          5331.41      3.6806161E+004
          5342.70      3.8593947E+004
          5353.98      4.0459080E+004
          5365.27      4.2404301E+004
          5376.56      4.4432416E+004
          5387.85      4.6546281E+004
          5399.14      4.8748805E+004
          5410.43      5.1042948E+004
          5421.72      5.3431710E+004
          5433.01      5.5918139E+004
          5444.30      5.8505321E+004
          5455.59      6.1196367E+004
          5466.88      6.3994423E+004
          5478.16      6.6902654E+004
          5489.45      6.9924236E+004
          5500.74      7.3062359E+004
          5512.03      7.6320200E+004
          5523.32      7.9700934E+004
          5534.61      8.3207714E+004
          5545.90      8.6843653E+004
          5557.19      9.0611827E+004
          5568.48      9.4515252E+004
          5579.77      9.8556869E+004
          5591.05      1.0273954E+005
          5602.34      1.0706600E+005
          5613.63      1.1153887E+005
          5624.92      1.1616065E+005
          5636.21      1.2093362E+005
          5647.50      1.2585992E+005
          5658.79      1.3094144E+005
          5670.08      1.3617985E+005
          5681.37      1.4157652E+005
          5692.66      1.4713253E+005
          5703.95      1.5284860E+005
          5715.23      1.5872509E+005
          5726.52      1.6476193E+005
          5737.81      1.7095858E+005
          5749.10      1.7731400E+005
          5760.39      1.8382658E+005
          5771.68      1.9049411E+005
          5782.97      1.9731368E+005
          5794.26      2.0428169E+005
          5805.55      2.1139370E+005
          5816.84      2.1864443E+005
          5828.12      2.2602763E+005
          5839.41      2.3353605E+005
          5850.70      2.4116132E+005
          5861.99      2.4889388E+005
          5873.28      2.5672284E+005
          5884.57      2.6463594E+005
          5895.86      2.7261941E+005
          5907.15      2.8065782E+005
          5918.44      2.8873400E+005
          5929.73      2.9682890E+005
          5941.02      3.0492143E+005
          5952.30      3.1298833E+005
          5963.59      3.2100395E+005
          5974.88      3.2894020E+005
          5986.17      3.3676624E+005
          5997.46      3.4444836E+005
          6008.75      3.5194977E+005
          6020.04      3.5923037E+005
          6031.33      3.6624651E+005
          6042.62      3.7295078E+005
          6053.91      3.7929171E+005
          6065.20      3.8521353E+005
          6076.48      3.9065587E+005
          6087.77      3.9555345E+005
          6099.06      3.9983575E+005
          6110.35      4.0342669E+005
          6121.64      4.0624421E+005
          6132.93      4.0819998E+005
          6144.22      4.0919887E+005
          6155.51      4.0913863E+005
          6166.80      4.0790938E+005
          6178.09      4.0539312E+005
          6189.38      4.0146324E+005
          6200.66      3.9598400E+005
          6211.95      3.8880992E+005
          6223.24      3.7978520E+005
          6234.53      3.6874311E+005
          6245.82      3.5550529E+005
          6257.11      3.3988102E+005
          6268.40      3.2166659E+005
          6279.69      3.0064434E+005
          6290.98      2.7658200E+005
          6302.27      2.4923171E+005
          6313.55      2.1832909E+005
          6324.84      1.8359244E+005
          6336.13      1.4472146E+005
          6347.42      1.0139633E+005
          6358.71      5.3276643E+004
          6370.00      1.3283833E-061
