          3480.00      1.7697870E-026
          3491.29      7.6084558E+003
          3502.58      1.5228410E+004
          3513.87      2.2860616E+004
          3525.16      3.0505797E+004
          3536.45      3.8164691E+004
          3547.73      4.5838028E+004
          3559.02      5.3526509E+004
          3570.31      6.1230846E+004
          3581.60      6.8951737E+004
          3592.89      7.6689871E+004
          3604.18      8.4445932E+004
          3615.47      9.2220578E+004
          3626.76      1.0001447E+005
          3638.05      1.0782827E+005
          3649.34      1.1566261E+005
          3660.62      1.2351811E+005
          3671.91      1.3139539E+005
          3683.20      1.3929506E+005
          3694.49      1.4721773E+005
          3705.78      1.5516395E+005
          3717.07      1.6313432E+005
          3728.36      1.7112939E+005
          3739.65      1.7914970E+005
          3750.94      1.8719579E+005
          3762.23      1.9526818E+005
          3773.52      2.0336738E+005
          3784.80      2.1149390E+005
          3796.09      2.1964819E+005
          3807.38      2.2783075E+005
          3818.67      2.3604202E+005
          3829.96      2.4428243E+005
          3841.25      2.5255243E+005
          3852.54      2.6085241E+005
          3863.83      2.6918278E+005
          3875.12      2.7754392E+005
          3886.41      2.8593619E+005
          3897.70      2.9435994E+005
          3908.98      3.0281552E+005
          3920.27      3.1130323E+005
          3931.56      3.1982338E+005
          3942.85      3.2837625E+005
          3954.14      3.3696212E+005
          3965.43      3.4558124E+005
          3976.72      3.5423384E+005
          3988.01      3.6292014E+005
          3999.30      3.7164034E+005
          4010.59      3.8039462E+005
          4021.88      3.8918313E+005
          4033.16      3.9800604E+005
          4044.45      4.0686346E+005
          4055.74      4.1575550E+005
          4067.03      4.2468224E+005
          4078.32      4.3364374E+005
          4089.61      4.4264008E+005
          4100.90      4.5167125E+005
          4112.19      4.6073726E+005
          4123.48      4.6983811E+005
          4134.77      4.7897375E+005
          4146.05      4.8814413E+005
          4157.34      4.9734916E+005
          4168.63      5.0658874E+005
          4179.92      5.1586275E+005
          4191.21      5.2517103E+005
          4202.50      5.3451340E+005
          4213.79      5.4388968E+005
          4225.08      5.5329963E+005
          4236.37      5.6274303E+005
          4247.66      5.7221959E+005
          4258.95      5.8172901E+005
          4270.23      5.9127099E+005
          4281.52      6.0084516E+005
          4292.81      6.1045115E+005
          4304.10      6.2008856E+005
          4315.39      6.2975696E+005
          4326.68      6.3945591E+005
          4337.97      6.4918489E+005
          4349.26      6.5894341E+005
          4360.55      6.6873093E+005
          4371.84      6.7854687E+005
          4383.12      6.8839061E+005
          4394.41      6.9826154E+005
          4405.70      7.0815899E+005
          4416.99      7.1808227E+005
          4428.28      7.2803064E+005
          4439.57      7.3800334E+005
          4450.86      7.4799959E+005
          4462.15      7.5801855E+005
          4473.44      7.6805937E+005
          4484.73      7.7812114E+005
          4496.02      7.8820294E+005
          4507.30      7.9830382E+005
          4518.59      8.0842275E+005
          4529.88      8.1855871E+005
          4541.17      8.2871062E+005
          4552.46      8.3887737E+005
          4563.75      8.4905779E+005
          4575.04      8.5925071E+005
          4586.33      8.6945490E+005
          4597.62      8.7966909E+005
          4608.91      8.8989195E+005
          4620.20      9.0012215E+005
          4631.48      9.1035829E+005
          4642.77      9.2059893E+005
          4654.06      9.3084258E+005
          4665.35      9.4108774E+005
          4676.64      9.5133283E+005
          4687.93      9.6157624E+005
          4699.22      9.7181630E+005
          4710.51      9.8205132E+005
          4721.80      9.9227954E+005
          4733.09      1.0024992E+006
          4744.38      1.0127083E+006
          4755.66      1.0229051E+006
          4766.95      1.0330877E+006
          4778.24      1.0432539E+006
          4789.53      1.0534018E+006
          4800.82      1.0635292E+006
          4812.11      1.0736341E+006
          4823.40      1.0837141E+006
          4834.69      1.0937670E+006
          4845.98      1.1037906E+006
          4857.27      1.1137823E+006
          4868.55      1.1237399E+006
          4879.84      1.1336608E+006
          4891.13      1.1435424E+006
          4902.42      1.1533822E+006
          4913.71      1.1631774E+006
          4925.00      1.1729254E+006
          4936.29      1.1826234E+006
          4947.58      1.1922684E+006
          4958.87      1.2018577E+006
          4970.16      1.2113881E+006
          4981.45      1.2208567E+006
          4992.73      1.2302604E+006
          5004.02      1.2395959E+006
          5015.31      1.2488600E+006
          5026.60      1.2580494E+006
          5037.89      1.2671607E+006
          5049.18      1.2761905E+006
          5060.47      1.2851352E+006
          5071.76      1.2939912E+006
          5083.05      1.3027548E+006
          5094.34      1.3114222E+006
          5105.62      1.3199898E+006
          5116.91      1.3284534E+006
          5128.20      1.3368092E+006
          5139.49      1.3450531E+006
          5150.78      1.3531810E+006
          5162.07      1.3611885E+006
          5173.36      1.3690715E+006
          5184.65      1.3768254E+006
          5195.94      1.3844459E+006
          5207.23      1.3919284E+006
          5218.52      1.3992682E+006
          5229.80      1.4064606E+006
          5241.09      1.4135008E+006
          5252.38      1.4203838E+006
          5263.67      1.4271047E+006
          5274.96      1.4336583E+006
          5286.25      1.4400395E+006
          5297.54      1.4462429E+006
          5308.83      1.4522632E+006
          5320.12      1.4580949E+006
          5331.41      1.4637324E+006
          5342.70      1.4691700E+006
          5353.98      1.4744020E+006
          5365.27      1.4794224E+006
          5376.56      1.4842253E+006
          5387.85      1.4888047E+006
          5399.14      1.4931541E+006
          5410.43      1.4972675E+006
          5421.72      1.5011383E+006
          5433.01      1.5047601E+006
          5444.30      1.5081262E+006
          5455.59      1.5112298E+006
          5466.88      1.5140640E+006
          5478.16      1.5166220E+006
          5489.45      1.5188965E+006
          5500.74      1.5208805E+006
          5512.03      1.5225664E+006
          5523.32      1.5239470E+006
          5534.61      1.5250145E+006
          5545.90      1.5257613E+006
          5557.19      1.5261795E+006
          5568.48      1.5262612E+006
          5579.77      1.5259983E+006
          5591.05      1.5253826E+006
          5602.34      1.5244057E+006
          5613.63      1.5230591E+006
          5624.92      1.5213342E+006
          5636.21      1.5192222E+006
          5647.50      1.5167142E+006
          5658.79      1.5138012E+006
          5670.08      1.5104741E+006
          5681.37      1.5067234E+006
          5692.66      1.5025397E+006
          5703.95      1.4979133E+006
          5715.23      1.4928346E+006
          5726.52      1.4872936E+006
          5737.81      1.4812802E+006
          5749.10      1.4747841E+006
          5760.39      1.4677951E+006
          5771.68      1.4603025E+006
          5782.97      1.4522957E+006
          5794.26      1.4437638E+006
          5805.55      1.4346958E+006
          5816.84      1.4250804E+006
          5828.12      1.4149064E+006
          5839.41      1.4041622E+006
          5850.70      1.3928361E+006
          5861.99      1.3809162E+006
          5873.28      1.3683906E+006
          5884.57      1.3552469E+006
          5895.86      1.3414728E+006
          5907.15      1.3270557E+006
          5918.44      1.3119828E+006
          5929.73      1.2962412E+006
          5941.02      1.2798178E+006
          5952.30      1.2626992E+006
          5963.59      1.2448719E+006
          5974.88      1.2263223E+006
          5986.17      1.2070364E+006
          5997.46      1.1870001E+006
          6008.75      1.1661992E+006
          6020.04      1.1446190E+006
          6031.33      1.1222451E+006
          6042.62      1.0990623E+006
          6053.91      1.0750557E+006
          6065.20      1.0502098E+006
          6076.48      1.0245092E+006
          6087.77      9.9793811E+005
          6099.06      9.7048055E+005
          6110.35      9.4212034E+005
          6121.64      9.1284108E+005
          6132.93      8.8262609E+005
          6144.22      8.5145857E+005
          6155.51      8.1932141E+005
          6166.80      7.8619726E+005
          6178.09      7.5206863E+005
          6189.38      7.1691769E+005
          6200.66      6.8072643E+005
          6211.95      6.4347656E+005
          6223.24      6.0514956E+005
          6234.53      5.6572672E+005
          6245.82      5.2518900E+005
          6257.11      4.8351712E+005
          6268.40      4.4069164E+005
          6279.69      3.9669274E+005
          6290.98      3.5150041E+005
          6302.27      3.0509436E+005
          6313.55      2.5745398E+005
          6324.84      2.0855856E+005
          6336.13      1.5838695E+005
          6347.42      1.0691776E+005
          6358.71      5.4129426E+004
          6370.00      1.7042429E-060
