          3480.00     -6.3042859E-044
          3491.29      1.7453029E-022
          3502.58      3.5033010E-022
          3513.87      5.2817191E-022
          3525.16      7.0882872E-022
          3536.45      8.9307826E-022
          3547.73      1.0817057E-021
          3559.02      1.2755064E-021
          3570.31      1.4752901E-021
          3581.60      1.6818830E-021
          3592.89      1.8961316E-021
          3604.18      2.1189003E-021
          3615.47      2.3510725E-021
          3626.76      2.5935689E-021
          3638.05      2.8473426E-021
          3649.34      3.1133818E-021
          3660.62      3.3927141E-021
          3671.91      3.6864092E-021
          3683.20      3.9955826E-021
          3694.49      4.3213991E-021
          3705.78      4.6650755E-021
          3717.07      5.0278860E-021
          3728.36      5.4111651E-021
          3739.65      5.8163107E-021
          3750.94      6.2447899E-021
          3762.23      6.6981424E-021
          3773.52      7.1779846E-021
          3784.80      7.6860154E-021
          3796.09      8.2240191E-021
          3807.38      8.7938809E-021
          3818.67      9.3975756E-021
          3829.96      1.0037178E-020
          3841.25      1.0714873E-020
          3852.54      1.1432956E-020
          3863.83      1.2193844E-020
          3875.12      1.3000080E-020
          3886.41      1.3854336E-020
          3897.70      1.4759425E-020
          3908.98      1.5718308E-020
          3920.27      1.6734096E-020
          3931.56      1.7810062E-020
          3942.85      1.8949651E-020
          3954.14      2.0156498E-020
          3965.43      2.1434419E-020
          3976.72      2.2787419E-020
          3988.01      2.4219710E-020
          3999.30      2.5735720E-020
          4010.59      2.7340100E-020
          4021.88      2.9037741E-020
          4033.16      3.0833778E-020
          4044.45      3.2733607E-020
          4055.74      3.4742897E-020
          4067.03      3.6867595E-020
          4078.32      3.9113951E-020
          4089.61      4.1488524E-020
          4100.90      4.3998196E-020
          4112.19      4.6650191E-020
          4123.48      4.9452088E-020
          4134.77      5.2411837E-020
          4146.05      5.5537776E-020
          4157.34      5.8838641E-020
          4168.63      6.2323597E-020
          4179.92      6.6002254E-020
          4191.21      6.9884670E-020
          4202.50      7.3981393E-020
          4213.79      7.8303470E-020
          4225.08      8.2862470E-020
          4236.37      8.7670510E-020
          4247.66      9.2740260E-020
          4258.95      9.8084989E-020
          4270.23      1.0371859E-019
          4281.52      1.0965558E-019
          4292.81      1.1591117E-019
          4304.10      1.2250124E-019
          4315.39      1.2944242E-019
          4326.68      1.3675209E-019
          4337.97      1.4444838E-019
          4349.26      1.5255027E-019
          4360.55      1.6107760E-019
          4371.84      1.7005128E-019
          4383.12      1.7949272E-019
          4394.41      1.8942448E-019
          4405.70      1.9987009E-019
          4416.99      2.1085412E-019
          4428.28      2.2240221E-019
          4439.57      2.3454109E-019
          4450.86      2.4729867E-019
          4462.15      2.6070401E-019
          4473.44      2.7478742E-019
          4484.73      2.8958049E-019
          4496.02      3.0511614E-019
          4507.30      3.2142864E-019
          4518.59      3.3855367E-019
          4529.88      3.5652842E-019
          4541.17      3.7539159E-019
          4552.46      3.9518342E-019
          4563.75      4.1594583E-019
          4575.04      4.3772241E-019
          4586.33      4.6055845E-019
          4597.62      4.8450109E-019
          4608.91      5.0959924E-019
          4620.20      5.3590382E-019
          4631.48      5.6346770E-019
          4642.77      5.9234573E-019
          4654.06      6.2259492E-019
          4665.35      6.5427444E-019
          4676.64      6.8744570E-019
          4687.93      7.2217241E-019
          4699.22      7.5852058E-019
          4710.51      7.9655873E-019
          4721.80      8.3635791E-019
          4733.09      8.7799163E-019
          4744.38      9.2153617E-019
          4755.66      9.6707048E-019
          4766.95      1.0146763E-018
          4778.24      1.0644383E-018
          4789.53      1.1164440E-018
          4800.82      1.1707839E-018
          4812.11      1.2275518E-018
          4823.40      1.2868444E-018
          4834.69      1.3487617E-018
          4845.98      1.4134072E-018
          4857.27      1.4808874E-018
          4868.55      1.5513125E-018
          4879.84      1.6247960E-018
          4891.13      1.7014553E-018
          4902.42      1.7814114E-018
          4913.71      1.8647888E-018
          4925.00      1.9517160E-018
          4936.29      2.0423254E-018
          4947.58      2.1367530E-018
          4958.87      2.2351392E-018
          4970.16      2.3376280E-018
          4981.45      2.4443677E-018
          4992.73      2.5555107E-018
          5004.02      2.6712130E-018
          5015.31      2.7916352E-018
          5026.60      2.9169421E-018
          5037.89      3.0473028E-018
          5049.18      3.1828907E-018
          5060.47      3.3238833E-018
          5071.76      3.4704624E-018
          5083.05      3.6228143E-018
          5094.34      3.7811291E-018
          5105.62      3.9456014E-018
          5116.91      4.1164300E-018
          5128.20      4.2938176E-018
          5139.49      4.4779714E-018
          5150.78      4.6691012E-018
          5162.07      4.8674217E-018
          5173.36      5.0731512E-018
          5184.65      5.2865114E-018
          5195.94      5.5077281E-018
          5207.23      5.7370301E-018
          5218.52      5.9746493E-018
          5229.80      6.2208210E-018
          5241.09      6.4757822E-018
          5252.38      6.7397732E-018
          5263.67      7.0130367E-018
          5274.96      7.2958159E-018
          5286.25      7.5883569E-018
          5297.54      7.8909060E-018
          5308.83      8.2037093E-018
          5320.12      8.5270148E-018
          5331.41      8.8610690E-018
          5342.70      9.2061188E-018
          5353.98      9.5624095E-018
          5365.27      9.9301838E-018
          5376.56      1.0309683E-017
          5387.85      1.0701144E-017
          5399.14      1.1104799E-017
          5410.43      1.1520876E-017
          5421.72      1.1949597E-017
          5433.01      1.2391177E-017
          5444.30      1.2845825E-017
          5455.59      1.3313734E-017
          5466.88      1.3795092E-017
          5478.16      1.4290075E-017
          5489.45      1.4798847E-017
          5500.74      1.5321558E-017
          5512.03      1.5858340E-017
          5523.32      1.6409311E-017
          5534.61      1.6974569E-017
          5545.90      1.7554187E-017
          5557.19      1.8148220E-017
          5568.48      1.8756696E-017
          5579.77      1.9379534E-017
          5591.05      2.0016686E-017
          5602.34      2.0668081E-017
          5613.63      2.1333619E-017
          5624.92      2.2013162E-017
          5636.21      2.2706532E-017
          5647.50      2.3413510E-017
          5658.79      2.4133830E-017
          5670.08      2.4867173E-017
          5681.37      2.5612432E-017
          5692.66      2.6369127E-017
          5703.95      2.7136730E-017
          5715.23      2.7914661E-017
          5726.52      2.8702280E-017
          5737.81      2.9498892E-017
          5749.10      3.0303735E-017
          5760.39      3.1115984E-017
          5771.68      3.1934738E-017
          5782.97      3.2759104E-017
          5794.26      3.3588914E-017
          5805.55      3.4423089E-017
          5816.84      3.5260438E-017
          5828.12      3.6099660E-017
          5839.41      3.6939333E-017
          5850.70      3.7777907E-017
          5861.99      3.8613699E-017
          5873.28      3.9444880E-017
          5884.57      4.0269478E-017
          5895.86      4.1085357E-017
          5907.15      4.1890211E-017
          5918.44      4.2681113E-017
          5929.73      4.3455386E-017
          5941.02      4.4210165E-017
          5952.30      4.4942399E-017
          5963.59      4.5648828E-017
          5974.88      4.6325892E-017
          5986.17      4.6969772E-017
          5997.46      4.7576537E-017
          6008.75      4.8142020E-017
          6020.04      4.8661803E-017
          6031.33      4.9131850E-017
          6042.62      4.9547206E-017
          6053.91      4.9902599E-017
          6065.20      5.0192428E-017
          6076.48      5.0410963E-017
          6087.77      5.0552049E-017
          6099.06      5.0608969E-017
          6110.35      5.0574590E-017
          6121.64      5.0441212E-017
          6132.93      5.0200102E-017
          6144.22      4.9842778E-017
          6155.51      4.9360578E-017
          6166.80      4.8744087E-017
          6178.09      4.7983962E-017
          6189.38      4.7069881E-017
          6200.66      4.5990635E-017
          6211.95      4.4734346E-017
          6223.24      4.3288425E-017
          6234.53      4.1639549E-017
          6245.82      3.9773626E-017
          6257.11      3.7675749E-017
          6268.40      3.5330175E-017
          6279.69      3.2720303E-017
          6290.98      2.9828564E-017
          6302.27      2.6636395E-017
          6313.55      2.3124212E-017
          6324.84      1.9271375E-017
          6336.13      1.5056110E-017
          6347.42      1.0455453E-017
          6358.71      5.4452334E-018
          6370.00      3.3501549E-063
