          3480.00      0.0000000E+000
          3491.29      8.9307986E-002
          3502.58      1.7935479E-001
          3513.87      2.7075182E-001
          3525.16      3.6411234E-001
          3536.45      4.6005602E-001
          3547.73      5.5921264E-001
          3559.02      6.6222585E-001
          3570.31      7.6975753E-001
          3581.60      8.8249152E-001
          3592.89      1.0011377E+000
          3604.18      1.1264359E+000
          3615.47      1.2591603E+000
          3626.76      1.4001237E+000
          3638.05      1.5501817E+000
          3649.34      1.7102373E+000
          3660.62      1.8812461E+000
          3671.91      2.0642209E+000
          3683.20      2.2602366E+000
          3694.49      2.4704364E+000
          3705.78      2.6960366E+000
          3717.07      2.9383333E+000
          3728.36      3.1987088E+000
          3739.65      3.4786370E+000
          3750.94      3.7796925E+000
          3762.23      4.1035565E+000
          3773.52      4.4520250E+000
          3784.80      4.8270181E+000
          3796.09      5.2305866E+000
          3807.38      5.6649243E+000
          3818.67      6.1323764E+000
          3829.96      6.6354488E+000
          3841.25      7.1768221E+000
          3852.54      7.7593615E+000
          3863.83      8.3861299E+000
          3875.12      9.0604021E+000
          3886.41      9.7856761E+000
          3897.70      1.0565692E+001
          3908.98      1.1404447E+001
          3920.27      1.2306208E+001
          3931.56      1.3275535E+001
          3942.85      1.4317300E+001
          3954.14      1.5436703E+001
          3965.43      1.6639296E+001
          3976.72      1.7931005E+001
          3988.01      1.9318155E+001
          3999.30      2.0807496E+001
          4010.59      2.2406224E+001
          4021.88      2.4122020E+001
          4033.16      2.5963072E+001
          4044.45      2.7938109E+001
          4055.74      3.0056437E+001
          4067.03      3.2327968E+001
          4078.32      3.4763270E+001
          4089.61      3.7373598E+001
          4100.90      4.0170933E+001
          4112.19      4.3168039E+001
          4123.48      4.6378501E+001
          4134.77      4.9816776E+001
          4146.05      5.3498254E+001
          4157.34      5.7439295E+001
          4168.63      6.1657310E+001
          4179.92      6.6170815E+001
          4191.21      7.0999481E+001
          4202.50      7.6164232E+001
          4213.79      8.1687298E+001
          4225.08      8.7592295E+001
          4236.37      9.3904317E+001
          4247.66      1.0064999E+002
          4258.95      1.0785762E+002
          4270.23      1.1555723E+002
          4281.52      1.2378068E+002
          4292.81      1.3256178E+002
          4304.10      1.4193641E+002
          4315.39      1.5194261E+002
          4326.68      1.6262073E+002
          4337.97      1.7401351E+002
          4349.26      1.8616629E+002
          4360.55      1.9912709E+002
          4371.84      2.1294680E+002
          4383.12      2.2767929E+002
          4394.41      2.4338165E+002
          4405.70      2.6011429E+002
          4416.99      2.7794118E+002
          4428.28      2.9692995E+002
          4439.57      3.1715223E+002
          4450.86      3.3868376E+002
          4462.15      3.6160460E+002
          4473.44      3.8599943E+002
          4484.73      4.1195777E+002
          4496.02      4.3957420E+002
          4507.30      4.6894869E+002
          4518.59      5.0018674E+002
          4529.88      5.3339986E+002
          4541.17      5.6870580E+002
          4552.46      6.0622873E+002
          4563.75      6.4609980E+002
          4575.04      6.8845735E+002
          4586.33      7.3344732E+002
          4597.62      7.8122364E+002
          4608.91      8.3194848E+002
          4620.20      8.8579291E+002
          4631.48      9.4293721E+002
          4642.77      1.0035712E+003
          4654.06      1.0678948E+003
          4665.35      1.1361189E+003
          4676.64      1.2084650E+003
          4687.93      1.2851666E+003
          4699.22      1.3664693E+003
          4710.51      1.4526314E+003
          4721.80      1.5439247E+003
          4733.09      1.6406348E+003
          4744.38      1.7430622E+003
          4755.66      1.8515224E+003
          4766.95      1.9663470E+003
          4778.24      2.0878846E+003
          4789.53      2.2165007E+003
          4800.82      2.3525793E+003
          4812.11      2.4965236E+003
          4823.40      2.6487562E+003
          4834.69      2.8097207E+003
          4845.98      2.9798822E+003
          4857.27      3.1597283E+003
          4868.55      3.3497703E+003
          4879.84      3.5505430E+003
          4891.13      3.7626076E+003
          4902.42      3.9865513E+003
          4913.71      4.2229885E+003
          4925.00      4.4725625E+003
          4936.29      4.7359463E+003
          4947.58      5.0138435E+003
          4958.87      5.3069901E+003
          4970.16      5.6161545E+003
          4981.45      5.9421403E+003
          4992.73      6.2857867E+003
          5004.02      6.6479692E+003
          5015.31      7.0296021E+003
          5026.60      7.4316393E+003
          5037.89      7.8550756E+003
          5049.18      8.3009484E+003
          5060.47      8.7703378E+003
          5071.76      9.2643698E+003
          5083.05      9.7842175E+003
          5094.34      1.0331100E+004
          5105.62      1.0906288E+004
          5116.91      1.1511102E+004
          5128.20      1.2146914E+004
          5139.49      1.2815152E+004
          5150.78      1.3517295E+004
          5162.07      1.4254884E+004
          5173.36      1.5029513E+004
          5184.65      1.5842837E+004
          5195.94      1.6696572E+004
          5207.23      1.7592495E+004
          5218.52      1.8532447E+004
          5229.80      1.9518333E+004
          5241.09      2.0552121E+004
          5252.38      2.1635849E+004
          5263.67      2.2771619E+004
          5274.96      2.3961601E+004
          5286.25      2.5208035E+004
          5297.54      2.6513230E+004
          5308.83      2.7879564E+004
          5320.12      2.9309485E+004
          5331.41      3.0805509E+004
          5342.70      3.2370224E+004
          5353.98      3.4006285E+004
          5365.27      3.5716415E+004
          5376.56      3.7503407E+004
          5387.85      3.9370116E+004
          5399.14      4.1319466E+004
          5410.43      4.3354441E+004
          5421.72      4.5478083E+004
          5433.01      4.7693493E+004
          5444.30      5.0003828E+004
          5455.59      5.2412290E+004
          5466.88      5.4922129E+004
          5478.16      5.7536636E+004
          5489.45      6.0259136E+004
          5500.74      6.3092985E+004
          5512.03      6.6041551E+004
          5523.32      6.9108224E+004
          5534.61      7.2296397E+004
          5545.90      7.5609451E+004
          5557.19      7.9050756E+004
          5568.48      8.2623651E+004
          5579.77      8.6331432E+004
          5591.05      9.0177343E+004
          5602.34      9.4164543E+004
          5613.63      9.8296111E+004
          5624.92      1.0257502E+005
          5636.21      1.0700409E+005
          5647.50      1.1158602E+005
          5658.79      1.1632330E+005
          5670.08      1.2121824E+005
          5681.37      1.2627291E+005
          5692.66      1.3148910E+005
          5703.95      1.3686831E+005
          5715.23      1.4241172E+005
          5726.52      1.4812010E+005
          5737.81      1.5399384E+005
          5749.10      1.6003283E+005
          5760.39      1.6623648E+005
          5771.68      1.7260360E+005
          5782.97      1.7913240E+005
          5794.26      1.8582038E+005
          5805.55      1.9266431E+005
          5816.84      1.9966011E+005
          5828.12      2.0680283E+005
          5839.41      2.1408650E+005
          5850.70      2.2150412E+005
          5861.99      2.2904749E+005
          5873.28      2.3670716E+005
          5884.57      2.4447231E+005
          5895.86      2.5233064E+005
          5907.15      2.6026821E+005
          5918.44      2.6826937E+005
          5929.73      2.7631658E+005
          5941.02      2.8439027E+005
          5952.30      2.9246869E+005
          5963.59      3.0052771E+005
          5974.88      3.0854068E+005
          5986.17      3.1647821E+005
          5997.46      3.2430798E+005
          6008.75      3.3199452E+005
          6020.04      3.3949896E+005
          6031.33      3.4677880E+005
          6042.62      3.5378767E+005
          6053.91      3.6047498E+005
          6065.20      3.6678571E+005
          6076.48      3.7266004E+005
          6087.77      3.7803303E+005
          6099.06      3.8283426E+005
          6110.35      3.8698748E+005
          6121.64      3.9041016E+005
          6132.93      3.9301312E+005
          6144.22      3.9470005E+005
          6155.51      3.9536705E+005
          6166.80      3.9490208E+005
          6178.09      3.9318451E+005
          6189.38      3.9008448E+005
          6200.66      3.8546232E+005
          6211.95      3.7916793E+005
          6223.24      3.7104008E+005
          6234.53      3.6090576E+005
          6245.82      3.4857934E+005
          6257.11      3.3386182E+005
          6268.40      3.1654002E+005
          6279.69      2.9638564E+005
          6290.98      2.7315432E+005
          6302.27      2.4658468E+005
          6313.55      2.1639720E+005
          6324.84      1.8229329E+005
          6336.13      1.4395386E+005
          6347.42      1.0103822E+005
          6358.71      5.3182901E+004
          6370.00      0.0000000E+000
