          3480.00      4.3008249E-032
          3491.29     -1.0120265E-005
          3502.58     -2.0278447E-005
          3513.87     -3.0500763E-005
          3525.16     -4.0813260E-005
          3536.45     -5.1241931E-005
          3547.73     -6.1812757E-005
          3559.02     -7.2551744E-005
          3570.31     -8.3485038E-005
          3581.60     -9.4638950E-005
          3592.89     -1.0604003E-004
          3604.18     -1.1771512E-004
          3615.47     -1.2969140E-004
          3626.76     -1.4199648E-004
          3638.05     -1.5465844E-004
          3649.34     -1.6770585E-004
          3660.62     -1.8116788E-004
          3671.91     -1.9507435E-004
          3683.20     -2.0945576E-004
          3694.49     -2.2434336E-004
          3705.78     -2.3976918E-004
          3717.07     -2.5576616E-004
          3728.36     -2.7236814E-004
          3739.65     -2.8960991E-004
          3750.94     -3.0752732E-004
          3762.23     -3.2615734E-004
          3773.52     -3.4553804E-004
          3784.80     -3.6570877E-004
          3796.09     -3.8671009E-004
          3807.38     -4.0858395E-004
          3818.67     -4.3137371E-004
          3829.96     -4.5512413E-004
          3841.25     -4.7988159E-004
          3852.54     -5.0569402E-004
          3863.83     -5.3261106E-004
          3875.12     -5.6068409E-004
          3886.41     -5.8996624E-004
          3897.70     -6.2051262E-004
          3908.98     -6.5238028E-004
          3920.27     -6.8562826E-004
          3931.56     -7.2031777E-004
          3942.85     -7.5651222E-004
          3954.14     -7.9427730E-004
          3965.43     -8.3368112E-004
          3976.72     -8.7479411E-004
          3988.01     -9.1768938E-004
          3999.30     -9.6244268E-004
          4010.59     -1.0091324E-003
          4021.88     -1.0578397E-003
          4033.16     -1.1086490E-003
          4044.45     -1.1616474E-003
          4055.74     -1.2169253E-003
          4067.03     -1.2745762E-003
          4078.32     -1.3346971E-003
          4089.61     -1.3973885E-003
          4100.90     -1.4627543E-003
          4112.19     -1.5309021E-003
          4123.48     -1.6019435E-003
          4134.77     -1.6759939E-003
          4146.05     -1.7531728E-003
          4157.34     -1.8336037E-003
          4168.63     -1.9174148E-003
          4179.92     -2.0047386E-003
          4191.21     -2.0957118E-003
          4202.50     -2.1904766E-003
          4213.79     -2.2891794E-003
          4225.08     -2.3919720E-003
          4236.37     -2.4990115E-003
          4247.66     -2.6104598E-003
          4258.95     -2.7264848E-003
          4270.23     -2.8472601E-003
          4281.52     -2.9729646E-003
          4292.81     -3.1037837E-003
          4304.10     -3.2399089E-003
          4315.39     -3.3815378E-003
          4326.68     -3.5288750E-003
          4337.97     -3.6821312E-003
          4349.26     -3.8415245E-003
          4360.55     -4.0072800E-003
          4371.84     -4.1796298E-003
          4383.12     -4.3588138E-003
          4394.41     -4.5450796E-003
          4405.70     -4.7386827E-003
          4416.99     -4.9398867E-003
          4428.28     -5.1489632E-003
          4439.57     -5.3661928E-003
          4450.86     -5.5918649E-003
          4462.15     -5.8262774E-003
          4473.44     -6.0697379E-003
          4484.73     -6.3225634E-003
          4496.02     -6.5850804E-003
          4507.30     -6.8576258E-003
          4518.59     -7.1405458E-003
          4529.88     -7.4341980E-003
          4541.17     -7.7389505E-003
          4552.46     -8.0551816E-003
          4563.75     -8.3832816E-003
          4575.04     -8.7236519E-003
          4586.33     -9.0767059E-003
          4597.62     -9.4428691E-003
          4608.91     -9.8225783E-003
          4620.20     -1.0216284E-002
          4631.48     -1.0624449E-002
          4642.77     -1.1047549E-002
          4654.06     -1.1486073E-002
          4665.35     -1.1940524E-002
          4676.64     -1.2411420E-002
          4687.93     -1.2899291E-002
          4699.22     -1.3404682E-002
          4710.51     -1.3928155E-002
          4721.80     -1.4470284E-002
          4733.09     -1.5031659E-002
          4744.38     -1.5612888E-002
          4755.66     -1.6214592E-002
          4766.95     -1.6837409E-002
          4778.24     -1.7481996E-002
          4789.53     -1.8149023E-002
          4800.82     -1.8839178E-002
          4812.11     -1.9553169E-002
          4823.40     -2.0291718E-002
          4834.69     -2.1055566E-002
          4845.98     -2.1845472E-002
          4857.27     -2.2662216E-002
          4868.55     -2.3506593E-002
          4879.84     -2.4379417E-002
          4891.13     -2.5281523E-002
          4902.42     -2.6213767E-002
          4913.71     -2.7177018E-002
          4925.00     -2.8172171E-002
          4936.29     -2.9200138E-002
          4947.58     -3.0261852E-002
          4958.87     -3.1358268E-002
          4970.16     -3.2490356E-002
          4981.45     -3.3659113E-002
          4992.73     -3.4865553E-002
          5004.02     -3.6110712E-002
          5015.31     -3.7395645E-002
          5026.60     -3.8721431E-002
          5037.89     -4.0089170E-002
          5049.18     -4.1499981E-002
          5060.47     -4.2955004E-002
          5071.76     -4.4455402E-002
          5083.05     -4.6002359E-002
          5094.34     -4.7597077E-002
          5105.62     -4.9240782E-002
          5116.91     -5.0934721E-002
          5128.20     -5.2680159E-002
          5139.49     -5.4478385E-002
          5150.78     -5.6330703E-002
          5162.07     -5.8238441E-002
          5173.36     -6.0202948E-002
          5184.65     -6.2225585E-002
          5195.94     -6.4307740E-002
          5207.23     -6.6450813E-002
          5218.52     -6.8656226E-002
          5229.80     -7.0925419E-002
          5241.09     -7.3259842E-002
          5252.38     -7.5660966E-002
          5263.67     -7.8130280E-002
          5274.96     -8.0669278E-002
          5286.25     -8.3279476E-002
          5297.54     -8.5962400E-002
          5308.83     -8.8719585E-002
          5320.12     -9.1552581E-002
          5331.41     -9.4462941E-002
          5342.70     -9.7452229E-002
          5353.98     -1.0052202E-001
          5365.27     -1.0367388E-001
          5376.56     -1.0690939E-001
          5387.85     -1.1023014E-001
          5399.14     -1.1363770E-001
          5410.43     -1.1713365E-001
          5421.72     -1.2071955E-001
          5433.01     -1.2439699E-001
          5444.30     -1.2816751E-001
          5455.59     -1.3203266E-001
          5466.88     -1.3599397E-001
          5478.16     -1.4005296E-001
          5489.45     -1.4421113E-001
          5500.74     -1.4846994E-001
          5512.03     -1.5283085E-001
          5523.32     -1.5729526E-001
          5534.61     -1.6186457E-001
          5545.90     -1.6654012E-001
          5557.19     -1.7132322E-001
          5568.48     -1.7621512E-001
          5579.77     -1.8121704E-001
          5591.05     -1.8633013E-001
          5602.34     -1.9155549E-001
          5613.63     -1.9689415E-001
          5624.92     -2.0234708E-001
          5636.21     -2.0791515E-001
          5647.50     -2.1359917E-001
          5658.79     -2.1939985E-001
          5670.08     -2.2531781E-001
          5681.37     -2.3135358E-001
          5692.66     -2.3750755E-001
          5703.95     -2.4378002E-001
          5715.23     -2.5017116E-001
          5726.52     -2.5668099E-001
          5737.81     -2.6330940E-001
          5749.10     -2.7005615E-001
          5760.39     -2.7692079E-001
          5771.68     -2.8390276E-001
          5782.97     -2.9100125E-001
          5794.26     -2.9821532E-001
          5805.55     -3.0554379E-001
          5816.84     -3.1298527E-001
          5828.12     -3.2053816E-001
          5839.41     -3.2820059E-001
          5850.70     -3.3597046E-001
          5861.99     -3.4384540E-001
          5873.28     -3.5182273E-001
          5884.57     -3.5989951E-001
          5895.86     -3.6807246E-001
          5907.15     -3.7633798E-001
          5918.44     -3.8469210E-001
          5929.73     -3.9313052E-001
          5941.02     -4.0164854E-001
          5952.30     -4.1024104E-001
          5963.59     -4.1890248E-001
          5974.88     -4.2762690E-001
          5986.17     -4.3640785E-001
          5997.46     -4.4523837E-001
          6008.75     -4.5411103E-001
          6020.04     -4.6301783E-001
          6031.33     -4.7195021E-001
          6042.62     -4.8089904E-001
          6053.91     -4.8985453E-001
          6065.20     -4.9880628E-001
          6076.48     -5.0774319E-001
          6087.77     -5.1665346E-001
          6099.06     -5.2552454E-001
          6110.35     -5.3434312E-001
          6121.64     -5.4309506E-001
          6132.93     -5.5176541E-001
          6144.22     -5.6033830E-001
          6155.51     -5.6879694E-001
          6166.80     -5.7712362E-001
          6178.09     -5.8529957E-001
          6189.38     -5.9330501E-001
          6200.66     -6.0111906E-001
          6211.95     -6.0871970E-001
          6223.24     -6.1608374E-001
          6234.53     -6.2318670E-001
          6245.82     -6.3000288E-001
          6257.11     -6.3650521E-001
          6268.40     -6.4266519E-001
          6279.69     -6.4845293E-001
          6290.98     -6.5383697E-001
          6302.27     -6.5878430E-001
          6313.55     -6.6326028E-001
          6324.84     -6.6722852E-001
          6336.13     -6.7065091E-001
          6347.42     -6.7348746E-001
          6358.71     -6.7569626E-001
          6370.00     -6.7723343E-001
