          3480.00     -3.8969658E-039
          3491.29     -1.6359625E-006
          3502.58     -3.2734554E-006
          3513.87     -4.9125698E-006
          3525.16     -6.5533910E-006
          3536.45     -8.1960073E-006
          3547.73     -9.8405056E-006
          3559.02     -1.1486967E-005
          3570.31     -1.3135476E-005
          3581.60     -1.4786113E-005
          3592.89     -1.6438959E-005
          3604.18     -1.8093925E-005
          3615.47     -1.9750772E-005
          3626.76     -2.1409539E-005
          3638.05     -2.3070261E-005
          3649.34     -2.4732970E-005
          3660.62     -2.6397700E-005
          3671.91     -2.8064481E-005
          3683.20     -2.9733345E-005
          3694.49     -3.1404320E-005
          3705.78     -3.3077434E-005
          3717.07     -3.4752712E-005
          3728.36     -3.6430184E-005
          3739.65     -3.8109869E-005
          3750.94     -3.9791794E-005
          3762.23     -4.1475980E-005
          3773.52     -4.3162448E-005
          3784.80     -4.4851220E-005
          3796.09     -4.6542322E-005
          3807.38     -4.8235875E-005
          3818.67     -4.9931902E-005
          3829.96     -5.1630424E-005
          3841.25     -5.3331464E-005
          3852.54     -5.5035039E-005
          3863.83     -5.6741171E-005
          3875.12     -5.8449878E-005
          3886.41     -6.0161173E-005
          3897.70     -6.1875075E-005
          3908.98     -6.3591599E-005
          3920.27     -6.5310757E-005
          3931.56     -6.7032561E-005
          3942.85     -6.8757025E-005
          3954.14     -7.0484261E-005
          3965.43     -7.2214309E-005
          3976.72     -7.3947183E-005
          3988.01     -7.5682895E-005
          3999.30     -7.7421461E-005
          4010.59     -7.9162888E-005
          4021.88     -8.0907190E-005
          4033.16     -8.2654376E-005
          4044.45     -8.4404454E-005
          4055.74     -8.6157434E-005
          4067.03     -8.7913319E-005
          4078.32     -8.9672116E-005
          4089.61     -9.1433834E-005
          4100.90     -9.3198473E-005
          4112.19     -9.4966044E-005
          4123.48     -9.6736548E-005
          4134.77     -9.8509986E-005
          4146.05     -1.0028636E-004
          4157.34     -1.0206567E-004
          4168.63     -1.0384791E-004
          4179.92     -1.0563308E-004
          4191.21     -1.0742117E-004
          4202.50     -1.0921219E-004
          4213.79     -1.1100613E-004
          4225.08     -1.1280297E-004
          4236.37     -1.1460273E-004
          4247.66     -1.1640537E-004
          4258.95     -1.1821088E-004
          4270.23     -1.2001924E-004
          4281.52     -1.2183045E-004
          4292.81     -1.2364449E-004
          4304.10     -1.2546136E-004
          4315.39     -1.2728102E-004
          4326.68     -1.2910348E-004
          4337.97     -1.3092872E-004
          4349.26     -1.3275671E-004
          4360.55     -1.3458744E-004
          4371.84     -1.3642120E-004
          4383.12     -1.3825766E-004
          4394.41     -1.4009681E-004
          4405.70     -1.4193858E-004
          4416.99     -1.4378296E-004
          4428.28     -1.4562991E-004
          4439.57     -1.4747943E-004
          4450.86     -1.4933147E-004
          4462.15     -1.5118602E-004
          4473.44     -1.5304304E-004
          4484.73     -1.5490251E-004
          4496.02     -1.5676440E-004
          4507.30     -1.5862868E-004
          4518.59     -1.6049532E-004
          4529.88     -1.6236428E-004
          4541.17     -1.6423554E-004
          4552.46     -1.6610907E-004
          4563.75     -1.6798484E-004
          4575.04     -1.6986283E-004
          4586.33     -1.7174299E-004
          4597.62     -1.7362530E-004
          4608.91     -1.7550970E-004
          4620.20     -1.7739617E-004
          4631.48     -1.7928466E-004
          4642.77     -1.8117515E-004
          4654.06     -1.8306757E-004
          4665.35     -1.8496190E-004
          4676.64     -1.8685810E-004
          4687.93     -1.8875612E-004
          4699.22     -1.9065591E-004
          4710.51     -1.9255743E-004
          4721.80     -1.9446062E-004
          4733.09     -1.9636546E-004
          4744.38     -1.9827188E-004
          4755.66     -2.0017985E-004
          4766.95     -2.0208930E-004
          4778.24     -2.0400020E-004
          4789.53     -2.0591249E-004
          4800.82     -2.0782612E-004
          4812.11     -2.0974104E-004
          4823.40     -2.1165719E-004
          4834.69     -2.1357453E-004
          4845.98     -2.1549299E-004
          4857.27     -2.1741248E-004
          4868.55     -2.1933294E-004
          4879.84     -2.2125431E-004
          4891.13     -2.2317653E-004
          4902.42     -2.2509955E-004
          4913.71     -2.2702330E-004
          4925.00     -2.2894772E-004
          4936.29     -2.3087276E-004
          4947.58     -2.3279834E-004
          4958.87     -2.3472441E-004
          4970.16     -2.3665089E-004
          4981.45     -2.3857774E-004
          4992.73     -2.4050487E-004
          5004.02     -2.4243217E-004
          5015.31     -2.4435955E-004
          5026.60     -2.4628694E-004
          5037.89     -2.4821428E-004
          5049.18     -2.5014148E-004
          5060.47     -2.5206849E-004
          5071.76     -2.5399522E-004
          5083.05     -2.5592160E-004
          5094.34     -2.5784757E-004
          5105.62     -2.5977303E-004
          5116.91     -2.6169793E-004
          5128.20     -2.6362218E-004
          5139.49     -2.6554570E-004
          5150.78     -2.6746838E-004
          5162.07     -2.6939010E-004
          5173.36     -2.7131078E-004
          5184.65     -2.7323034E-004
          5195.94     -2.7514869E-004
          5207.23     -2.7706576E-004
          5218.52     -2.7898145E-004
          5229.80     -2.8089569E-004
          5241.09     -2.8280838E-004
          5252.38     -2.8471945E-004
          5263.67     -2.8662880E-004
          5274.96     -2.8853635E-004
          5286.25     -2.9044200E-004
          5297.54     -2.9234566E-004
          5308.83     -2.9424716E-004
          5320.12     -2.9614643E-004
          5331.41     -2.9804337E-004
          5342.70     -2.9993787E-004
          5353.98     -3.0182986E-004
          5365.27     -3.0371923E-004
          5376.56     -3.0560592E-004
          5387.85     -3.0748979E-004
          5399.14     -3.0937073E-004
          5410.43     -3.1124864E-004
          5421.72     -3.1312343E-004
          5433.01     -3.1499499E-004
          5444.30     -3.1686323E-004
          5455.59     -3.1872790E-004
          5466.88     -3.2058888E-004
          5478.16     -3.2244609E-004
          5489.45     -3.2429940E-004
          5500.74     -3.2614871E-004
          5512.03     -3.2799391E-004
          5523.32     -3.2983491E-004
          5534.61     -3.3167158E-004
          5545.90     -3.3350382E-004
          5557.19     -3.3533151E-004
          5568.48     -3.3715455E-004
          5579.77     -3.3897061E-004
          5591.05     -3.4077921E-004
          5602.34     -3.4258018E-004
          5613.63     -3.4437338E-004
          5624.92     -3.4615868E-004
          5636.21     -3.4793590E-004
          5647.50     -3.4970490E-004
          5658.79     -3.5146554E-004
          5670.08     -3.5321755E-004
          5681.37     -3.5494485E-004
          5692.66     -3.5664707E-004
          5703.95     -3.5832386E-004
          5715.23     -3.5997486E-004
          5726.52     -3.6159970E-004
          5737.81     -3.6319804E-004
          5749.10     -3.6476951E-004
          5760.39     -3.6631377E-004
          5771.68     -3.6783045E-004
          5782.97     -3.6932063E-004
          5794.26     -3.7079922E-004
          5805.55     -3.7226608E-004
          5816.84     -3.7372105E-004
          5828.12     -3.7516398E-004
          5839.41     -3.7659472E-004
          5850.70     -3.7801314E-004
          5861.99     -3.7941906E-004
          5873.28     -3.8081235E-004
          5884.57     -3.8219285E-004
          5895.86     -3.8356041E-004
          5907.15     -3.8491479E-004
          5918.44     -3.8624939E-004
          5929.73     -3.8756396E-004
          5941.02     -3.8885828E-004
          5952.30     -3.9013212E-004
          5963.59     -3.9138527E-004
          5974.88     -3.9261623E-004
          5986.17     -3.9382310E-004
          5997.46     -3.9500563E-004
          6008.75     -3.9616356E-004
          6020.04     -3.9729665E-004
          6031.33     -3.9841314E-004
          6042.62     -3.9951283E-004
          6053.91     -4.0059558E-004
          6065.20     -4.0166122E-004
          6076.48     -4.0271244E-004
          6087.77     -4.0375125E-004
          6099.06     -4.0477752E-004
          6110.35     -4.0579116E-004
          6121.64     -4.0679047E-004
          6132.93     -4.0776603E-004
          6144.22     -4.0871760E-004
          6155.51     -4.0964878E-004
          6166.80     -4.1055964E-004
          6178.09     -4.1145871E-004
          6189.38     -4.1234940E-004
          6200.66     -4.1323157E-004
          6211.95     -4.1410514E-004
          6223.24     -4.1496999E-004
          6234.53     -4.1582593E-004
          6245.82     -4.1667288E-004
          6257.11     -4.1751068E-004
          6268.40     -4.1833924E-004
          6279.69     -4.1915920E-004
          6290.98     -4.1997060E-004
          6302.27     -4.2077315E-004
          6313.55     -4.2156665E-004
          6324.84     -4.2235111E-004
          6336.13     -4.2312656E-004
          6347.42     -4.2389246E-004
          6358.71     -4.2464821E-004
          6370.00     -4.2539253E-004
