          3480.00      1.2095552E-049
          3491.29      1.3563397E-018
          3502.58      2.7171658E-018
          3513.87      4.0823697E-018
          3525.16      5.4518399E-018
          3536.45      6.8254693E-018
          3547.73      8.2031508E-018
          3559.02      9.5847744E-018
          3570.31      1.0970234E-017
          3581.60      1.2359423E-017
          3592.89      1.3752235E-017
          3604.18      1.5148054E-017
          3615.47      1.6545878E-017
          3626.76      1.7945559E-017
          3638.05      1.9346948E-017
          3649.34      2.0749893E-017
          3660.62      2.2154248E-017
          3671.91      2.3559862E-017
          3683.20      2.4966588E-017
          3694.49      2.6374277E-017
          3705.78      2.7782778E-017
          3717.07      2.9191944E-017
          3728.36      3.0601629E-017
          3739.65      3.2011681E-017
          3750.94      3.3421955E-017
          3762.23      3.4832301E-017
          3773.52      3.6242571E-017
          3784.80      3.7652617E-017
          3796.09      3.9062315E-017
          3807.38      4.0471750E-017
          3818.67      4.1880785E-017
          3829.96      4.3289274E-017
          3841.25      4.4697076E-017
          3852.54      4.6104048E-017
          3863.83      4.7510048E-017
          3875.12      4.8914934E-017
          3886.41      5.0318559E-017
          3897.70      5.1720783E-017
          3908.98      5.3121462E-017
          3920.27      5.4520450E-017
          3931.56      5.5917601E-017
          3942.85      5.7312773E-017
          3954.14      5.8706031E-017
          3965.43      6.0097289E-017
          3976.72      6.1486404E-017
          3988.01      6.2873235E-017
          3999.30      6.4257644E-017
          4010.59      6.5639484E-017
          4021.88      6.7018617E-017
          4033.16      6.8394901E-017
          4044.45      6.9768189E-017
          4055.74      7.1138342E-017
          4067.03      7.2505209E-017
          4078.32      7.3868651E-017
          4089.61      7.5228522E-017
          4100.90      7.6584677E-017
          4112.19      7.7936980E-017
          4123.48      7.9285281E-017
          4134.77      8.0629435E-017
          4146.05      8.1969294E-017
          4157.34      8.3304706E-017
          4168.63      8.4635519E-017
          4179.92      8.5961588E-017
          4191.21      8.7282759E-017
          4202.50      8.8598881E-017
          4213.79      8.9909802E-017
          4225.08      9.1215368E-017
          4236.37      9.2515428E-017
          4247.66      9.3809814E-017
          4258.95      9.5098344E-017
          4270.23      9.6380863E-017
          4281.52      9.7657210E-017
          4292.81      9.8927229E-017
          4304.10      1.0019076E-016
          4315.39      1.0144765E-016
          4326.68      1.0269773E-016
          4337.97      1.0394085E-016
          4349.26      1.0517683E-016
          4360.55      1.0640552E-016
          4371.84      1.0762727E-016
          4383.12      1.0884140E-016
          4394.41      1.1004773E-016
          4405.70      1.1124605E-016
          4416.99      1.1243620E-016
          4428.28      1.1361799E-016
          4439.57      1.1479127E-016
          4450.86      1.1595586E-016
          4462.15      1.1711159E-016
          4473.44      1.1825829E-016
          4484.73      1.1939580E-016
          4496.02      1.2052393E-016
          4507.30      1.2164251E-016
          4518.59      1.2275137E-016
          4529.88      1.2385033E-016
          4541.17      1.2493922E-016
          4552.46      1.2601787E-016
          4563.75      1.2708613E-016
          4575.04      1.2814382E-016
          4586.33      1.2919074E-016
          4597.62      1.3022674E-016
          4608.91      1.3125161E-016
          4620.20      1.3226519E-016
          4631.48      1.3326730E-016
          4642.77      1.3425774E-016
          4654.06      1.3523634E-016
          4665.35      1.3620291E-016
          4676.64      1.3715727E-016
          4687.93      1.3809923E-016
          4699.22      1.3902861E-016
          4710.51      1.3994520E-016
          4721.80      1.4084882E-016
          4733.09      1.4173929E-016
          4744.38      1.4261642E-016
          4755.66      1.4348000E-016
          4766.95      1.4432986E-016
          4778.24      1.4516580E-016
          4789.53      1.4598763E-016
          4800.82      1.4679514E-016
          4812.11      1.4758816E-016
          4823.40      1.4836649E-016
          4834.69      1.4912992E-016
          4845.98      1.4987826E-016
          4857.27      1.5061124E-016
          4868.55      1.5132868E-016
          4879.84      1.5203037E-016
          4891.13      1.5271611E-016
          4902.42      1.5338569E-016
          4913.71      1.5403893E-016
          4925.00      1.5467561E-016
          4936.29      1.5529553E-016
          4947.58      1.5589849E-016
          4958.87      1.5648428E-016
          4970.16      1.5705271E-016
          4981.45      1.5760355E-016
          4992.73      1.5813662E-016
          5004.02      1.5865161E-016
          5015.31      1.5914830E-016
          5026.60      1.5962649E-016
          5037.89      1.6008595E-016
          5049.18      1.6052649E-016
          5060.47      1.6094789E-016
          5071.76      1.6134993E-016
          5083.05      1.6173240E-016
          5094.34      1.6209510E-016
          5105.62      1.6243781E-016
          5116.91      1.6276030E-016
          5128.20      1.6306237E-016
          5139.49      1.6334380E-016
          5150.78      1.6360433E-016
          5162.07      1.6384368E-016
          5173.36      1.6406164E-016
          5184.65      1.6425799E-016
          5195.94      1.6443252E-016
          5207.23      1.6458499E-016
          5218.52      1.6471519E-016
          5229.80      1.6482290E-016
          5241.09      1.6490789E-016
          5252.38      1.6496994E-016
          5263.67      1.6500884E-016
          5274.96      1.6502435E-016
          5286.25      1.6501625E-016
          5297.54      1.6498429E-016
          5308.83      1.6492818E-016
          5320.12      1.6484769E-016
          5331.41      1.6474260E-016
          5342.70      1.6461267E-016
          5353.98      1.6445768E-016
          5365.27      1.6427739E-016
          5376.56      1.6407164E-016
          5387.85      1.6384011E-016
          5399.14      1.6358258E-016
          5410.43      1.6329881E-016
          5421.72      1.6298857E-016
          5433.01      1.6265164E-016
          5444.30      1.6228777E-016
          5455.59      1.6189658E-016
          5466.88      1.6147782E-016
          5478.16      1.6103125E-016
          5489.45      1.6055664E-016
          5500.74      1.6005376E-016
          5512.03      1.5952238E-016
          5523.32      1.5896224E-016
          5534.61      1.5837313E-016
          5545.90      1.5775480E-016
          5557.19      1.5710702E-016
          5568.48      1.5642955E-016
          5579.77      1.5571966E-016
          5591.05      1.5497671E-016
          5602.34      1.5420046E-016
          5613.63      1.5339067E-016
          5624.92      1.5254709E-016
          5636.21      1.5166948E-016
          5647.50      1.5075761E-016
          5658.79      1.4981122E-016
          5670.08      1.4882997E-016
          5681.37      1.4779627E-016
          5692.66      1.4670985E-016
          5703.95      1.4557048E-016
          5715.23      1.4437789E-016
          5726.52      1.4313186E-016
          5737.81      1.4183214E-016
          5749.10      1.4047852E-016
          5760.39      1.3907076E-016
          5771.68      1.3760865E-016
          5782.97      1.3609347E-016
          5794.26      1.3454098E-016
          5805.55      1.3295097E-016
          5816.84      1.3132324E-016
          5828.12      1.2965759E-016
          5839.41      1.2795384E-016
          5850.70      1.2621178E-016
          5861.99      1.2443121E-016
          5873.28      1.2261196E-016
          5884.57      1.2075382E-016
          5895.86      1.1885660E-016
          5907.15      1.1692003E-016
          5918.44      1.1493746E-016
          5929.73      1.1290872E-016
          5941.02      1.1083363E-016
          5952.30      1.0871201E-016
          5963.59      1.0654370E-016
          5974.88      1.0432731E-016
          5986.17      1.0206106E-016
          5997.46      9.9744793E-017
          6008.75      9.7378369E-017
          6020.04      9.4961666E-017
          6031.33      9.2502644E-017
          6042.62      9.0001136E-017
          6053.91      8.7456995E-017
          6065.20      8.4870058E-017
          6076.48      8.2242862E-017
          6087.77      7.9577238E-017
          6099.06      7.6873019E-017
          6110.35      7.4130045E-017
          6121.64      7.1346691E-017
          6132.93      6.8514283E-017
          6144.22      6.5632695E-017
          6155.51      6.2705250E-017
          6166.80      5.9732066E-017
          6178.09      5.6720856E-017
          6189.38      5.3674563E-017
          6200.66      5.0592963E-017
          6211.95      4.7475846E-017
          6223.24      4.4322978E-017
          6234.53      4.1134073E-017
          6245.82      3.7908933E-017
          6257.11      3.4647278E-017
          6268.40      3.1348925E-017
          6279.69      2.8014282E-017
          6290.98      2.4643246E-017
          6302.27      2.1235432E-017
          6313.55      1.7790532E-017
          6324.84      1.4308417E-017
          6336.13      1.0788977E-017
          6347.42      7.2316017E-018
          6358.71      3.6356763E-018
          6370.00      1.1521402E-050
