          3480.00     -2.5555750E-042
          3491.29      5.9801538E-024
          3502.58      1.2021599E-023
          3513.87      1.8168659E-023
          3525.16      2.4465962E-023
          3536.45      3.0958783E-023
          3547.73      3.7693345E-023
          3559.02      4.4717113E-023
          3570.31      5.2079140E-023
          3581.60      5.9830365E-023
          3592.89      6.8023938E-023
          3604.18      7.6715360E-023
          3615.47      8.5962748E-023
          3626.76      9.5827719E-023
          3638.05      1.0637547E-022
          3649.34      1.1767514E-022
          3660.62      1.2980023E-022
          3671.91      1.4282900E-022
          3683.20      1.5684492E-022
          3694.49      1.7193713E-022
          3705.78      1.8820086E-022
          3717.07      2.0573803E-022
          3728.36      2.2465776E-022
          3739.65      2.4507689E-022
          3750.94      2.6712069E-022
          3762.23      2.9092342E-022
          3773.52      3.1662906E-022
          3784.80      3.4439204E-022
          3796.09      3.7437798E-022
          3807.38      4.0676499E-022
          3818.67      4.4174379E-022
          3829.96      4.7951889E-022
          3841.25      5.2030975E-022
          3852.54      5.6435171E-022
          3863.83      6.1189717E-022
          3875.12      6.6321686E-022
          3886.41      7.1860086E-022
          3897.70      7.7836030E-022
          3908.98      8.4282868E-022
          3920.27      9.1236318E-022
          3931.56      9.8734666E-022
          3942.85      1.0681892E-021
          3954.14      1.1553309E-021
          3965.43      1.2492426E-021
          3976.72      1.3504278E-021
          3988.01      1.4594257E-021
          3999.30      1.5768134E-021
          4010.59      1.7032078E-021
          4021.88      1.8392692E-021
          4033.16      1.9857037E-021
          4044.45      2.1432659E-021
          4055.74      2.3127628E-021
          4067.03      2.4950561E-021
          4078.32      2.6910671E-021
          4089.61      2.9017798E-021
          4100.90      3.1282444E-021
          4112.19      3.3715827E-021
          4123.48      3.6329921E-021
          4134.77      3.9137500E-021
          4146.05      4.2152199E-021
          4157.34      4.5388551E-021
          4168.63      4.8862060E-021
          4179.92      5.2589260E-021
          4191.21      5.6587761E-021
          4202.50      6.0876340E-021
          4213.79      6.5474998E-021
          4225.08      7.0405038E-021
          4236.37      7.5689149E-021
          4247.66      8.1351473E-021
          4258.95      8.7417709E-021
          4270.23      9.3915217E-021
          4281.52      1.0087308E-020
          4292.81      1.0832226E-020
          4304.10      1.1629566E-020
          4315.39      1.2482826E-020
          4326.68      1.3395727E-020
          4337.97      1.4372218E-020
          4349.26      1.5416497E-020
          4360.55      1.6533024E-020
          4371.84      1.7726556E-020
          4383.12      1.9002096E-020
          4394.41      2.0364979E-020
          4405.70      2.1820862E-020
          4416.99      2.3375747E-020
          4428.28      2.5036000E-020
          4439.57      2.6808372E-020
          4450.86      2.8700021E-020
          4462.15      3.0718528E-020
          4473.44      3.2871930E-020
          4484.73      3.5168738E-020
          4496.02      3.7617967E-020
          4507.30      4.0229163E-020
          4518.59      4.3012423E-020
          4529.88      4.5978440E-020
          4541.17      4.9138527E-020
          4552.46      5.2504645E-020
          4563.75      5.6089448E-020
          4575.04      5.9906310E-020
          4586.33      6.3969367E-020
          4597.62      6.8293559E-020
          4608.91      7.2894657E-020
          4620.20      7.7789329E-020
          4631.48      8.2995174E-020
          4642.77      8.8530755E-020
          4654.06      9.4415674E-020
          4665.35      1.0067061E-019
          4676.64      1.0731737E-019
          4687.93      1.1437896E-019
          4699.22      1.2187960E-019
          4710.51      1.2984486E-019
          4721.80      1.3830165E-019
          4733.09      1.4727831E-019
          4744.38      1.5680472E-019
          4755.66      1.6691229E-019
          4766.95      1.7763411E-019
          4778.24      1.8900499E-019
          4789.53      2.0106152E-019
          4800.82      2.1384221E-019
          4812.11      2.2738754E-019
          4823.40      2.4174000E-019
          4834.69      2.5694430E-019
          4845.98      2.7304736E-019
          4857.27      2.9009840E-019
          4868.55      3.0814917E-019
          4879.84      3.2725388E-019
          4891.13      3.4746949E-019
          4902.42      3.6885569E-019
          4913.71      3.9147502E-019
          4925.00      4.1539309E-019
          4936.29      4.4067858E-019
          4947.58      4.6740345E-019
          4958.87      4.9564304E-019
          4970.16      5.2547613E-019
          4981.45      5.5698520E-019
          4992.73      5.9025654E-019
          5004.02      6.2538013E-019
          5015.31      6.6245018E-019
          5026.60      7.0156508E-019
          5037.89      7.4282758E-019
          5049.18      7.8634496E-019
          5060.47      8.3222904E-019
          5071.76      8.8059655E-019
          5083.05      9.3156920E-019
          5094.34      9.8527368E-019
          5105.62      1.0418421E-018
          5116.91      1.1014118E-018
          5128.20      1.1641260E-018
          5139.49      1.2301334E-018
          5150.78      1.2995885E-018
          5162.07      1.3726520E-018
          5173.36      1.4494908E-018
          5184.65      1.5302779E-018
          5195.94      1.6151931E-018
          5207.23      1.7044228E-018
          5218.52      1.7981599E-018
          5229.80      1.8966045E-018
          5241.09      1.9999633E-018
          5252.38      2.1084504E-018
          5263.67      2.2222870E-018
          5274.96      2.3417012E-018
          5286.25      2.4669291E-018
          5297.54      2.5982134E-018
          5308.83      2.7358043E-018
          5320.12      2.8799598E-018
          5331.41      3.0309448E-018
          5342.70      3.1890320E-018
          5353.98      3.3545013E-018
          5365.27      3.5276395E-018
          5376.56      3.7087411E-018
          5387.85      3.8981066E-018
          5399.14      4.0960435E-018
          5410.43      4.3028662E-018
          5421.72      4.5188943E-018
          5433.01      4.7444539E-018
          5444.30      4.9798764E-018
          5455.59      5.2254962E-018
          5466.88      5.4816534E-018
          5478.16      5.7486922E-018
          5489.45      6.0269595E-018
          5500.74      6.3168047E-018
          5512.03      6.6185781E-018
          5523.32      6.9326308E-018
          5534.61      7.2593136E-018
          5545.90      7.5989743E-018
          5557.19      7.9519585E-018
          5568.48      8.3186069E-018
          5579.77      8.6992168E-018
          5591.05      9.0941047E-018
          5602.34      9.5035814E-018
          5613.63      9.9279479E-018
          5624.92      1.0367491E-017
          5636.21      1.0822481E-017
          5647.50      1.1293171E-017
          5658.79      1.1779790E-017
          5670.08      1.2282542E-017
          5681.37      1.2801236E-017
          5692.66      1.3335976E-017
          5703.95      1.3886841E-017
          5715.23      1.4453878E-017
          5726.52      1.5037097E-017
          5737.81      1.5636469E-017
          5749.10      1.6251924E-017
          5760.39      1.6883341E-017
          5771.68      1.7530548E-017
          5782.97      1.8193357E-017
          5794.26      1.8871975E-017
          5805.55      1.9566088E-017
          5816.84      2.0275291E-017
          5828.12      2.0999082E-017
          5839.41      2.1736854E-017
          5850.70      2.2487885E-017
          5861.99      2.3251330E-017
          5873.28      2.4026206E-017
          5884.57      2.4811391E-017
          5895.86      2.5605601E-017
          5907.15      2.6407380E-017
          5918.44      2.7214808E-017
          5929.73      2.8026036E-017
          5941.02      2.8839013E-017
          5952.30      2.9651475E-017
          5963.59      3.0460926E-017
          5974.88      3.1264558E-017
          5986.17      3.2059276E-017
          5997.46      3.2841777E-017
          6008.75      3.3608467E-017
          6020.04      3.4355430E-017
          6031.33      3.5078872E-017
          6042.62      3.5774187E-017
          6053.91      3.6436352E-017
          6065.20      3.7059898E-017
          6076.48      3.7639051E-017
          6087.77      3.8167485E-017
          6099.06      3.8638201E-017
          6110.35      3.9043604E-017
          6121.64      3.9375364E-017
          6132.93      3.9624020E-017
          6144.22      3.9779959E-017
          6155.51      3.9833081E-017
          6166.80      3.9772312E-017
          6178.09      3.9586237E-017
          6189.38      3.9262215E-017
          6200.66      3.8786386E-017
          6211.95      3.8143802E-017
          6223.24      3.7318357E-017
          6234.53      3.6292713E-017
          6245.82      3.5048228E-017
          6257.11      3.3564868E-017
          6268.40      3.1821128E-017
          6279.69      2.9793962E-017
          6290.98      2.7458621E-017
          6302.27      2.4788563E-017
          6313.55      2.1755361E-017
          6324.84      1.8328597E-017
          6336.13      1.4475712E-017
          6347.42      1.0161877E-017
          6358.71      5.3498866E-018
          6370.00      0.0000000E+000
