          3480.00      0.0000000E+000
          3491.29      3.0407201E-022
          3502.58      6.1022724E-022
          3513.87      9.1968311E-022
          3525.16      1.2336567E-021
          3536.45      1.5533710E-021
          3547.73      1.8800589E-021
          3559.02      2.2149666E-021
          3570.31      2.5593600E-021
          3581.60      2.9145278E-021
          3592.89      3.2817861E-021
          3604.18      3.6624740E-021
          3615.47      4.0579547E-021
          3626.76      4.4696453E-021
          3638.05      4.8990080E-021
          3649.34      5.3475531E-021
          3660.62      5.8168459E-021
          3671.91      6.3085094E-021
          3683.20      6.8242298E-021
          3694.49      7.3657615E-021
          3705.78      7.9349299E-021
          3717.07      8.5336398E-021
          3728.36      9.1638783E-021
          3739.65      9.8277194E-021
          3750.94      1.0527332E-020
          3762.23      1.1264983E-020
          3773.52      1.2043045E-020
          3784.80      1.2864001E-020
          3796.09      1.3730451E-020
          3807.38      1.4645134E-020
          3818.67      1.5610906E-020
          3829.96      1.6630760E-020
          3841.25      1.7707834E-020
          3852.54      1.8845416E-020
          3863.83      2.0046954E-020
          3875.12      2.1316066E-020
          3886.41      2.2656539E-020
          3897.70      2.4072350E-020
          3908.98      2.5567667E-020
          3920.27      2.7146857E-020
          3931.56      2.8814504E-020
          3942.85      3.0575409E-020
          3954.14      3.2434634E-020
          3965.43      3.4397468E-020
          3976.72      3.6469445E-020
          3988.01      3.8656370E-020
          3999.30      4.0964326E-020
          4010.59      4.3399678E-020
          4021.88      4.5969103E-020
          4033.16      4.8679593E-020
          4044.45      5.1538466E-020
          4055.74      5.4553394E-020
          4067.03      5.7732395E-020
          4078.32      6.1083874E-020
          4089.61      6.4616627E-020
          4100.90      6.8339850E-020
          4112.19      7.2263175E-020
          4123.48      7.6396671E-020
          4134.77      8.0750871E-020
          4146.05      8.5336791E-020
          4157.34      9.0165939E-020
          4168.63      9.5250352E-020
          4179.92      1.0060261E-019
          4191.21      1.0623586E-019
          4202.50      1.1216382E-019
          4213.79      1.1840084E-019
          4225.08      1.2496189E-019
          4236.37      1.3186262E-019
          4247.66      1.3911933E-019
          4258.95      1.4674905E-019
          4270.23      1.5476955E-019
          4281.52      1.6319937E-019
          4292.81      1.7205785E-019
          4304.10      1.8136515E-019
          4315.39      1.9114230E-019
          4326.68      2.0141123E-019
          4337.97      2.1219474E-019
          4349.26      2.2351666E-019
          4360.55      2.3540178E-019
          4371.84      2.4787625E-019
          4383.12      2.6096663E-019
          4394.41      2.7470093E-019
          4405.70      2.8910822E-019
          4416.99      3.0421881E-019
          4428.28      3.2006423E-019
          4439.57      3.3667726E-019
          4450.86      3.5409203E-019
          4462.15      3.7234397E-019
          4473.44      3.9146993E-019
          4484.73      4.1150823E-019
          4496.02      4.3249864E-019
          4507.30      4.5448252E-019
          4518.59      4.7750275E-019
          4529.88      5.0160390E-019
          4541.17      5.2683225E-019
          4552.46      5.5323577E-019
          4563.75      5.8086431E-019
          4575.04      6.0976950E-019
          4586.33      6.4000492E-019
          4597.62      6.7162611E-019
          4608.91      7.0469057E-019
          4620.20      7.3925795E-019
          4631.48      7.7539006E-019
          4642.77      8.1315081E-019
          4654.06      8.5260644E-019
          4665.35      8.9382552E-019
          4676.64      9.3687899E-019
          4687.93      9.8184026E-019
          4699.22      1.0287851E-018
          4710.51      1.0777921E-018
          4721.80      1.1289423E-018
          4733.09      1.1823195E-018
          4744.38      1.2380102E-018
          4755.66      1.2961039E-018
          4766.95      1.3566928E-018
          4778.24      1.4198722E-018
          4789.53      1.4857403E-018
          4800.82      1.5543984E-018
          4812.11      1.6259511E-018
          4823.40      1.7005059E-018
          4834.69      1.7781739E-018
          4845.98      1.8590693E-018
          4857.27      1.9433094E-018
          4868.55      2.0310154E-018
          4879.84      2.1223117E-018
          4891.13      2.2173263E-018
          4902.42      2.3161910E-018
          4913.71      2.4190409E-018
          4925.00      2.5260149E-018
          4936.29      2.6372558E-018
          4947.58      2.7529099E-018
          4958.87      2.8731275E-018
          4970.16      2.9980623E-018
          4981.45      3.1278722E-018
          4992.73      3.2627188E-018
          5004.02      3.4027669E-018
          5015.31      3.5481855E-018
          5026.60      3.6991478E-018
          5037.89      3.8558305E-018
          5049.18      4.0184145E-018
          5060.47      4.1870838E-018
          5071.76      4.3620267E-018
          5083.05      4.5434352E-018
          5094.34      4.7315043E-018
          5105.62      4.9264332E-018
          5116.91      5.1284243E-018
          5128.20      5.3376832E-018
          5139.49      5.5544192E-018
          5150.78      5.7788434E-018
          5162.07      6.0111704E-018
          5173.36      6.2516180E-018
          5184.65      6.5004061E-018
          5195.94      6.7577576E-018
          5207.23      7.0238973E-018
          5218.52      7.2990520E-018
          5229.80      7.5834504E-018
          5241.09      7.8773216E-018
          5252.38      8.1808967E-018
          5263.67      8.4944074E-018
          5274.96      8.8180847E-018
          5286.25      9.1521605E-018
          5297.54      9.4968654E-018
          5308.83      9.8524279E-018
          5320.12      1.0219077E-017
          5331.41      1.0597036E-017
          5342.70      1.0986531E-017
          5353.98      1.1387780E-017
          5365.27      1.1800999E-017
          5376.56      1.2226399E-017
          5387.85      1.2664184E-017
          5399.14      1.3114553E-017
          5410.43      1.3577696E-017
          5421.72      1.4053795E-017
          5433.01      1.4543024E-017
          5444.30      1.5045545E-017
          5455.59      1.5561503E-017
          5466.88      1.6091036E-017
          5478.16      1.6634266E-017
          5489.45      1.7191300E-017
          5500.74      1.7762228E-017
          5512.03      1.8347120E-017
          5523.32      1.8946026E-017
          5534.61      1.9558976E-017
          5545.90      2.0185970E-017
          5557.19      2.0826988E-017
          5568.48      2.1481978E-017
          5579.77      2.2150765E-017
          5591.05      2.2833211E-017
          5602.34      2.3529157E-017
          5613.63      2.4238409E-017
          5624.92      2.4960732E-017
          5636.21      2.5695849E-017
          5647.50      2.6443437E-017
          5658.79      2.7203124E-017
          5670.08      2.7974483E-017
          5681.37      2.8756201E-017
          5692.66      2.9547682E-017
          5703.95      3.0348278E-017
          5715.23      3.1157286E-017
          5726.52      3.1973944E-017
          5737.81      3.2797431E-017
          5749.10      3.3626859E-017
          5760.39      3.4461274E-017
          5771.68      3.5299648E-017
          5782.97      3.6140967E-017
          5794.26      3.6985021E-017
          5805.55      3.7830604E-017
          5816.84      3.8676394E-017
          5828.12      3.9520964E-017
          5839.41      4.0362761E-017
          5850.70      4.1200109E-017
          5861.99      4.2031199E-017
          5873.28      4.2854080E-017
          5884.57      4.3666657E-017
          5895.86      4.4466681E-017
          5907.15      4.5251729E-017
          5918.44      4.6018735E-017
          5929.73      4.6764919E-017
          5941.02      4.7487325E-017
          5952.30      4.8182812E-017
          5963.59      4.8848048E-017
          5974.88      4.9479398E-017
          5986.17      5.0072980E-017
          5997.46      5.0624822E-017
          6008.75      5.1130729E-017
          6020.04      5.1586268E-017
          6031.33      5.1987448E-017
          6042.62      5.2329332E-017
          6053.91      5.2606689E-017
          6065.20      5.2813979E-017
          6076.48      5.2945570E-017
          6087.77      5.2995428E-017
          6099.06      5.2956977E-017
          6110.35      5.2823254E-017
          6121.64      5.2586761E-017
          6132.93      5.2238980E-017
          6144.22      5.1771716E-017
          6155.51      5.1176648E-017
          6166.80      5.0444730E-017
          6178.09      4.9567061E-017
          6189.38      4.8533796E-017
          6200.66      4.7334251E-017
          6211.95      4.5957133E-017
          6223.24      4.4390513E-017
          6234.53      4.2621793E-017
          6245.82      4.0637688E-017
          6257.11      3.8424179E-017
          6268.40      3.5966502E-017
          6279.69      3.3249128E-017
          6290.98      3.0255661E-017
          6302.27      2.6968823E-017
          6313.55      2.3370425E-017
          6324.84      1.9441350E-017
          6336.13      1.5161476E-017
          6347.42      1.0509632E-017
          6358.71      5.4635907E-018
          6370.00      1.6260458E-053
