          3480.00      7.1895830E-029
          3491.29     -2.2503742E-006
          3502.58     -4.5116989E-006
          3513.87     -6.7922176E-006
          3525.16     -9.1001409E-006
          3536.45     -1.1443688E-005
          3547.73     -1.3831108E-005
          3559.02     -1.6270705E-005
          3570.31     -1.8770876E-005
          3581.60     -2.1340129E-005
          3592.89     -2.3987117E-005
          3604.18     -2.6720662E-005
          3615.47     -2.9549773E-005
          3626.76     -3.2483691E-005
          3638.05     -3.5531905E-005
          3649.34     -3.8704173E-005
          3660.62     -4.2010562E-005
          3671.91     -4.5461471E-005
          3683.20     -4.9067654E-005
          3694.49     -5.2840258E-005
          3705.78     -5.6790834E-005
          3717.07     -6.0931392E-005
          3728.36     -6.5274414E-005
          3739.65     -6.9832879E-005
          3750.94     -7.4620316E-005
          3762.23     -7.9650819E-005
          3773.52     -8.4939088E-005
          3784.80     -9.0500466E-005
          3796.09     -9.6350953E-005
          3807.38     -1.0250728E-004
          3818.67     -1.0898691E-004
          3829.96     -1.1580811E-004
          3841.25     -1.2298995E-004
          3852.54     -1.3055239E-004
          3863.83     -1.3851630E-004
          3875.12     -1.4690352E-004
          3886.41     -1.5573684E-004
          3897.70     -1.6504016E-004
          3908.98     -1.7483846E-004
          3920.27     -1.8515786E-004
          3931.56     -1.9602570E-004
          3942.85     -2.0747059E-004
          3954.14     -2.1952244E-004
          3965.43     -2.3221255E-004
          3976.72     -2.4557365E-004
          3988.01     -2.5963997E-004
          3999.30     -2.7444735E-004
          4010.59     -2.9003320E-004
          4021.88     -3.0643670E-004
          4033.16     -3.2369879E-004
          4044.45     -3.4186227E-004
          4055.74     -3.6097190E-004
          4067.03     -3.8107443E-004
          4078.32     -4.0221874E-004
          4089.61     -4.2445592E-004
          4100.90     -4.4783930E-004
          4112.19     -4.7242464E-004
          4123.48     -4.9827017E-004
          4134.77     -5.2543671E-004
          4146.05     -5.5398777E-004
          4157.34     -5.8398961E-004
          4168.63     -6.1551146E-004
          4179.92     -6.4862560E-004
          4191.21     -6.8340735E-004
          4202.50     -7.1993542E-004
          4213.79     -7.5829187E-004
          4225.08     -7.9856232E-004
          4236.37     -8.4083610E-004
          4247.66     -8.8520624E-004
          4258.95     -9.3176986E-004
          4270.23     -9.8062820E-004
          4281.52     -1.0318867E-003
          4292.81     -1.0856552E-003
          4304.10     -1.1420484E-003
          4315.39     -1.2011856E-003
          4326.68     -1.2631910E-003
          4337.97     -1.3281941E-003
          4349.26     -1.3963297E-003
          4360.55     -1.4677381E-003
          4371.84     -1.5425654E-003
          4383.12     -1.6209635E-003
          4394.41     -1.7030908E-003
          4405.70     -1.7891117E-003
          4416.99     -1.8791975E-003
          4428.28     -1.9735262E-003
          4439.57     -2.0722830E-003
          4450.86     -2.1756605E-003
          4462.15     -2.2838586E-003
          4473.44     -2.3970853E-003
          4484.73     -2.5155569E-003
          4496.02     -2.6394978E-003
          4507.30     -2.7691415E-003
          4518.59     -2.9047299E-003
          4529.88     -3.0465147E-003
          4541.17     -3.1947573E-003
          4552.46     -3.3497284E-003
          4563.75     -3.5117097E-003
          4575.04     -3.6809930E-003
          4586.33     -3.8578813E-003
          4597.62     -4.0426890E-003
          4608.91     -4.2357416E-003
          4620.20     -4.4373772E-003
          4631.48     -4.6479463E-003
          4642.77     -4.8678115E-003
          4654.06     -5.0973494E-003
          4665.35     -5.3369497E-003
          4676.64     -5.5870163E-003
          4687.93     -5.8479678E-003
          4699.22     -6.1202368E-003
          4710.51     -6.4042719E-003
          4721.80     -6.7005376E-003
          4733.09     -7.0095138E-003
          4744.38     -7.3316975E-003
          4755.66     -7.6676031E-003
          4766.95     -8.0177622E-003
          4778.24     -8.3827250E-003
          4789.53     -8.7630593E-003
          4800.82     -9.1593530E-003
          4812.11     -9.5722134E-003
          4823.40     -1.0002267E-002
          4834.69     -1.0450163E-002
          4845.98     -1.0916569E-002
          4857.27     -1.1402176E-002
          4868.55     -1.1907699E-002
          4879.84     -1.2433872E-002
          4891.13     -1.2981454E-002
          4902.42     -1.3551229E-002
          4913.71     -1.4144004E-002
          4925.00     -1.4760612E-002
          4936.29     -1.5401910E-002
          4947.58     -1.6068784E-002
          4958.87     -1.6762145E-002
          4970.16     -1.7482930E-002
          4981.45     -1.8232106E-002
          4992.73     -1.9010667E-002
          5004.02     -1.9819637E-002
          5015.31     -2.0660068E-002
          5026.60     -2.1533043E-002
          5037.89     -2.2439677E-002
          5049.18     -2.3381115E-002
          5060.47     -2.4358531E-002
          5071.76     -2.5373134E-002
          5083.05     -2.6426166E-002
          5094.34     -2.7518901E-002
          5105.62     -2.8652645E-002
          5116.91     -2.9828740E-002
          5128.20     -3.1048563E-002
          5139.49     -3.2313525E-002
          5150.78     -3.3625070E-002
          5162.07     -3.4984680E-002
          5173.36     -3.6393872E-002
          5184.65     -3.7854199E-002
          5195.94     -3.9367248E-002
          5207.23     -4.0934648E-002
          5218.52     -4.2558058E-002
          5229.80     -4.4239179E-002
          5241.09     -4.5979744E-002
          5252.38     -4.7781526E-002
          5263.67     -4.9646335E-002
          5274.96     -5.1576011E-002
          5286.25     -5.3572438E-002
          5297.54     -5.5637532E-002
          5308.83     -5.7773244E-002
          5320.12     -5.9981564E-002
          5331.41     -6.2264509E-002
          5342.70     -6.4624135E-002
          5353.98     -6.7062532E-002
          5365.27     -6.9581816E-002
          5376.56     -7.2184140E-002
          5387.85     -7.4871684E-002
          5399.14     -7.7646657E-002
          5410.43     -8.0511298E-002
          5421.72     -8.3467864E-002
          5433.01     -8.6518642E-002
          5444.30     -8.9665943E-002
          5455.59     -9.2912089E-002
          5466.88     -9.6259427E-002
          5478.16     -9.9710317E-002
          5489.45     -1.0326713E-001
          5500.74     -1.0693225E-001
          5512.03     -1.1070807E-001
          5523.32     -1.1459696E-001
          5534.61     -1.1860134E-001
          5545.90     -1.2272356E-001
          5557.19     -1.2696602E-001
          5568.48     -1.3133108E-001
          5579.77     -1.3582107E-001
          5591.05     -1.4043833E-001
          5602.34     -1.4518513E-001
          5613.63     -1.5006373E-001
          5624.92     -1.5507634E-001
          5636.21     -1.6022513E-001
          5647.50     -1.6551220E-001
          5658.79     -1.7093960E-001
          5670.08     -1.7650930E-001
          5681.37     -1.8222318E-001
          5692.66     -1.8808306E-001
          5703.95     -1.9409062E-001
          5715.23     -2.0024746E-001
          5726.52     -2.0655505E-001
          5737.81     -2.1301472E-001
          5749.10     -2.1962767E-001
          5760.39     -2.2639491E-001
          5771.68     -2.3331733E-001
          5782.97     -2.4039558E-001
          5794.26     -2.4763013E-001
          5805.55     -2.5502124E-001
          5816.84     -2.6256891E-001
          5828.12     -2.7027291E-001
          5839.41     -2.7813272E-001
          5850.70     -2.8614753E-001
          5861.99     -2.9431624E-001
          5873.28     -3.0263737E-001
          5884.57     -3.1110910E-001
          5895.86     -3.1972923E-001
          5907.15     -3.2849514E-001
          5918.44     -3.3740378E-001
          5929.73     -3.4645162E-001
          5941.02     -3.5563465E-001
          5952.30     -3.6494831E-001
          5963.59     -3.7438749E-001
          5974.88     -3.8394648E-001
          5986.17     -3.9361895E-001
          5997.46     -4.0339786E-001
          6008.75     -4.1327548E-001
          6020.04     -4.2324335E-001
          6031.33     -4.3329217E-001
          6042.62     -4.4341183E-001
          6053.91     -4.5359128E-001
          6065.20     -4.6381856E-001
          6076.48     -4.7408072E-001
          6087.77     -4.8436371E-001
          6099.06     -4.9465242E-001
          6110.35     -5.0493054E-001
          6121.64     -5.1518052E-001
          6132.93     -5.2538354E-001
          6144.22     -5.3551934E-001
          6155.51     -5.4556627E-001
          6166.80     -5.5550116E-001
          6178.09     -5.6529920E-001
          6189.38     -5.7493390E-001
          6200.66     -5.8437704E-001
          6211.95     -5.9359850E-001
          6223.24     -6.0256621E-001
          6234.53     -6.1124605E-001
          6245.82     -6.1960172E-001
          6257.11     -6.2759469E-001
          6268.40     -6.3518401E-001
          6279.69     -6.4232627E-001
          6290.98     -6.4897542E-001
          6302.27     -6.5508267E-001
          6313.55     -6.6059635E-001
          6324.84     -6.6546178E-001
          6336.13     -6.6962111E-001
          6347.42     -6.7301318E-001
          6358.71     -6.7557337E-001
          6370.00     -6.7723343E-001
