          3480.00     -1.7220874E-033
          3491.29     -5.8264753E-010
          3502.58     -1.1694670E-009
          3513.87     -1.7630735E-009
          3525.16     -2.3660834E-009
          3536.45     -2.9811284E-009
          3547.73     -3.6108658E-009
          3559.02     -4.2579871E-009
          3570.31     -4.9252326E-009
          3581.60     -5.6153999E-009
          3592.89     -6.3313551E-009
          3604.18     -7.0760263E-009
          3615.47     -7.8524076E-009
          3626.76     -8.6636204E-009
          3638.05     -9.5128977E-009
          3649.34     -1.0403593E-008
          3660.62     -1.1339195E-008
          3671.91     -1.2323339E-008
          3683.20     -1.3359816E-008
          3694.49     -1.4452589E-008
          3705.78     -1.5605799E-008
          3717.07     -1.6823786E-008
          3728.36     -1.8111098E-008
          3739.65     -1.9472502E-008
          3750.94     -2.0913007E-008
          3762.23     -2.2437871E-008
          3773.52     -2.4052617E-008
          3784.80     -2.5763056E-008
          3796.09     -2.7575296E-008
          3807.38     -2.9495793E-008
          3818.67     -3.1531315E-008
          3829.96     -3.3688981E-008
          3841.25     -3.5976288E-008
          3852.54     -3.8401127E-008
          3863.83     -4.0971805E-008
          3875.12     -4.3697069E-008
          3886.41     -4.6586123E-008
          3897.70     -4.9648663E-008
          3908.98     -5.2894898E-008
          3920.27     -5.6335565E-008
          3931.56     -5.9981976E-008
          3942.85     -6.3846035E-008
          3954.14     -6.7940325E-008
          3965.43     -7.2278058E-008
          3976.72     -7.6873113E-008
          3988.01     -8.1740105E-008
          3999.30     -8.6894411E-008
          4010.59     -9.2352189E-008
          4021.88     -9.8130449E-008
          4033.16     -1.0424707E-007
          4044.45     -1.1072087E-007
          4055.74     -1.1757159E-007
          4067.03     -1.2482002E-007
          4078.32     -1.3248799E-007
          4089.61     -1.4059845E-007
          4100.90     -1.4917548E-007
          4112.19     -1.5824441E-007
          4123.48     -1.6783183E-007
          4134.77     -1.7796565E-007
          4146.05     -1.8867519E-007
          4157.34     -1.9999120E-007
          4168.63     -2.1194596E-007
          4179.92     -2.2457336E-007
          4191.21     -2.3790892E-007
          4202.50     -2.5198993E-007
          4213.79     -2.6685547E-007
          4225.08     -2.8254652E-007
          4236.37     -2.9910608E-007
          4247.66     -3.1657913E-007
          4258.95     -3.3501286E-007
          4270.23     -3.5445671E-007
          4281.52     -3.7496244E-007
          4292.81     -3.9658431E-007
          4304.10     -4.1937912E-007
          4315.39     -4.4340632E-007
          4326.68     -4.6872819E-007
          4337.97     -4.9540980E-007
          4349.26     -5.2351936E-007
          4360.55     -5.5312817E-007
          4371.84     -5.8431162E-007
          4383.12     -6.1714694E-007
          4394.41     -6.5171568E-007
          4405.70     -6.8810299E-007
          4416.99     -7.2639795E-007
          4428.28     -7.6669360E-007
          4439.57     -8.0908718E-007
          4450.86     -8.5368033E-007
          4462.15     -9.0057903E-007
          4473.44     -9.4989407E-007
          4484.73     -1.0017411E-006
          4496.02     -1.0562407E-006
          4507.30     -1.1135189E-006
          4518.59     -1.1737071E-006
          4529.88     -1.2369421E-006
          4541.17     -1.3033671E-006
          4552.46     -1.3731310E-006
          4563.75     -1.4463893E-006
          4575.04     -1.5233037E-006
          4586.33     -1.6040431E-006
          4597.62     -1.6887833E-006
          4608.91     -1.7777073E-006
          4620.20     -1.8710057E-006
          4631.48     -1.9688773E-006
          4642.77     -2.0715284E-006
          4654.06     -2.1791742E-006
          4665.35     -2.2920384E-006
          4676.64     -2.4103540E-006
          4687.93     -2.5343631E-006
          4699.22     -2.6643172E-006
          4710.51     -2.8004781E-006
          4721.80     -2.9431180E-006
          4733.09     -3.0925194E-006
          4744.38     -3.2489760E-006
          4755.66     -3.4127929E-006
          4766.95     -3.5842868E-006
          4778.24     -3.7637869E-006
          4789.53     -3.9516341E-006
          4800.82     -4.1481828E-006
          4812.11     -4.3538007E-006
          4823.40     -4.5688687E-006
          4834.69     -4.7937822E-006
          4845.98     -5.0289509E-006
          4857.27     -5.2747990E-006
          4868.55     -5.5317667E-006
          4879.84     -5.8003092E-006
          4891.13     -6.0808990E-006
          4902.42     -6.3740251E-006
          4913.71     -6.6801930E-006
          4925.00     -6.9999265E-006
          4936.29     -7.3337674E-006
          4947.58     -7.6822761E-006
          4958.87     -8.0460321E-006
          4970.16     -8.4256337E-006
          4981.45     -8.8217002E-006
          4992.73     -9.2348713E-006
          5004.02     -9.6658050E-006
          5015.31     -1.0115183E-005
          5026.60     -1.0583709E-005
          5037.89     -1.1072108E-005
          5049.18     -1.1581131E-005
          5060.47     -1.2111548E-005
          5071.76     -1.2664155E-005
          5083.05     -1.3239774E-005
          5094.34     -1.3839248E-005
          5105.62     -1.4463449E-005
          5116.91     -1.5113271E-005
          5128.20     -1.5789638E-005
          5139.49     -1.6493496E-005
          5150.78     -1.7225820E-005
          5162.07     -1.7987608E-005
          5173.36     -1.8779892E-005
          5184.65     -1.9603728E-005
          5195.94     -2.0460200E-005
          5207.23     -2.1350421E-005
          5218.52     -2.2275536E-005
          5229.80     -2.3236714E-005
          5241.09     -2.4235153E-005
          5252.38     -2.5272084E-005
          5263.67     -2.6348764E-005
          5274.96     -2.7466478E-005
          5286.25     -2.8626544E-005
          5297.54     -2.9830305E-005
          5308.83     -3.1079129E-005
          5320.12     -3.2374420E-005
          5331.41     -3.3717603E-005
          5342.70     -3.5110139E-005
          5353.98     -3.6553512E-005
          5365.27     -3.8049231E-005
          5376.56     -3.9598839E-005
          5387.85     -4.1203893E-005
          5399.14     -4.2865979E-005
          5410.43     -4.4586710E-005
          5421.72     -4.6367714E-005
          5433.01     -4.8210648E-005
          5444.30     -5.0117185E-005
          5455.59     -5.2088998E-005
          5466.88     -5.4127795E-005
          5478.16     -5.6235294E-005
          5489.45     -5.8413229E-005
          5500.74     -6.0663343E-005
          5512.03     -6.2987384E-005
          5523.32     -6.5387108E-005
          5534.61     -6.7864273E-005
          5545.90     -7.0420632E-005
          5557.19     -7.3057937E-005
          5568.48     -7.5777931E-005
          5579.77     -7.8582008E-005
          5591.05     -8.1471796E-005
          5602.34     -8.4448943E-005
          5613.63     -8.7515083E-005
          5624.92     -9.0671819E-005
          5636.21     -9.3920709E-005
          5647.50     -9.7263282E-005
          5658.79     -1.0070101E-004
          5670.08     -1.0423531E-004
          5681.37     -1.0786438E-004
          5692.66     -1.1158921E-004
          5703.95     -1.1541077E-004
          5715.23     -1.1932991E-004
          5726.52     -1.2334745E-004
          5737.81     -1.2746413E-004
          5749.10     -1.3168059E-004
          5760.39     -1.3599738E-004
          5771.68     -1.4041496E-004
          5782.97     -1.4493404E-004
          5794.26     -1.4955884E-004
          5805.55     -1.5428982E-004
          5816.84     -1.5912726E-004
          5828.12     -1.6407126E-004
          5839.41     -1.6912172E-004
          5850.70     -1.7427832E-004
          5861.99     -1.7954049E-004
          5873.28     -1.8490741E-004
          5884.57     -1.9037801E-004
          5895.86     -1.9595092E-004
          5907.15     -2.0162444E-004
          5918.44     -2.0739436E-004
          5929.73     -2.1325816E-004
          5941.02     -2.1921299E-004
          5952.30     -2.2525563E-004
          5963.59     -2.3138248E-004
          5974.88     -2.3758903E-004
          5986.17     -2.4387018E-004
          5997.46     -2.5022091E-004
          6008.75     -2.5663580E-004
          6020.04     -2.6310892E-004
          6031.33     -2.6963738E-004
          6042.62     -2.7621440E-004
          6053.91     -2.8283252E-004
          6065.20     -2.8948360E-004
          6076.48     -2.9616013E-004
          6087.77     -3.0285354E-004
          6099.06     -3.0955351E-004
          6110.35     -3.1624885E-004
          6121.64     -3.2292662E-004
          6132.93     -3.2956897E-004
          6144.22     -3.3616147E-004
          6155.51     -3.4269064E-004
          6166.80     -3.4914029E-004
          6178.09     -3.5549753E-004
          6189.38     -3.6174577E-004
          6200.66     -3.6786515E-004
          6211.95     -3.7383437E-004
          6223.24     -3.7963052E-004
          6234.53     -3.8522897E-004
          6245.82     -3.9060345E-004
          6257.11     -3.9572578E-004
          6268.40     -4.0056590E-004
          6279.69     -4.0509217E-004
          6290.98     -4.0927045E-004
          6302.27     -4.1306418E-004
          6313.55     -4.1643446E-004
          6324.84     -4.1934004E-004
          6336.13     -4.2173709E-004
          6347.42     -4.2357865E-004
          6358.71     -4.2481489E-004
          6370.00     -4.2539253E-004
