          3480.00     -1.1620370E-032
          3491.29     -4.4324732E-009
          3502.58     -8.8895686E-009
          3513.87     -1.3384261E-008
          3525.16     -1.7929483E-008
          3536.45     -2.2538189E-008
          3547.73     -2.7223377E-008
          3559.02     -3.1998112E-008
          3570.31     -3.6875586E-008
          3581.60     -4.1869136E-008
          3592.89     -4.6992277E-008
          3604.18     -5.2258614E-008
          3615.47     -5.7681824E-008
          3626.76     -6.3276059E-008
          3638.05     -6.9055784E-008
          3649.34     -7.5035792E-008
          3660.62     -8.1231263E-008
          3671.91     -8.7657780E-008
          3683.20     -9.4331364E-008
          3694.49     -1.0126851E-007
          3705.78     -1.0848622E-007
          3717.07     -1.1600201E-007
          3728.36     -1.2383401E-007
          3739.65     -1.3200092E-007
          3750.94     -1.4052209E-007
          3762.23     -1.4941757E-007
          3773.52     -1.5870809E-007
          3784.80     -1.6841516E-007
          3796.09     -1.7856106E-007
          3807.38     -1.8916909E-007
          3818.67     -2.0026328E-007
          3829.96     -2.1186853E-007
          3841.25     -2.2401072E-007
          3852.54     -2.3671670E-007
          3863.83     -2.5001438E-007
          3875.12     -2.6393275E-007
          3886.41     -2.7850189E-007
          3897.70     -2.9375310E-007
          3908.98     -3.0971890E-007
          3920.27     -3.2643305E-007
          3931.56     -3.4393067E-007
          3942.85     -3.6224825E-007
          3954.14     -3.8142399E-007
          3965.43     -4.0149746E-007
          3976.72     -4.2250962E-007
          3988.01     -4.4450312E-007
          3999.30     -4.6752226E-007
          4010.59     -4.9161302E-007
          4021.88     -5.1682325E-007
          4033.16     -5.4320263E-007
          4044.45     -5.7080277E-007
          4055.74     -5.9967731E-007
          4067.03     -6.2988187E-007
          4078.32     -6.6147434E-007
          4089.61     -6.9451478E-007
          4100.90     -7.2906551E-007
          4112.19     -7.6519132E-007
          4123.48     -8.0295942E-007
          4134.77     -8.4243956E-007
          4146.05     -8.8370416E-007
          4157.34     -9.2682828E-007
          4168.63     -9.7188988E-007
          4179.92     -1.0189698E-006
          4191.21     -1.0681519E-006
          4202.50     -1.1195232E-006
          4213.79     -1.1731737E-006
          4225.08     -1.2291970E-006
          4236.37     -1.2876901E-006
          4247.66     -1.3487532E-006
          4258.95     -1.4124902E-006
          4270.23     -1.4790092E-006
          4281.52     -1.5484216E-006
          4292.81     -1.6208431E-006
          4304.10     -1.6963936E-006
          4315.39     -1.7751970E-006
          4326.68     -1.8573818E-006
          4337.97     -1.9430808E-006
          4349.26     -2.0324316E-006
          4360.55     -2.1255765E-006
          4371.84     -2.2226658E-006
          4383.12     -2.3238488E-006
          4394.41     -2.4292831E-006
          4405.70     -2.5391311E-006
          4416.99     -2.6535612E-006
          4428.28     -2.7727471E-006
          4439.57     -2.8968686E-006
          4450.86     -3.0261118E-006
          4462.15     -3.1606681E-006
          4473.44     -3.3007360E-006
          4484.73     -3.4465200E-006
          4496.02     -3.5982316E-006
          4507.30     -3.7560890E-006
          4518.59     -3.9203170E-006
          4529.88     -4.0911483E-006
          4541.17     -4.2688226E-006
          4552.46     -4.4535872E-006
          4563.75     -4.6456973E-006
          4575.04     -4.8454160E-006
          4586.33     -5.0530144E-006
          4597.62     -5.2687722E-006
          4608.91     -5.4929769E-006
          4620.20     -5.7259254E-006
          4631.48     -5.9679238E-006
          4642.77     -6.2192862E-006
          4654.06     -6.4803371E-006
          4665.35     -6.7514100E-006
          4676.64     -7.0328485E-006
          4687.93     -7.3250061E-006
          4699.22     -7.6282459E-006
          4710.51     -7.9429418E-006
          4721.80     -8.2694788E-006
          4733.09     -8.6082517E-006
          4744.38     -8.9596669E-006
          4755.66     -9.3241420E-006
          4766.95     -9.7021061E-006
          4778.24     -1.0094000E-005
          4789.53     -1.0500276E-005
          4800.82     -1.0921398E-005
          4812.11     -1.1357844E-005
          4823.40     -1.1810103E-005
          4834.69     -1.2278676E-005
          4845.98     -1.2764078E-005
          4857.27     -1.3266835E-005
          4868.55     -1.3787489E-005
          4879.84     -1.4326593E-005
          4891.13     -1.4884715E-005
          4902.42     -1.5462437E-005
          4913.71     -1.6060354E-005
          4925.00     -1.6679076E-005
          4936.29     -1.7319225E-005
          4947.58     -1.7981441E-005
          4958.87     -1.8666377E-005
          4970.16     -1.9374698E-005
          4981.45     -2.0107087E-005
          4992.73     -2.0864241E-005
          5004.02     -2.1646866E-005
          5015.31     -2.2455689E-005
          5026.60     -2.3291450E-005
          5037.89     -2.4154904E-005
          5049.18     -2.5046824E-005
          5060.47     -2.5967994E-005
          5071.76     -2.6919215E-005
          5083.05     -2.7901304E-005
          5094.34     -2.8915090E-005
          5105.62     -2.9961418E-005
          5116.91     -3.1041149E-005
          5128.20     -3.2155157E-005
          5139.49     -3.3304333E-005
          5150.78     -3.4489572E-005
          5162.07     -3.5711790E-005
          5173.36     -3.6971917E-005
          5184.65     -3.8270893E-005
          5195.94     -3.9609677E-005
          5207.23     -4.0989235E-005
          5218.52     -4.2410549E-005
          5229.80     -4.3874611E-005
          5241.09     -4.5382423E-005
          5252.38     -4.6934999E-005
          5263.67     -4.8533365E-005
          5274.96     -5.0178549E-005
          5286.25     -5.1871596E-005
          5297.54     -5.3613550E-005
          5308.83     -5.5405462E-005
          5320.12     -5.7248392E-005
          5331.41     -5.9143403E-005
          5342.70     -6.1091567E-005
          5353.98     -6.3093956E-005
          5365.27     -6.5151641E-005
          5376.56     -6.7265703E-005
          5387.85     -6.9437205E-005
          5399.14     -7.1667216E-005
          5410.43     -7.3956803E-005
          5421.72     -7.6307019E-005
          5433.01     -7.8718919E-005
          5444.30     -8.1193543E-005
          5455.59     -8.3731893E-005
          5466.88     -8.6334982E-005
          5478.16     -8.9003807E-005
          5489.45     -9.1739344E-005
          5500.74     -9.4542553E-005
          5512.03     -9.7414363E-005
          5523.32     -1.0035568E-004
          5534.61     -1.0336738E-004
          5545.90     -1.0645031E-004
          5557.19     -1.0960528E-004
          5568.48     -1.1283304E-004
          5579.77     -1.1613384E-004
          5591.05     -1.1950822E-004
          5602.34     -1.2295677E-004
          5613.63     -1.2648001E-004
          5624.92     -1.3007843E-004
          5636.21     -1.3375241E-004
          5647.50     -1.3750231E-004
          5658.79     -1.4132840E-004
          5670.08     -1.4523084E-004
          5681.37     -1.4920537E-004
          5692.66     -1.5325168E-004
          5703.95     -1.5736941E-004
          5715.23     -1.6155809E-004
          5726.52     -1.6581720E-004
          5737.81     -1.7014610E-004
          5749.10     -1.7454409E-004
          5760.39     -1.7901035E-004
          5771.68     -1.8354397E-004
          5782.97     -1.8814439E-004
          5794.26     -1.9281563E-004
          5805.55     -1.9755681E-004
          5816.84     -2.0236687E-004
          5828.12     -2.0724461E-004
          5839.41     -2.1218863E-004
          5850.70     -2.1719736E-004
          5861.99     -2.2226902E-004
          5873.28     -2.2740164E-004
          5884.57     -2.3259302E-004
          5895.86     -2.3784076E-004
          5907.15     -2.4314214E-004
          5918.44     -2.4849162E-004
          5929.73     -2.5388588E-004
          5941.02     -2.5932136E-004
          5952.30     -2.6479423E-004
          5963.59     -2.7030039E-004
          5974.88     -2.7583491E-004
          5986.17     -2.8139234E-004
          5997.46     -2.8696761E-004
          6008.75     -2.9255538E-004
          6020.04     -2.9815000E-004
          6031.33     -3.0374952E-004
          6042.62     -3.0934779E-004
          6053.91     -3.1493824E-004
          6065.20     -3.2051387E-004
          6076.48     -3.2606871E-004
          6087.77     -3.3159601E-004
          6099.06     -3.3708750E-004
          6110.35     -3.4253435E-004
          6121.64     -3.4792636E-004
          6132.93     -3.5324851E-004
          6144.22     -3.5849004E-004
          6155.51     -3.6364174E-004
          6166.80     -3.6869197E-004
          6178.09     -3.7363323E-004
          6189.38     -3.7845458E-004
          6200.66     -3.8314242E-004
          6211.95     -3.8768231E-004
          6223.24     -3.9205897E-004
          6234.53     -3.9625620E-004
          6245.82     -4.0025693E-004
          6257.11     -4.0404310E-004
          6268.40     -4.0759572E-004
          6279.69     -4.1089517E-004
          6290.98     -4.1392042E-004
          6302.27     -4.1664913E-004
          6313.55     -4.1905784E-004
          6324.84     -4.2112196E-004
          6336.13     -4.2281572E-004
          6347.42     -4.2411161E-004
          6358.71     -4.2498079E-004
          6370.00     -4.2539253E-004
