          3480.00     -8.5384079E-034
          3491.29     -2.2568049E-003
          3502.58     -4.5127552E-003
          3513.87     -6.7680390E-003
          3525.16     -9.0228358E-003
          3536.45     -1.1277328E-002
          3547.73     -1.3531695E-002
          3559.02     -1.5786108E-002
          3570.31     -1.8040742E-002
          3581.60     -2.0295765E-002
          3592.89     -2.2551344E-002
          3604.18     -2.4807646E-002
          3615.47     -2.7064829E-002
          3626.76     -2.9323052E-002
          3638.05     -3.1582476E-002
          3649.34     -3.3843249E-002
          3660.62     -3.6105526E-002
          3671.91     -3.8369455E-002
          3683.20     -4.0635183E-002
          3694.49     -4.2902857E-002
          3705.78     -4.5172614E-002
          3717.07     -4.7444596E-002
          3728.36     -4.9718941E-002
          3739.65     -5.1995782E-002
          3750.94     -5.4275253E-002
          3762.23     -5.6557484E-002
          3773.52     -5.8842604E-002
          3784.80     -6.1130741E-002
          3796.09     -6.3422013E-002
          3807.38     -6.5716546E-002
          3818.67     -6.8014461E-002
          3829.96     -7.0315871E-002
          3841.25     -7.2620893E-002
          3852.54     -7.4929641E-002
          3863.83     -7.7242226E-002
          3875.12     -7.9558759E-002
          3886.41     -8.1879342E-002
          3897.70     -8.4204084E-002
          3908.98     -8.6533089E-002
          3920.27     -8.8866453E-002
          3931.56     -9.1204279E-002
          3942.85     -9.3546662E-002
          3954.14     -9.5893699E-002
          3965.43     -9.8245483E-002
          3976.72     -1.0060210E-001
          3988.01     -1.0296365E-001
          3999.30     -1.0533021E-001
          4010.59     -1.0770187E-001
          4021.88     -1.1007871E-001
          4033.16     -1.1246081E-001
          4044.45     -1.1484826E-001
          4055.74     -1.1724113E-001
          4067.03     -1.1963950E-001
          4078.32     -1.2204344E-001
          4089.61     -1.2445302E-001
          4100.90     -1.2686831E-001
          4112.19     -1.2928939E-001
          4123.48     -1.3171631E-001
          4134.77     -1.3414914E-001
          4146.05     -1.3658796E-001
          4157.34     -1.3903280E-001
          4168.63     -1.4148374E-001
          4179.92     -1.4394084E-001
          4191.21     -1.4640414E-001
          4202.50     -1.4887371E-001
          4213.79     -1.5134958E-001
          4225.08     -1.5383182E-001
          4236.37     -1.5632047E-001
          4247.66     -1.5881558E-001
          4258.95     -1.6131718E-001
          4270.23     -1.6382534E-001
          4281.52     -1.6634007E-001
          4292.81     -1.6886143E-001
          4304.10     -1.7138945E-001
          4315.39     -1.7392416E-001
          4326.68     -1.7646560E-001
          4337.97     -1.7901380E-001
          4349.26     -1.8156879E-001
          4360.55     -1.8413059E-001
          4371.84     -1.8669924E-001
          4383.12     -1.8927475E-001
          4394.41     -1.9185715E-001
          4405.70     -1.9444645E-001
          4416.99     -1.9704269E-001
          4428.28     -1.9964586E-001
          4439.57     -2.0225599E-001
          4450.86     -2.0487309E-001
          4462.15     -2.0749717E-001
          4473.44     -2.1012824E-001
          4484.73     -2.1276630E-001
          4496.02     -2.1541137E-001
          4507.30     -2.1806343E-001
          4518.59     -2.2072250E-001
          4529.88     -2.2338857E-001
          4541.17     -2.2606164E-001
          4552.46     -2.2874171E-001
          4563.75     -2.3142876E-001
          4575.04     -2.3412279E-001
          4586.33     -2.3682379E-001
          4597.62     -2.3953174E-001
          4608.91     -2.4224663E-001
          4620.20     -2.4496845E-001
          4631.48     -2.4769717E-001
          4642.77     -2.5043277E-001
          4654.06     -2.5317523E-001
          4665.35     -2.5592452E-001
          4676.64     -2.5868062E-001
          4687.93     -2.6144350E-001
          4699.22     -2.6421313E-001
          4710.51     -2.6698946E-001
          4721.80     -2.6977248E-001
          4733.09     -2.7256213E-001
          4744.38     -2.7535838E-001
          4755.66     -2.7816119E-001
          4766.95     -2.8097051E-001
          4778.24     -2.8378630E-001
          4789.53     -2.8660850E-001
          4800.82     -2.8943707E-001
          4812.11     -2.9227195E-001
          4823.40     -2.9511309E-001
          4834.69     -2.9796043E-001
          4845.98     -3.0081391E-001
          4857.27     -3.0367346E-001
          4868.55     -3.0653904E-001
          4879.84     -3.0941055E-001
          4891.13     -3.1228795E-001
          4902.42     -3.1517115E-001
          4913.71     -3.1806008E-001
          4925.00     -3.2095467E-001
          4936.29     -3.2385484E-001
          4947.58     -3.2676050E-001
          4958.87     -3.2967158E-001
          4970.16     -3.3258798E-001
          4981.45     -3.3550962E-001
          4992.73     -3.3843641E-001
          5004.02     -3.4136826E-001
          5015.31     -3.4430506E-001
          5026.60     -3.4724673E-001
          5037.89     -3.5019315E-001
          5049.18     -3.5314424E-001
          5060.47     -3.5609987E-001
          5071.76     -3.5905995E-001
          5083.05     -3.6202436E-001
          5094.34     -3.6499298E-001
          5105.62     -3.6796571E-001
          5116.91     -3.7094242E-001
          5128.20     -3.7392299E-001
          5139.49     -3.7690730E-001
          5150.78     -3.7989521E-001
          5162.07     -3.8288661E-001
          5173.36     -3.8588135E-001
          5184.65     -3.8887931E-001
          5195.94     -3.9188034E-001
          5207.23     -3.9488430E-001
          5218.52     -3.9789105E-001
          5229.80     -4.0090044E-001
          5241.09     -4.0391232E-001
          5252.38     -4.0692655E-001
          5263.67     -4.0994296E-001
          5274.96     -4.1296139E-001
          5286.25     -4.1598170E-001
          5297.54     -4.1900370E-001
          5308.83     -4.2202724E-001
          5320.12     -4.2505214E-001
          5331.41     -4.2807823E-001
          5342.70     -4.3110534E-001
          5353.98     -4.3413329E-001
          5365.27     -4.3716188E-001
          5376.56     -4.4019094E-001
          5387.85     -4.4322029E-001
          5399.14     -4.4624971E-001
          5410.43     -4.4927904E-001
          5421.72     -4.5230805E-001
          5433.01     -4.5533656E-001
          5444.30     -4.5836435E-001
          5455.59     -4.6139122E-001
          5466.88     -4.6441696E-001
          5478.16     -4.6744136E-001
          5489.45     -4.7046418E-001
          5500.74     -4.7348523E-001
          5512.03     -4.7650426E-001
          5523.32     -4.7952105E-001
          5534.61     -4.8253537E-001
          5545.90     -4.8554698E-001
          5557.19     -4.8855565E-001
          5568.48     -4.9156113E-001
          5579.77     -4.9456318E-001
          5591.05     -4.9756155E-001
          5602.34     -5.0055598E-001
          5613.63     -5.0354622E-001
          5624.92     -5.0653201E-001
          5636.21     -5.0951308E-001
          5647.50     -5.1248917E-001
          5658.79     -5.1546000E-001
          5670.08     -5.1842531E-001
          5681.37     -5.2138480E-001
          5692.66     -5.2433821E-001
          5703.95     -5.2728524E-001
          5715.23     -5.3022560E-001
          5726.52     -5.3315900E-001
          5737.81     -5.3608514E-001
          5749.10     -5.3900372E-001
          5760.39     -5.4191443E-001
          5771.68     -5.4481696E-001
          5782.97     -5.4771101E-001
          5794.26     -5.5059624E-001
          5805.55     -5.5347234E-001
          5816.84     -5.5633898E-001
          5828.12     -5.5919584E-001
          5839.41     -5.6204257E-001
          5850.70     -5.6487884E-001
          5861.99     -5.6770431E-001
          5873.28     -5.7051863E-001
          5884.57     -5.7332144E-001
          5895.86     -5.7611240E-001
          5907.15     -5.7889114E-001
          5918.44     -5.8165730E-001
          5929.73     -5.8441050E-001
          5941.02     -5.8715038E-001
          5952.30     -5.8987657E-001
          5963.59     -5.9258866E-001
          5974.88     -5.9528629E-001
          5986.17     -5.9796905E-001
          5997.46     -6.0063656E-001
          6008.75     -6.0328841E-001
          6020.04     -6.0592420E-001
          6031.33     -6.0854352E-001
          6042.62     -6.1114595E-001
          6053.91     -6.1373108E-001
          6065.20     -6.1629847E-001
          6076.48     -6.1884772E-001
          6087.77     -6.2137837E-001
          6099.06     -6.2388999E-001
          6110.35     -6.2638214E-001
          6121.64     -6.2885438E-001
          6132.93     -6.3130624E-001
          6144.22     -6.3373727E-001
          6155.51     -6.3614701E-001
          6166.80     -6.3853500E-001
          6178.09     -6.4090074E-001
          6189.38     -6.4324378E-001
          6200.66     -6.4556362E-001
          6211.95     -6.4785978E-001
          6223.24     -6.5013177E-001
          6234.53     -6.5237908E-001
          6245.82     -6.5460121E-001
          6257.11     -6.5679766E-001
          6268.40     -6.5896790E-001
          6279.69     -6.6111142E-001
          6290.98     -6.6322770E-001
          6302.27     -6.6531620E-001
          6313.55     -6.6737638E-001
          6324.84     -6.6940771E-001
          6336.13     -6.7140963E-001
          6347.42     -6.7338160E-001
          6358.71     -6.7532305E-001
          6370.00     -6.7723343E-001
