          3480.00      2.1375691E-033
          3491.29     -1.1467479E-003
          3502.58     -2.2944382E-003
          3513.87     -3.4433837E-003
          3525.16     -4.5938906E-003
          3536.45     -5.7462644E-003
          3547.73     -6.9008071E-003
          3559.02     -8.0578140E-003
          3570.31     -9.2175803E-003
          3581.60     -1.0380397E-002
          3592.89     -1.1546552E-002
          3604.18     -1.2716331E-002
          3615.47     -1.3890013E-002
          3626.76     -1.5067879E-002
          3638.05     -1.6250205E-002
          3649.34     -1.7437264E-002
          3660.62     -1.8629326E-002
          3671.91     -1.9826660E-002
          3683.20     -2.1029531E-002
          3694.49     -2.2238205E-002
          3705.78     -2.3452939E-002
          3717.07     -2.4673994E-002
          3728.36     -2.5901627E-002
          3739.65     -2.7136090E-002
          3750.94     -2.8377636E-002
          3762.23     -2.9626516E-002
          3773.52     -3.0882978E-002
          3784.80     -3.2147268E-002
          3796.09     -3.3419629E-002
          3807.38     -3.4700305E-002
          3818.67     -3.5989537E-002
          3829.96     -3.7287561E-002
          3841.25     -3.8594617E-002
          3852.54     -3.9910938E-002
          3863.83     -4.1236760E-002
          3875.12     -4.2572314E-002
          3886.41     -4.3917830E-002
          3897.70     -4.5273537E-002
          3908.98     -4.6639664E-002
          3920.27     -4.8016434E-002
          3931.56     -4.9404072E-002
          3942.85     -5.0802802E-002
          3954.14     -5.2212845E-002
          3965.43     -5.3634422E-002
          3976.72     -5.5067749E-002
          3988.01     -5.6513043E-002
          3999.30     -5.7970523E-002
          4010.59     -5.9440400E-002
          4021.88     -6.0922888E-002
          4033.16     -6.2418198E-002
          4044.45     -6.3926540E-002
          4055.74     -6.5448125E-002
          4067.03     -6.6983157E-002
          4078.32     -6.8531843E-002
          4089.61     -7.0094389E-002
          4100.90     -7.1670996E-002
          4112.19     -7.3261867E-002
          4123.48     -7.4867203E-002
          4134.77     -7.6487201E-002
          4146.05     -7.8122062E-002
          4157.34     -7.9771978E-002
          4168.63     -8.1437146E-002
          4179.92     -8.3117761E-002
          4191.21     -8.4814010E-002
          4202.50     -8.6526087E-002
          4213.79     -8.8254179E-002
          4225.08     -8.9998475E-002
          4236.37     -9.1759161E-002
          4247.66     -9.3536418E-002
          4258.95     -9.5330431E-002
          4270.23     -9.7141381E-002
          4281.52     -9.8969446E-002
          4292.81     -1.0081480E-001
          4304.10     -1.0267763E-001
          4315.39     -1.0455810E-001
          4326.68     -1.0645639E-001
          4337.97     -1.0837266E-001
          4349.26     -1.1030708E-001
          4360.55     -1.1225983E-001
          4371.84     -1.1423106E-001
          4383.12     -1.1622094E-001
          4394.41     -1.1822963E-001
          4405.70     -1.2025729E-001
          4416.99     -1.2230407E-001
          4428.28     -1.2437013E-001
          4439.57     -1.2645562E-001
          4450.86     -1.2856069E-001
          4462.15     -1.3068549E-001
          4473.44     -1.3283016E-001
          4484.73     -1.3499485E-001
          4496.02     -1.3717969E-001
          4507.30     -1.3938483E-001
          4518.59     -1.4161040E-001
          4529.88     -1.4385652E-001
          4541.17     -1.4612334E-001
          4552.46     -1.4841098E-001
          4563.75     -1.5071955E-001
          4575.04     -1.5304918E-001
          4586.33     -1.5540000E-001
          4597.62     -1.5777211E-001
          4608.91     -1.6016562E-001
          4620.20     -1.6258064E-001
          4631.48     -1.6501729E-001
          4642.77     -1.6747565E-001
          4654.06     -1.6995583E-001
          4665.35     -1.7245793E-001
          4676.64     -1.7498202E-001
          4687.93     -1.7752821E-001
          4699.22     -1.8009656E-001
          4710.51     -1.8268717E-001
          4721.80     -1.8530011E-001
          4733.09     -1.8793544E-001
          4744.38     -1.9059324E-001
          4755.66     -1.9327356E-001
          4766.95     -1.9597647E-001
          4778.24     -1.9870202E-001
          4789.53     -2.0145025E-001
          4800.82     -2.0422121E-001
          4812.11     -2.0701494E-001
          4823.40     -2.0983148E-001
          4834.69     -2.1267085E-001
          4845.98     -2.1553307E-001
          4857.27     -2.1841817E-001
          4868.55     -2.2132616E-001
          4879.84     -2.2425704E-001
          4891.13     -2.2721082E-001
          4902.42     -2.3018750E-001
          4913.71     -2.3318706E-001
          4925.00     -2.3620949E-001
          4936.29     -2.3925476E-001
          4947.58     -2.4232285E-001
          4958.87     -2.4541373E-001
          4970.16     -2.4852734E-001
          4981.45     -2.5166365E-001
          4992.73     -2.5482260E-001
          5004.02     -2.5800412E-001
          5015.31     -2.6120815E-001
          5026.60     -2.6443461E-001
          5037.89     -2.6768341E-001
          5049.18     -2.7095447E-001
          5060.47     -2.7424768E-001
          5071.76     -2.7756294E-001
          5083.05     -2.8090013E-001
          5094.34     -2.8425913E-001
          5105.62     -2.8763980E-001
          5116.91     -2.9104201E-001
          5128.20     -2.9446560E-001
          5139.49     -2.9791042E-001
          5150.78     -3.0137629E-001
          5162.07     -3.0486305E-001
          5173.36     -3.0837050E-001
          5184.65     -3.1189845E-001
          5195.94     -3.1544669E-001
          5207.23     -3.1901500E-001
          5218.52     -3.2260317E-001
          5229.80     -3.2621094E-001
          5241.09     -3.2983808E-001
          5252.38     -3.3348433E-001
          5263.67     -3.3714941E-001
          5274.96     -3.4083305E-001
          5286.25     -3.4453494E-001
          5297.54     -3.4825480E-001
          5308.83     -3.5199230E-001
          5320.12     -3.5574712E-001
          5331.41     -3.5951891E-001
          5342.70     -3.6330733E-001
          5353.98     -3.6711200E-001
          5365.27     -3.7093255E-001
          5376.56     -3.7476858E-001
          5387.85     -3.7861969E-001
          5399.14     -3.8248546E-001
          5410.43     -3.8636547E-001
          5421.72     -3.9025925E-001
          5433.01     -3.9416635E-001
          5444.30     -3.9808629E-001
          5455.59     -4.0201858E-001
          5466.88     -4.0596271E-001
          5478.16     -4.0991816E-001
          5489.45     -4.1388439E-001
          5500.74     -4.1786085E-001
          5512.03     -4.2184697E-001
          5523.32     -4.2584216E-001
          5534.61     -4.2984581E-001
          5545.90     -4.3385731E-001
          5557.19     -4.3787600E-001
          5568.48     -4.4190125E-001
          5579.77     -4.4593237E-001
          5591.05     -4.4996868E-001
          5602.34     -4.5400945E-001
          5613.63     -4.5805396E-001
          5624.92     -4.6210146E-001
          5636.21     -4.6615118E-001
          5647.50     -4.7020233E-001
          5658.79     -4.7425409E-001
          5670.08     -4.7830565E-001
          5681.37     -4.8235615E-001
          5692.66     -4.8640471E-001
          5703.95     -4.9045044E-001
          5715.23     -4.9449243E-001
          5726.52     -4.9852974E-001
          5737.81     -5.0256141E-001
          5749.10     -5.0658645E-001
          5760.39     -5.1060386E-001
          5771.68     -5.1461260E-001
          5782.97     -5.1861163E-001
          5794.26     -5.2259986E-001
          5805.55     -5.2657619E-001
          5816.84     -5.3053949E-001
          5828.12     -5.3448861E-001
          5839.41     -5.3842236E-001
          5850.70     -5.4233953E-001
          5861.99     -5.4623891E-001
          5873.28     -5.5011921E-001
          5884.57     -5.5397916E-001
          5895.86     -5.5781744E-001
          5907.15     -5.6163271E-001
          5918.44     -5.6542358E-001
          5929.73     -5.6918866E-001
          5941.02     -5.7292651E-001
          5952.30     -5.7663568E-001
          5963.59     -5.8031467E-001
          5974.88     -5.8396195E-001
          5986.17     -5.8757597E-001
          5997.46     -5.9115515E-001
          6008.75     -5.9469785E-001
          6020.04     -5.9820243E-001
          6031.33     -6.0166721E-001
          6042.62     -6.0509046E-001
          6053.91     -6.0847043E-001
          6065.20     -6.1180533E-001
          6076.48     -6.1509333E-001
          6087.77     -6.1833258E-001
          6099.06     -6.2152118E-001
          6110.35     -6.2465720E-001
          6121.64     -6.2773866E-001
          6132.93     -6.3076356E-001
          6144.22     -6.3372985E-001
          6155.51     -6.3663545E-001
          6166.80     -6.3947823E-001
          6178.09     -6.4225603E-001
          6189.38     -6.4496663E-001
          6200.66     -6.4760781E-001
          6211.95     -6.5017726E-001
          6223.24     -6.5267266E-001
          6234.53     -6.5509163E-001
          6245.82     -6.5743176E-001
          6257.11     -6.5969059E-001
          6268.40     -6.6186561E-001
          6279.69     -6.6395428E-001
          6290.98     -6.6595399E-001
          6302.27     -6.6786211E-001
          6313.55     -6.6967595E-001
          6324.84     -6.7139277E-001
          6336.13     -6.7300979E-001
          6347.42     -6.7452417E-001
          6358.71     -6.7593302E-001
          6370.00     -6.7723343E-001
