          3480.00      0.0000000E+000
          3491.29      1.4143293E+003
          3502.58      2.8314814E+003
          3513.87      4.2522760E+003
          3525.16      5.6775213E+003
          3536.45      7.1080227E+003
          3547.73      8.5445788E+003
          3559.02      9.9879786E+003
          3570.31      1.1439009E+004
          3581.60      1.2898450E+004
          3592.89      1.4367078E+004
          3604.18      1.5845663E+004
          3615.47      1.7334971E+004
          3626.76      1.8835764E+004
          3638.05      2.0348803E+004
          3649.34      2.1874840E+004
          3660.62      2.3414629E+004
          3671.91      2.4968920E+004
          3683.20      2.6538458E+004
          3694.49      2.8123991E+004
          3705.78      2.9726259E+004
          3717.07      3.1346002E+004
          3728.36      3.2983962E+004
          3739.65      3.4640874E+004
          3750.94      3.6317476E+004
          3762.23      3.8014504E+004
          3773.52      3.9732693E+004
          3784.80      4.1472779E+004
          3796.09      4.3235492E+004
          3807.38      4.5021568E+004
          3818.67      4.6831741E+004
          3829.96      4.8666744E+004
          3841.25      5.0527309E+004
          3852.54      5.2414172E+004
          3863.83      5.4328066E+004
          3875.12      5.6269729E+004
          3886.41      5.8239891E+004
          3897.70      6.0239291E+004
          3908.98      6.2268666E+004
          3920.27      6.4328750E+004
          3931.56      6.6420284E+004
          3942.85      6.8544005E+004
          3954.14      7.0700653E+004
          3965.43      7.2890971E+004
          3976.72      7.5115696E+004
          3988.01      7.7375572E+004
          3999.30      7.9671344E+004
          4010.59      8.2003752E+004
          4021.88      8.4373542E+004
          4033.16      8.6781460E+004
          4044.45      8.9228252E+004
          4055.74      9.1714666E+004
          4067.03      9.4241445E+004
          4078.32      9.6809339E+004
          4089.61      9.9419098E+004
          4100.90      1.0207146E+005
          4112.19      1.0476719E+005
          4123.48      1.0750702E+005
          4134.77      1.1029171E+005
          4146.05      1.1312200E+005
          4157.34      1.1599864E+005
          4168.63      1.1892237E+005
          4179.92      1.2189395E+005
          4191.21      1.2491411E+005
          4202.50      1.2798360E+005
          4213.79      1.3110316E+005
          4225.08      1.3427353E+005
          4236.37      1.3749544E+005
          4247.66      1.4076964E+005
          4258.95      1.4409685E+005
          4270.23      1.4747780E+005
          4281.52      1.5091323E+005
          4292.81      1.5440384E+005
          4304.10      1.5795037E+005
          4315.39      1.6155352E+005
          4326.68      1.6521401E+005
          4337.97      1.6893254E+005
          4349.26      1.7270981E+005
          4360.55      1.7654651E+005
          4371.84      1.8044332E+005
          4383.12      1.8440093E+005
          4394.41      1.8842001E+005
          4405.70      1.9250123E+005
          4416.99      1.9664524E+005
          4428.28      2.0085268E+005
          4439.57      2.0512420E+005
          4450.86      2.0946042E+005
          4462.15      2.1386196E+005
          4473.44      2.1832942E+005
          4484.73      2.2286340E+005
          4496.02      2.2746447E+005
          4507.30      2.3213322E+005
          4518.59      2.3687018E+005
          4529.88      2.4167590E+005
          4541.17      2.4655090E+005
          4552.46      2.5149569E+005
          4563.75      2.5651075E+005
          4575.04      2.6159657E+005
          4586.33      2.6675358E+005
          4597.62      2.7198224E+005
          4608.91      2.7728294E+005
          4620.20      2.8265609E+005
          4631.48      2.8810204E+005
          4642.77      2.9362115E+005
          4654.06      2.9921373E+005
          4665.35      3.0488008E+005
          4676.64      3.1062048E+005
          4687.93      3.1643516E+005
          4699.22      3.2232432E+005
          4710.51      3.2828817E+005
          4721.80      3.3432684E+005
          4733.09      3.4044046E+005
          4744.38      3.4662910E+005
          4755.66      3.5289283E+005
          4766.95      3.5923164E+005
          4778.24      3.6564554E+005
          4789.53      3.7213443E+005
          4800.82      3.7869823E+005
          4812.11      3.8533679E+005
          4823.40      3.9204990E+005
          4834.69      3.9883735E+005
          4845.98      4.0569885E+005
          4857.27      4.1263407E+005
          4868.55      4.1964264E+005
          4879.84      4.2672411E+005
          4891.13      4.3387800E+005
          4902.42      4.4110378E+005
          4913.71      4.4840083E+005
          4925.00      4.5576851E+005
          4936.29      4.6320610E+005
          4947.58      4.7071281E+005
          4958.87      4.7828781E+005
          4970.16      4.8593017E+005
          4981.45      4.9363891E+005
          4992.73      5.0141298E+005
          5004.02      5.0925125E+005
          5015.31      5.1715250E+005
          5026.60      5.2511546E+005
          5037.89      5.3313877E+005
          5049.18      5.4122098E+005
          5060.47      5.4936055E+005
          5071.76      5.5755585E+005
          5083.05      5.6580519E+005
          5094.34      5.7410673E+005
          5105.62      5.8245859E+005
          5116.91      5.9085876E+005
          5128.20      5.9930513E+005
          5139.49      6.0779550E+005
          5150.78      6.1632754E+005
          5162.07      6.2489882E+005
          5173.36      6.3350680E+005
          5184.65      6.4214880E+005
          5195.94      6.5082205E+005
          5207.23      6.5952363E+005
          5218.52      6.6825052E+005
          5229.80      6.7699954E+005
          5241.09      6.8576738E+005
          5252.38      6.9455061E+005
          5263.67      7.0334564E+005
          5274.96      7.1214873E+005
          5286.25      7.2095600E+005
          5297.54      7.2976343E+005
          5308.83      7.3856680E+005
          5320.12      7.4736178E+005
          5331.41      7.5614383E+005
          5342.70      7.6490826E+005
          5353.98      7.7365020E+005
          5365.27      7.8236458E+005
          5376.56      7.9104619E+005
          5387.85      7.9968960E+005
          5399.14      8.0828919E+005
          5410.43      8.1683914E+005
          5421.72      8.2533342E+005
          5433.01      8.3376580E+005
          5444.30      8.4212985E+005
          5455.59      8.5041888E+005
          5466.88      8.5862602E+005
          5478.16      8.6674413E+005
          5489.45      8.7476586E+005
          5500.74      8.8268362E+005
          5512.03      8.9048954E+005
          5523.32      8.9817553E+005
          5534.61      9.0573322E+005
          5545.90      9.1315399E+005
          5557.19      9.2042892E+005
          5568.48      9.2754883E+005
          5579.77      9.3450427E+005
          5591.05      9.4128547E+005
          5602.34      9.4788237E+005
          5613.63      9.5428460E+005
          5624.92      9.6048148E+005
          5636.21      9.6646201E+005
          5647.50      9.7221486E+005
          5658.79      9.7772836E+005
          5670.08      9.8299051E+005
          5681.37      9.8798896E+005
          5692.66      9.9271096E+005
          5703.95      9.9714345E+005
          5715.23      1.0012730E+006
          5726.52      1.0050856E+006
          5737.81      1.0085672E+006
          5749.10      1.0117031E+006
          5760.39      1.0144782E+006
          5771.68      1.0168771E+006
          5782.97      1.0188839E+006
          5794.26      1.0204822E+006
          5805.55      1.0216552E+006
          5816.84      1.0223857E+006
          5828.12      1.0226561E+006
          5839.41      1.0224480E+006
          5850.70      1.0217428E+006
          5861.99      1.0205214E+006
          5873.28      1.0187640E+006
          5884.57      1.0164505E+006
          5895.86      1.0135601E+006
          5907.15      1.0100715E+006
          5918.44      1.0059630E+006
          5929.73      1.0012121E+006
          5941.02      9.9579576E+005
          5952.30      9.8969054E+005
          5963.59      9.8287223E+005
          5974.88      9.7531605E+005
          5986.17      9.6699658E+005
          5997.46      9.5788779E+005
          6008.75      9.4796298E+005
          6020.04      9.3719478E+005
          6031.33      9.2555514E+005
          6042.62      9.1301531E+005
          6053.91      8.9954586E+005
          6065.20      8.8511661E+005
          6076.48      8.6969664E+005
          6087.77      8.5325431E+005
          6099.06      8.3575719E+005
          6110.35      8.1717206E+005
          6121.64      7.9746491E+005
          6132.93      7.7660091E+005
          6144.22      7.5454443E+005
          6155.51      7.3125897E+005
          6166.80      7.0670714E+005
          6178.09      6.8085074E+005
          6189.38      6.5365060E+005
          6200.66      6.2506667E+005
          6211.95      5.9505798E+005
          6223.24      5.6358253E+005
          6234.53      5.3059750E+005
          6245.82      4.9605894E+005
          6257.11      4.5992193E+005
          6268.40      4.2214060E+005
          6279.69      3.8266794E+005
          6290.98      3.4145591E+005
          6302.27      2.9845537E+005
          6313.55      2.5361605E+005
          6324.84      2.0688667E+005
          6336.13      1.5821466E+005
          6347.42      1.0754630E+005
          6358.71      5.4826791E+004
          6370.00     -3.5889014E-061
