          3480.00     -2.6114299E-037
          3491.29     -1.3098619E-006
          3502.58     -2.6221360E-006
          3513.87     -3.9369742E-006
          3525.16     -5.2545223E-006
          3536.45     -6.5749280E-006
          3547.73     -7.8983372E-006
          3559.02     -9.2248899E-006
          3570.31     -1.0554728E-005
          3581.60     -1.1887991E-005
          3592.89     -1.3224814E-005
          3604.18     -1.4565283E-005
          3615.47     -1.5909423E-005
          3626.76     -1.7257338E-005
          3638.05     -1.8609130E-005
          3649.34     -1.9964897E-005
          3660.62     -2.1324738E-005
          3671.91     -2.2688751E-005
          3683.20     -2.4057029E-005
          3694.49     -2.5429667E-005
          3705.78     -2.6806755E-005
          3717.07     -2.8188383E-005
          3728.36     -2.9574643E-005
          3739.65     -3.0965617E-005
          3750.94     -3.2361394E-005
          3762.23     -3.3762056E-005
          3773.52     -3.5167686E-005
          3784.80     -3.6578366E-005
          3796.09     -3.7994177E-005
          3807.38     -3.9415243E-005
          3818.67     -4.0841647E-005
          3829.96     -4.2273466E-005
          3841.25     -4.3710777E-005
          3852.54     -4.5153657E-005
          3863.83     -4.6602181E-005
          3875.12     -4.8056422E-005
          3886.41     -4.9516449E-005
          3897.70     -5.0982334E-005
          3908.98     -5.2454145E-005
          3920.27     -5.3931947E-005
          3931.56     -5.5415805E-005
          3942.85     -5.6905784E-005
          3954.14     -5.8401997E-005
          3965.43     -5.9904522E-005
          3976.72     -6.1413420E-005
          3988.01     -6.2928752E-005
          3999.30     -6.4450582E-005
          4010.59     -6.5978964E-005
          4021.88     -6.7513956E-005
          4033.16     -6.9055615E-005
          4044.45     -7.0603991E-005
          4055.74     -7.2159141E-005
          4067.03     -7.3721110E-005
          4078.32     -7.5289949E-005
          4089.61     -7.6865708E-005
          4100.90     -7.8448428E-005
          4112.19     -8.0038159E-005
          4123.48     -8.1634942E-005
          4134.77     -8.3238818E-005
          4146.05     -8.4849827E-005
          4157.34     -8.6468005E-005
          4168.63     -8.8093387E-005
          4179.92     -8.9726009E-005
          4191.21     -9.1365902E-005
          4202.50     -9.3013096E-005
          4213.79     -9.4667622E-005
          4225.08     -9.6329506E-005
          4236.37     -9.7998774E-005
          4247.66     -9.9675446E-005
          4258.95     -1.0135953E-004
          4270.23     -1.0305106E-004
          4281.52     -1.0475004E-004
          4292.81     -1.0645649E-004
          4304.10     -1.0817042E-004
          4315.39     -1.0989185E-004
          4326.68     -1.1162079E-004
          4337.97     -1.1335725E-004
          4349.26     -1.1510122E-004
          4360.55     -1.1685273E-004
          4371.84     -1.1861196E-004
          4383.12     -1.2037871E-004
          4394.41     -1.2215301E-004
          4405.70     -1.2393481E-004
          4416.99     -1.2572411E-004
          4428.28     -1.2752092E-004
          4439.57     -1.2932521E-004
          4450.86     -1.3113698E-004
          4462.15     -1.3295621E-004
          4473.44     -1.3478289E-004
          4484.73     -1.3661700E-004
          4496.02     -1.3845852E-004
          4507.30     -1.4030744E-004
          4518.59     -1.4216371E-004
          4529.88     -1.4402733E-004
          4541.17     -1.4589827E-004
          4552.46     -1.4777649E-004
          4563.75     -1.4966198E-004
          4575.04     -1.5155470E-004
          4586.33     -1.5345462E-004
          4597.62     -1.5536169E-004
          4608.91     -1.5727588E-004
          4620.20     -1.5919714E-004
          4631.48     -1.6112543E-004
          4642.77     -1.6306071E-004
          4654.06     -1.6500291E-004
          4665.35     -1.6695200E-004
          4676.64     -1.6890792E-004
          4687.93     -1.7087061E-004
          4699.22     -1.7284001E-004
          4710.51     -1.7481606E-004
          4721.80     -1.7679870E-004
          4733.09     -1.7878786E-004
          4744.38     -1.8078347E-004
          4755.66     -1.8278546E-004
          4766.95     -1.8479376E-004
          4778.24     -1.8680829E-004
          4789.53     -1.8882898E-004
          4800.82     -1.9085574E-004
          4812.11     -1.9288849E-004
          4823.40     -1.9492714E-004
          4834.69     -1.9697162E-004
          4845.98     -1.9902181E-004
          4857.27     -2.0107761E-004
          4868.55     -2.0313891E-004
          4879.84     -2.0520561E-004
          4891.13     -2.0727761E-004
          4902.42     -2.0935480E-004
          4913.71     -2.1143708E-004
          4925.00     -2.1352434E-004
          4936.29     -2.1561646E-004
          4947.58     -2.1771333E-004
          4958.87     -2.1981482E-004
          4970.16     -2.2192082E-004
          4981.45     -2.2403120E-004
          4992.73     -2.2614583E-004
          5004.02     -2.2826454E-004
          5015.31     -2.3038718E-004
          5026.60     -2.3251363E-004
          5037.89     -2.3464372E-004
          5049.18     -2.3677733E-004
          5060.47     -2.3891431E-004
          5071.76     -2.4105449E-004
          5083.05     -2.4319775E-004
          5094.34     -2.4534390E-004
          5105.62     -2.4749280E-004
          5116.91     -2.4964428E-004
          5128.20     -2.5179818E-004
          5139.49     -2.5395433E-004
          5150.78     -2.5611253E-004
          5162.07     -2.5827257E-004
          5173.36     -2.6043428E-004
          5184.65     -2.6259747E-004
          5195.94     -2.6476195E-004
          5207.23     -2.6692754E-004
          5218.52     -2.6909404E-004
          5229.80     -2.7126126E-004
          5241.09     -2.7342899E-004
          5252.38     -2.7559704E-004
          5263.67     -2.7776519E-004
          5274.96     -2.7993323E-004
          5286.25     -2.8210095E-004
          5297.54     -2.8426811E-004
          5308.83     -2.8643447E-004
          5320.12     -2.8859978E-004
          5331.41     -2.9076383E-004
          5342.70     -2.9292637E-004
          5353.98     -2.9508717E-004
          5365.27     -2.9724598E-004
          5376.56     -2.9940260E-004
          5387.85     -3.0155674E-004
          5399.14     -3.0370812E-004
          5410.43     -3.0585652E-004
          5421.72     -3.0800165E-004
          5433.01     -3.1014327E-004
          5444.30     -3.1228110E-004
          5455.59     -3.1441477E-004
          5466.88     -3.1654398E-004
          5478.16     -3.1866848E-004
          5489.45     -3.2078796E-004
          5500.74     -3.2290214E-004
          5512.03     -3.2501073E-004
          5523.32     -3.2711343E-004
          5534.61     -3.2920994E-004
          5545.90     -3.3129994E-004
          5557.19     -3.3338314E-004
          5568.48     -3.3545922E-004
          5579.77     -3.3752623E-004
          5591.05     -3.3958355E-004
          5602.34     -3.4163083E-004
          5613.63     -3.4366772E-004
          5624.92     -3.4569385E-004
          5636.21     -3.4770884E-004
          5647.50     -3.4971235E-004
          5658.79     -3.5170398E-004
          5670.08     -3.5368329E-004
          5681.37     -3.5563802E-004
          5692.66     -3.5756762E-004
          5703.95     -3.5947152E-004
          5715.23     -3.6134919E-004
          5726.52     -3.6320004E-004
          5737.81     -3.6502354E-004
          5749.10     -3.6681914E-004
          5760.39     -3.6858627E-004
          5771.68     -3.7032439E-004
          5782.97     -3.7203401E-004
          5794.26     -3.7372600E-004
          5805.55     -3.7539999E-004
          5816.84     -3.7705558E-004
          5828.12     -3.7869238E-004
          5839.41     -3.8031000E-004
          5850.70     -3.8190804E-004
          5861.99     -3.8348609E-004
          5873.28     -3.8504376E-004
          5884.57     -3.8658064E-004
          5895.86     -3.8809631E-004
          5907.15     -3.8959030E-004
          5918.44     -3.9105734E-004
          5929.73     -3.9249696E-004
          5941.02     -3.9390867E-004
          5952.30     -3.9529201E-004
          5963.59     -3.9664648E-004
          5974.88     -3.9797067E-004
          5986.17     -3.9926284E-004
          5997.46     -4.0052248E-004
          6008.75     -4.0174909E-004
          6020.04     -4.0294218E-004
          6031.33     -4.0410759E-004
          6042.62     -4.0524488E-004
          6053.91     -4.0635359E-004
          6065.20     -4.0743329E-004
          6076.48     -4.0848567E-004
          6087.77     -4.0951187E-004
          6099.06     -4.1051150E-004
          6110.35     -4.1148412E-004
          6121.64     -4.1242812E-004
          6132.93     -4.1333613E-004
          6144.22     -4.1420764E-004
          6155.51     -4.1504496E-004
          6166.80     -4.1584783E-004
          6178.09     -4.1662225E-004
          6189.38     -4.1737037E-004
          6200.66     -4.1809174E-004
          6211.95     -4.1878591E-004
          6223.24     -4.1945240E-004
          6234.53     -4.2009069E-004
          6245.82     -4.2070031E-004
          6257.11     -4.2128075E-004
          6268.40     -4.2183154E-004
          6279.69     -4.2235273E-004
          6290.98     -4.2284392E-004
          6302.27     -4.2330449E-004
          6313.55     -4.2373385E-004
          6324.84     -4.2413156E-004
          6336.13     -4.2449720E-004
          6347.42     -4.2482993E-004
          6358.71     -4.2512884E-004
          6370.00     -4.2539253E-004
