          3480.00     -2.7459730E-043
          3491.29      5.7107976E-023
          3502.58      1.1468321E-022
          3513.87      1.7303039E-022
          3525.16      2.3245499E-022
          3536.45      2.9326511E-022
          3547.73      3.5577292E-022
          3559.02      4.2029596E-022
          3570.31      4.8715900E-022
          3581.60      5.5669534E-022
          3592.89      6.2924836E-022
          3604.18      7.0517134E-022
          3615.47      7.8482829E-022
          3626.76      8.6860055E-022
          3638.05      9.5688571E-022
          3649.34      1.0500990E-021
          3660.62      1.1486755E-021
          3671.91      1.2530714E-021
          3683.20      1.3637660E-021
          3694.49      1.4812637E-021
          3705.78      1.6060954E-021
          3717.07      1.7388208E-021
          3728.36      1.8800311E-021
          3739.65      2.0303496E-021
          3750.94      2.1904356E-021
          3762.23      2.3609860E-021
          3773.52      2.5427375E-021
          3784.80      2.7364699E-021
          3796.09      2.9430083E-021
          3807.38      3.1632291E-021
          3818.67      3.3980577E-021
          3829.96      3.6484734E-021
          3841.25      3.9155135E-021
          3852.54      4.2002762E-021
          3863.83      4.5039248E-021
          3875.12      4.8276908E-021
          3886.41      5.1728776E-021
          3897.70      5.5408661E-021
          3908.98      5.9331181E-021
          3920.27      6.3511801E-021
          3931.56      6.7966897E-021
          3942.85      7.2713801E-021
          3954.14      7.7770910E-021
          3965.43      8.3157656E-021
          3976.72      8.8894570E-021
          3988.01      9.5003377E-021
          3999.30      1.0150706E-020
          4010.59      1.0842988E-020
          4021.88      1.1579754E-020
          4033.16      1.2363716E-020
          4044.45      1.3197742E-020
          4055.74      1.4084863E-020
          4067.03      1.5028278E-020
          4078.32      1.6031366E-020
          4089.61      1.7097698E-020
          4100.90      1.8231040E-020
          4112.19      1.9435369E-020
          4123.48      2.0714882E-020
          4134.77      2.2074007E-020
          4146.05      2.3517415E-020
          4157.34      2.5050028E-020
          4168.63      2.6677041E-020
          4179.92      2.8403930E-020
          4191.21      3.0236460E-020
          4202.50      3.2180715E-020
          4213.79      3.4243097E-020
          4225.08      3.6430353E-020
          4236.37      3.8749589E-020
          4247.66      4.1208280E-020
          4258.95      4.3814295E-020
          4270.23      4.6575922E-020
          4281.52      4.9501871E-020
          4292.81      5.2601313E-020
          4304.10      5.5883891E-020
          4315.39      5.9359743E-020
          4326.68      6.3039531E-020
          4337.97      6.6934448E-020
          4349.26      7.1056269E-020
          4360.55      7.5417362E-020
          4371.84      8.0030819E-020
          4383.12      8.4910179E-020
          4394.41      9.0069757E-020
          4405.70      9.5524565E-020
          4416.99      1.0129037E-019
          4428.28      1.0738371E-019
          4439.57      1.1382194E-019
          4450.86      1.2062324E-019
          4462.15      1.2780669E-019
          4473.44      1.3539228E-019
          4484.73      1.4340096E-019
          4496.02      1.5185468E-019
          4507.30      1.6077643E-019
          4518.59      1.7019027E-019
          4529.88      1.8012142E-019
          4541.17      1.9059625E-019
          4552.46      2.0164238E-019
          4563.75      2.1328869E-019
          4575.04      2.2556539E-019
          4586.33      2.3850407E-019
          4597.62      2.5213776E-019
          4608.91      2.6650096E-019
          4620.20      2.8162972E-019
          4631.48      2.9756174E-019
          4642.77      3.1433634E-019
          4654.06      3.3199459E-019
          4665.35      3.5057939E-019
          4676.64      3.7013546E-019
          4687.93      3.9070951E-019
          4699.22      4.1235017E-019
          4710.51      4.3510823E-019
          4721.80      4.5903662E-019
          4733.09      4.8419044E-019
          4744.38      5.1062716E-019
          4755.66      5.3840662E-019
          4766.95      5.6759112E-019
          4778.24      5.9824554E-019
          4789.53      6.3043732E-019
          4800.82      6.6423669E-019
          4812.11      6.9971670E-019
          4823.40      7.3695320E-019
          4834.69      7.7602513E-019
          4845.98      8.1701445E-019
          4857.27      8.6000620E-019
          4868.55      9.0508882E-019
          4879.84      9.5235399E-019
          4891.13      1.0018969E-018
          4902.42      1.0538165E-018
          4913.71      1.1082150E-018
          4925.00      1.1651986E-018
          4936.29      1.2248773E-018
          4947.58      1.2873650E-018
          4958.87      1.3527798E-018
          4970.16      1.4212435E-018
          4981.45      1.4928826E-018
          4992.73      1.5678277E-018
          5004.02      1.6462134E-018
          5015.31      1.7281792E-018
          5026.60      1.8138691E-018
          5037.89      1.9034317E-018
          5049.18      1.9970207E-018
          5060.47      2.0947939E-018
          5071.76      2.1969146E-018
          5083.05      2.3035510E-018
          5094.34      2.4148759E-018
          5105.62      2.5310674E-018
          5116.91      2.6523089E-018
          5128.20      2.7787886E-018
          5139.49      2.9107002E-018
          5150.78      3.0482418E-018
          5162.07      3.1916170E-018
          5173.36      3.3410351E-018
          5184.65      3.4967099E-018
          5195.94      3.6588608E-018
          5207.23      3.8277122E-018
          5218.52      4.0034936E-018
          5229.80      4.1864393E-018
          5241.09      4.3767884E-018
          5252.38      4.5747848E-018
          5263.67      4.7806772E-018
          5274.96      4.9947181E-018
          5286.25      5.2171648E-018
          5297.54      5.4482780E-018
          5308.83      5.6883218E-018
          5320.12      5.9375646E-018
          5331.41      6.1962768E-018
          5342.70      6.4647329E-018
          5353.98      6.7432091E-018
          5365.27      7.0319831E-018
          5376.56      7.3313354E-018
          5387.85      7.6415454E-018
          5399.14      7.9628934E-018
          5410.43      8.2956600E-018
          5421.72      8.6401237E-018
          5433.01      8.9965617E-018
          5444.30      9.3652488E-018
          5455.59      9.7464521E-018
          5466.88      1.0140437E-017
          5478.16      1.0547465E-017
          5489.45      1.0967787E-017
          5500.74      1.1401649E-017
          5512.03      1.1849285E-017
          5523.32      1.2310921E-017
          5534.61      1.2786768E-017
          5545.90      1.3277023E-017
          5557.19      1.3781867E-017
          5568.48      1.4301464E-017
          5579.77      1.4835893E-017
          5591.05      1.5385260E-017
          5602.34      1.5949653E-017
          5613.63      1.6529136E-017
          5624.92      1.7123743E-017
          5636.21      1.7733475E-017
          5647.50      1.8358299E-017
          5658.79      1.8998146E-017
          5670.08      1.9652898E-017
          5681.37      2.0321810E-017
          5692.66      2.1004624E-017
          5703.95      2.1701038E-017
          5715.23      2.2410704E-017
          5726.52      2.3133222E-017
          5737.81      2.3868139E-017
          5749.10      2.4614942E-017
          5760.39      2.5373055E-017
          5771.68      2.6141837E-017
          5782.97      2.6920638E-017
          5794.26      2.7709398E-017
          5805.55      2.8507300E-017
          5816.84      2.9313420E-017
          5828.12      3.0126726E-017
          5839.41      3.0946064E-017
          5850.70      3.1770154E-017
          5861.99      3.2597585E-017
          5873.28      3.3426798E-017
          5884.57      3.4256083E-017
          5895.86      3.5083572E-017
          5907.15      3.5907213E-017
          5918.44      3.6724396E-017
          5929.73      3.7532683E-017
          5941.02      3.8329443E-017
          5952.30      3.9111839E-017
          5963.59      3.9876818E-017
          5974.88      4.0621018E-017
          5986.17      4.1340802E-017
          5997.46      4.2032385E-017
          6008.75      4.2691720E-017
          6020.04      4.3314483E-017
          6031.33      4.3896631E-017
          6042.62      4.4433242E-017
          6053.91      4.4919040E-017
          6065.20      4.5348376E-017
          6076.48      4.5715406E-017
          6087.77      4.6013817E-017
          6099.06      4.6236696E-017
          6110.35      4.6376648E-017
          6121.64      4.6425657E-017
          6132.93      4.6374639E-017
          6144.22      4.6214623E-017
          6155.51      4.5936355E-017
          6166.80      4.5529753E-017
          6178.09      4.4984675E-017
          6189.38      4.4289920E-017
          6200.66      4.3433295E-017
          6211.95      4.2401807E-017
          6223.24      4.1181611E-017
          6234.53      3.9757969E-017
          6245.82      3.8115213E-017
          6257.11      3.6236678E-017
          6268.40      3.4104673E-017
          6279.69      3.1700440E-017
          6290.98      2.9004035E-017
          6302.27      2.5994279E-017
          6313.55      2.2648720E-017
          6324.84      1.8943570E-017
          6336.13      1.4853620E-017
          6347.42      1.0352153E-017
          6358.71      5.4109117E-018
          6370.00      1.0748291E-053
