          3480.00     -9.9040910E-037
          3491.29     -1.8146549E-007
          3502.58     -3.6351872E-007
          3513.87     -5.4630815E-007
          3525.16     -7.2998067E-007
          3536.45     -9.1468269E-007
          3547.73     -1.1005598E-006
          3559.02     -1.2877563E-006
          3570.31     -1.4764165E-006
          3581.60     -1.6666839E-006
          3592.89     -1.8587017E-006
          3604.18     -2.0526075E-006
          3615.47     -2.2485320E-006
          3626.76     -2.4466138E-006
          3638.05     -2.6469918E-006
          3649.34     -2.8498040E-006
          3660.62     -3.0551896E-006
          3671.91     -3.2632873E-006
          3683.20     -3.4742366E-006
          3694.49     -3.6881771E-006
          3705.78     -3.9052488E-006
          3717.07     -4.1255923E-006
          3728.36     -4.3493490E-006
          3739.65     -4.5766604E-006
          3750.94     -4.8076692E-006
          3762.23     -5.0425188E-006
          3773.52     -5.2813533E-006
          3784.80     -5.5243178E-006
          3796.09     -5.7715587E-006
          3807.38     -6.0232290E-006
          3818.67     -6.2794779E-006
          3829.96     -6.5404549E-006
          3841.25     -6.8063114E-006
          3852.54     -7.0771995E-006
          3863.83     -7.3532730E-006
          3875.12     -7.6346869E-006
          3886.41     -7.9215971E-006
          3897.70     -8.2141615E-006
          3908.98     -8.5125395E-006
          3920.27     -8.8168912E-006
          3931.56     -9.1273788E-006
          3942.85     -9.4441662E-006
          3954.14     -9.7674264E-006
          3965.43     -1.0097329E-005
          3976.72     -1.0434044E-005
          3988.01     -1.0777742E-005
          3999.30     -1.1128597E-005
          4010.59     -1.1486782E-005
          4021.88     -1.1852476E-005
          4033.16     -1.2225856E-005
          4044.45     -1.2607102E-005
          4055.74     -1.2996399E-005
          4067.03     -1.3393928E-005
          4078.32     -1.3799878E-005
          4089.61     -1.4214436E-005
          4100.90     -1.4637792E-005
          4112.19     -1.5070139E-005
          4123.48     -1.5511671E-005
          4134.77     -1.5962585E-005
          4146.05     -1.6423080E-005
          4157.34     -1.6893356E-005
          4168.63     -1.7373615E-005
          4179.92     -1.7864062E-005
          4191.21     -1.8364905E-005
          4202.50     -1.8876352E-005
          4213.79     -1.9398614E-005
          4225.08     -1.9931905E-005
          4236.37     -2.0476440E-005
          4247.66     -2.1032437E-005
          4258.95     -2.1600112E-005
          4270.23     -2.2179688E-005
          4281.52     -2.2771389E-005
          4292.81     -2.3375440E-005
          4304.10     -2.3992069E-005
          4315.39     -2.4621507E-005
          4326.68     -2.5263987E-005
          4337.97     -2.5919741E-005
          4349.26     -2.6589006E-005
          4360.55     -2.7272022E-005
          4371.84     -2.7969068E-005
          4383.12     -2.8680347E-005
          4394.41     -2.9406105E-005
          4405.70     -3.0146582E-005
          4416.99     -3.0902027E-005
          4428.28     -3.1672688E-005
          4439.57     -3.2458818E-005
          4450.86     -3.3260671E-005
          4462.15     -3.4078500E-005
          4473.44     -3.4912563E-005
          4484.73     -3.5763117E-005
          4496.02     -3.6630424E-005
          4507.30     -3.7514745E-005
          4518.59     -3.8416341E-005
          4529.88     -3.9335479E-005
          4541.17     -4.0272424E-005
          4552.46     -4.1227445E-005
          4563.75     -4.2200811E-005
          4575.04     -4.3192792E-005
          4586.33     -4.4203660E-005
          4597.62     -4.5233685E-005
          4608.91     -4.6283141E-005
          4620.20     -4.7352300E-005
          4631.48     -4.8441440E-005
          4642.77     -4.9550831E-005
          4654.06     -5.0680752E-005
          4665.35     -5.1831477E-005
          4676.64     -5.3003284E-005
          4687.93     -5.4196449E-005
          4699.22     -5.5411247E-005
          4710.51     -5.6647955E-005
          4721.80     -5.7906850E-005
          4733.09     -5.9188206E-005
          4744.38     -6.0492301E-005
          4755.66     -6.1819408E-005
          4766.95     -6.3169803E-005
          4778.24     -6.4543761E-005
          4789.53     -6.5941550E-005
          4800.82     -6.7363445E-005
          4812.11     -6.8809717E-005
          4823.40     -7.0280630E-005
          4834.69     -7.1776454E-005
          4845.98     -7.3297453E-005
          4857.27     -7.4843880E-005
          4868.55     -7.6415996E-005
          4879.84     -7.8014054E-005
          4891.13     -7.9638313E-005
          4902.42     -8.1289024E-005
          4913.71     -8.2966436E-005
          4925.00     -8.4670792E-005
          4936.29     -8.6402336E-005
          4947.58     -8.8161306E-005
          4958.87     -8.9947937E-005
          4970.16     -9.1762456E-005
          4981.45     -9.3605088E-005
          4992.73     -9.5476055E-005
          5004.02     -9.7375553E-005
          5015.31     -9.9303788E-005
          5026.60     -1.0126096E-004
          5037.89     -1.0324727E-004
          5049.18     -1.0526291E-004
          5060.47     -1.0730805E-004
          5071.76     -1.0938288E-004
          5083.05     -1.1148756E-004
          5094.34     -1.1362226E-004
          5105.62     -1.1578712E-004
          5116.91     -1.1798229E-004
          5128.20     -1.2020790E-004
          5139.49     -1.2246410E-004
          5150.78     -1.2475096E-004
          5162.07     -1.2706859E-004
          5173.36     -1.2941709E-004
          5184.65     -1.3179653E-004
          5195.94     -1.3420700E-004
          5207.23     -1.3664854E-004
          5218.52     -1.3912121E-004
          5229.80     -1.4162504E-004
          5241.09     -1.4416005E-004
          5252.38     -1.4672625E-004
          5263.67     -1.4932364E-004
          5274.96     -1.5195219E-004
          5286.25     -1.5461187E-004
          5297.54     -1.5730261E-004
          5308.83     -1.6002433E-004
          5320.12     -1.6277694E-004
          5331.41     -1.6556032E-004
          5342.70     -1.6837437E-004
          5353.98     -1.7121893E-004
          5365.27     -1.7409384E-004
          5376.56     -1.7699894E-004
          5387.85     -1.7993400E-004
          5399.14     -1.8289879E-004
          5410.43     -1.8589307E-004
          5421.72     -1.8891656E-004
          5433.01     -1.9196897E-004
          5444.30     -1.9504998E-004
          5455.59     -1.9815919E-004
          5466.88     -2.0129623E-004
          5478.16     -2.0446068E-004
          5489.45     -2.0765213E-004
          5500.74     -2.1087013E-004
          5512.03     -2.1411418E-004
          5523.32     -2.1738376E-004
          5534.61     -2.2067835E-004
          5545.90     -2.2399735E-004
          5557.19     -2.2734016E-004
          5568.48     -2.3070613E-004
          5579.77     -2.3409356E-004
          5591.05     -2.3750155E-004
          5602.34     -2.4092927E-004
          5613.63     -2.4437592E-004
          5624.92     -2.4784062E-004
          5636.21     -2.5132246E-004
          5647.50     -2.5482049E-004
          5658.79     -2.5833375E-004
          5670.08     -2.6186113E-004
          5681.37     -2.6539365E-004
          5692.66     -2.6892992E-004
          5703.95     -2.7246849E-004
          5715.23     -2.7600794E-004
          5726.52     -2.7954675E-004
          5737.81     -2.8308341E-004
          5749.10     -2.8661638E-004
          5760.39     -2.9014408E-004
          5771.68     -2.9366488E-004
          5782.97     -2.9717791E-004
          5794.26     -3.0068967E-004
          5805.55     -3.0419874E-004
          5816.84     -3.0770364E-004
          5828.12     -3.1120282E-004
          5839.41     -3.1469471E-004
          5850.70     -3.1817765E-004
          5861.99     -3.2164994E-004
          5873.28     -3.2510982E-004
          5884.57     -3.2855547E-004
          5895.86     -3.3198500E-004
          5907.15     -3.3539643E-004
          5918.44     -3.3878403E-004
          5929.73     -3.4214563E-004
          5941.02     -3.4547901E-004
          5952.30     -3.4878188E-004
          5963.59     -3.5205190E-004
          5974.88     -3.5528593E-004
          5986.17     -3.5848051E-004
          5997.46     -3.6163308E-004
          6008.75     -3.6474103E-004
          6020.04     -3.6780172E-004
          6031.33     -3.7081752E-004
          6042.62     -3.7378576E-004
          6053.91     -3.7670372E-004
          6065.20     -3.7956855E-004
          6076.48     -3.8237914E-004
          6087.77     -3.8513385E-004
          6099.06     -3.8782967E-004
          6110.35     -3.9046353E-004
          6121.64     -3.9303126E-004
          6132.93     -3.9552377E-004
          6144.22     -3.9793758E-004
          6155.51     -4.0027149E-004
          6166.80     -4.0252208E-004
          6178.09     -4.0469117E-004
          6189.38     -4.0677726E-004
          6200.66     -4.0877656E-004
          6211.95     -4.1068515E-004
          6223.24     -4.1249900E-004
          6234.53     -4.1421388E-004
          6245.82     -4.1582552E-004
          6257.11     -4.1732946E-004
          6268.40     -4.1872115E-004
          6279.69     -4.1999638E-004
          6290.98     -4.2115041E-004
          6302.27     -4.2217815E-004
          6313.55     -4.2307442E-004
          6324.84     -4.2383402E-004
          6336.13     -4.2445162E-004
          6347.42     -4.2492136E-004
          6358.71     -4.2523721E-004
          6370.00     -4.2539253E-004
