          3480.00      3.6280599E-029
          3491.29     -3.7341000E-006
          3502.58     -7.4849049E-006
          3513.87     -1.1264679E-005
          3525.16     -1.5085629E-005
          3536.45     -1.8959956E-005
          3547.73     -2.2899895E-005
          3559.02     -2.6917733E-005
          3570.31     -3.1025870E-005
          3581.60     -3.5236844E-005
          3592.89     -3.9563366E-005
          3604.18     -4.4018362E-005
          3615.47     -4.8614993E-005
          3626.76     -5.3366712E-005
          3638.05     -5.8287288E-005
          3649.34     -6.3390830E-005
          3660.62     -6.8691845E-005
          3671.91     -7.4205259E-005
          3683.20     -7.9946455E-005
          3694.49     -8.5931317E-005
          3705.78     -9.2176241E-005
          3717.07     -9.8698210E-005
          3728.36     -1.0551481E-004
          3739.65     -1.1264427E-004
          3750.94     -1.2010549E-004
          3762.23     -1.2791812E-004
          3773.52     -1.3610255E-004
          3784.80     -1.4468002E-004
          3796.09     -1.5367256E-004
          3807.38     -1.6310314E-004
          3818.67     -1.7299567E-004
          3829.96     -1.8337503E-004
          3841.25     -1.9426716E-004
          3852.54     -2.0569906E-004
          3863.83     -2.1769889E-004
          3875.12     -2.3029602E-004
          3886.41     -2.4352100E-004
          3897.70     -2.5740577E-004
          3908.98     -2.7198357E-004
          3920.27     -2.8728907E-004
          3931.56     -3.0335845E-004
          3942.85     -3.2022942E-004
          3954.14     -3.3794130E-004
          3965.43     -3.5653513E-004
          3976.72     -3.7605362E-004
          3988.01     -3.9654139E-004
          3999.30     -4.1804496E-004
          4010.59     -4.4061274E-004
          4021.88     -4.6429529E-004
          4033.16     -4.8914530E-004
          4044.45     -5.1521766E-004
          4055.74     -5.4256962E-004
          4067.03     -5.7126078E-004
          4078.32     -6.0135329E-004
          4089.61     -6.3291194E-004
          4100.90     -6.6600410E-004
          4112.19     -7.0070008E-004
          4123.48     -7.3707303E-004
          4134.77     -7.7519917E-004
          4146.05     -8.1515788E-004
          4157.34     -8.5703169E-004
          4168.63     -9.0090662E-004
          4179.92     -9.4687222E-004
          4191.21     -9.9502154E-004
          4202.50     -1.0454515E-003
          4213.79     -1.0982630E-003
          4225.08     -1.1535609E-003
          4236.37     -1.2114543E-003
          4247.66     -1.2720566E-003
          4258.95     -1.3354856E-003
          4270.23     -1.4018642E-003
          4281.52     -1.4713196E-003
          4292.81     -1.5439844E-003
          4304.10     -1.6199961E-003
          4315.39     -1.6994978E-003
          4326.68     -1.7826380E-003
          4337.97     -1.8695709E-003
          4349.26     -1.9604567E-003
          4360.55     -2.0554619E-003
          4371.84     -2.1547590E-003
          4383.12     -2.2585272E-003
          4394.41     -2.3669525E-003
          4405.70     -2.4802280E-003
          4416.99     -2.5985539E-003
          4428.28     -2.7221377E-003
          4439.57     -2.8511949E-003
          4450.86     -2.9859489E-003
          4462.15     -3.1266309E-003
          4473.44     -3.2734811E-003
          4484.73     -3.4267482E-003
          4496.02     -3.5866899E-003
          4507.30     -3.7535734E-003
          4518.59     -3.9276749E-003
          4529.88     -4.1092810E-003
          4541.17     -4.2986884E-003
          4552.46     -4.4962041E-003
          4563.75     -4.7021458E-003
          4575.04     -4.9168427E-003
          4586.33     -5.1406350E-003
          4597.62     -5.3738752E-003
          4608.91     -5.6169270E-003
          4620.20     -5.8701674E-003
          4631.48     -6.1339861E-003
          4642.77     -6.4087854E-003
          4654.06     -6.6949815E-003
          4665.35     -6.9930047E-003
          4676.64     -7.3032992E-003
          4687.93     -7.6263244E-003
          4699.22     -7.9625538E-003
          4710.51     -8.3124772E-003
          4721.80     -8.6766003E-003
          4733.09     -9.0554441E-003
          4744.38     -9.4495473E-003
          4755.66     -9.8594652E-003
          4766.95     -1.0285771E-002
          4778.24     -1.0729056E-002
          4789.53     -1.1189928E-002
          4800.82     -1.1669016E-002
          4812.11     -1.2166968E-002
          4823.40     -1.2684449E-002
          4834.69     -1.3222149E-002
          4845.98     -1.3780773E-002
          4857.27     -1.4361052E-002
          4868.55     -1.4963736E-002
          4879.84     -1.5589596E-002
          4891.13     -1.6239428E-002
          4902.42     -1.6914049E-002
          4913.71     -1.7614299E-002
          4925.00     -1.8341044E-002
          4936.29     -1.9095173E-002
          4947.58     -1.9877598E-002
          4958.87     -2.0689259E-002
          4970.16     -2.1531119E-002
          4981.45     -2.2404168E-002
          4992.73     -2.3309424E-002
          5004.02     -2.4247928E-002
          5015.31     -2.5220751E-002
          5026.60     -2.6228991E-002
          5037.89     -2.7273773E-002
          5049.18     -2.8356254E-002
          5060.47     -2.9477612E-002
          5071.76     -3.0639062E-002
          5083.05     -3.1841844E-002
          5094.34     -3.3087227E-002
          5105.62     -3.4376512E-002
          5116.91     -3.5711029E-002
          5128.20     -3.7092139E-002
          5139.49     -3.8521234E-002
          5150.78     -3.9999731E-002
          5162.07     -4.1529086E-002
          5173.36     -4.3110780E-002
          5184.65     -4.4746326E-002
          5195.94     -4.6437269E-002
          5207.23     -4.8185182E-002
          5218.52     -4.9991672E-002
          5229.80     -5.1858376E-002
          5241.09     -5.3786957E-002
          5252.38     -5.5779111E-002
          5263.67     -5.7836566E-002
          5274.96     -5.9961072E-002
          5286.25     -6.2154414E-002
          5297.54     -6.4418402E-002
          5308.83     -6.6754876E-002
          5320.12     -6.9165702E-002
          5331.41     -7.1652766E-002
          5342.70     -7.4217986E-002
          5353.98     -7.6863303E-002
          5365.27     -7.9590675E-002
          5376.56     -8.2402086E-002
          5387.85     -8.5299541E-002
          5399.14     -8.8285061E-002
          5410.43     -9.1360686E-002
          5421.72     -9.4528464E-002
          5433.01     -9.7790464E-002
          5444.30     -1.0114877E-001
          5455.59     -1.0460545E-001
          5466.88     -1.0816261E-001
          5478.16     -1.1182234E-001
          5489.45     -1.1558674E-001
          5500.74     -1.1945790E-001
          5512.03     -1.2343790E-001
          5523.32     -1.2752883E-001
          5534.61     -1.3173274E-001
          5545.90     -1.3605169E-001
          5557.19     -1.4048769E-001
          5568.48     -1.4504275E-001
          5579.77     -1.4971884E-001
          5591.05     -1.5451789E-001
          5602.34     -1.5944179E-001
          5613.63     -1.6449237E-001
          5624.92     -1.6967143E-001
          5636.21     -1.7498070E-001
          5647.50     -1.8042184E-001
          5658.79     -1.8599643E-001
          5670.08     -1.9170597E-001
          5681.37     -1.9755189E-001
          5692.66     -2.0353549E-001
          5703.95     -2.0965797E-001
          5715.23     -2.1592043E-001
          5726.52     -2.2232381E-001
          5737.81     -2.2886894E-001
          5749.10     -2.3555648E-001
          5760.39     -2.4238694E-001
          5771.68     -2.4936065E-001
          5782.97     -2.5647774E-001
          5794.26     -2.6373814E-001
          5805.55     -2.7114160E-001
          5816.84     -2.7868757E-001
          5828.12     -2.8637530E-001
          5839.41     -2.9420376E-001
          5850.70     -3.0217164E-001
          5861.99     -3.1027733E-001
          5873.28     -3.1851887E-001
          5884.57     -3.2689399E-001
          5895.86     -3.3540005E-001
          5907.15     -3.4403399E-001
          5918.44     -3.5279239E-001
          5929.73     -3.6167135E-001
          5941.02     -3.7066652E-001
          5952.30     -3.7977309E-001
          5963.59     -3.8898567E-001
          5974.88     -3.9829838E-001
          5986.17     -4.0770474E-001
          5997.46     -4.1719764E-001
          6008.75     -4.2676934E-001
          6020.04     -4.3641142E-001
          6031.33     -4.4611473E-001
          6042.62     -4.5586938E-001
          6053.91     -4.6566465E-001
          6065.20     -4.7548900E-001
          6076.48     -4.8533000E-001
          6087.77     -4.9517427E-001
          6099.06     -5.0500746E-001
          6110.35     -5.1481421E-001
          6121.64     -5.2457803E-001
          6132.93     -5.3428134E-001
          6144.22     -5.4390530E-001
          6155.51     -5.5342986E-001
          6166.80     -5.6283365E-001
          6178.09     -5.7209388E-001
          6189.38     -5.8118634E-001
          6200.66     -5.9008528E-001
          6211.95     -5.9876335E-001
          6223.24     -6.0719155E-001
          6234.53     -6.1533910E-001
          6245.82     -6.2317339E-001
          6257.11     -6.3065990E-001
          6268.40     -6.3776207E-001
          6279.69     -6.4444126E-001
          6290.98     -6.5065662E-001
          6302.27     -6.5636499E-001
          6313.55     -6.6152079E-001
          6324.84     -6.6607594E-001
          6336.13     -6.6997970E-001
          6347.42     -6.7317861E-001
          6358.71     -6.7561631E-001
          6370.00     -6.7723343E-001
