          3480.00      1.2211181E-029
          3491.29     -1.4502840E-011
          3502.58     -2.9161538E-011
          3513.87     -4.4092789E-011
          3525.16     -5.9414203E-011
          3536.45     -7.5245287E-011
          3547.73     -9.1708305E-011
          3559.02     -1.0892913E-010
          3570.31     -1.2703825E-010
          3581.60     -1.4617159E-010
          3592.89     -1.6647153E-010
          3604.18     -1.8808733E-010
          3615.47     -2.1117596E-010
          3626.76     -2.3590448E-010
          3638.05     -2.6245037E-010
          3649.34     -2.9100261E-010
          3660.62     -3.2176297E-010
          3671.91     -3.5494720E-010
          3683.20     -3.9078632E-010
          3694.49     -4.2952807E-010
          3705.78     -4.7143823E-010
          3717.07     -5.1680242E-010
          3728.36     -5.6592762E-010
          3739.65     -6.1914384E-010
          3750.94     -6.7680629E-010
          3762.23     -7.3929716E-010
          3773.52     -8.0702787E-010
          3784.80     -8.8044139E-010
          3796.09     -9.6001458E-010
          3807.38     -1.0462620E-009
          3818.67     -1.1397369E-009
          3829.96     -1.2410346E-009
          3841.25     -1.3507963E-009
          3852.54     -1.4697123E-009
          3863.83     -1.5985253E-009
          3875.12     -1.7380349E-009
          3886.41     -1.8891011E-009
          3897.70     -2.0526495E-009
          3908.98     -2.2296756E-009
          3920.27     -2.4212496E-009
          3931.56     -2.6285227E-009
          3942.85     -2.8527320E-009
          3954.14     -3.0952099E-009
          3965.43     -3.3573866E-009
          3976.72     -3.6407976E-009
          3988.01     -3.9470925E-009
          3999.30     -4.2780432E-009
          4010.59     -4.6355506E-009
          4021.88     -5.0216562E-009
          4033.16     -5.4385505E-009
          4044.45     -5.8885833E-009
          4055.74     -6.3742755E-009
          4067.03     -6.8983293E-009
          4078.32     -7.4636428E-009
          4089.61     -8.0733225E-009
          4100.90     -8.7306958E-009
          4112.19     -9.4393294E-009
          4123.48     -1.0203043E-008
          4134.77     -1.1025926E-008
          4146.05     -1.1912359E-008
          4157.34     -1.2867027E-008
          4168.63     -1.3894947E-008
          4179.92     -1.5001485E-008
          4191.21     -1.6192378E-008
          4202.50     -1.7473767E-008
          4213.79     -1.8852212E-008
          4225.08     -2.0334727E-008
          4236.37     -2.1928809E-008
          4247.66     -2.3642462E-008
          4258.95     -2.5484239E-008
          4270.23     -2.7463273E-008
          4281.52     -2.9589313E-008
          4292.81     -3.1872767E-008
          4304.10     -3.4324744E-008
          4315.39     -3.6957093E-008
          4326.68     -3.9782455E-008
          4337.97     -4.2814306E-008
          4349.26     -4.6067017E-008
          4360.55     -4.9555911E-008
          4371.84     -5.3297382E-008
          4383.12     -5.7308758E-008
          4394.41     -6.1608565E-008
          4405.70     -6.6216522E-008
          4416.99     -7.1153638E-008
          4428.28     -7.6442262E-008
          4439.57     -8.2106192E-008
          4450.86     -8.8170746E-008
          4462.15     -9.4662844E-008
          4473.44     -1.0161113E-007
          4484.73     -1.0904605E-007
          4496.02     -1.1699997E-007
          4507.30     -1.2550729E-007
          4518.59     -1.3460455E-007
          4529.88     -1.4433058E-007
          4541.17     -1.5472661E-007
          4552.46     -1.6583642E-007
          4563.75     -1.7770648E-007
          4575.04     -1.9038611E-007
          4586.33     -2.0392764E-007
          4597.62     -2.1838660E-007
          4608.91     -2.3382182E-007
          4620.20     -2.5029574E-007
          4631.48     -2.6787454E-007
          4642.77     -2.8662831E-007
          4654.06     -3.0663135E-007
          4665.35     -3.2796237E-007
          4676.64     -3.5070473E-007
          4687.93     -3.7494667E-007
          4699.22     -4.0078158E-007
          4710.51     -4.2830832E-007
          4721.80     -4.5763151E-007
          4733.09     -4.8886173E-007
          4744.38     -5.2211600E-007
          4755.66     -5.5751802E-007
          4766.95     -5.9519853E-007
          4778.24     -6.3529572E-007
          4789.53     -6.7795550E-007
          4800.82     -7.2333207E-007
          4812.11     -7.7158827E-007
          4823.40     -8.2289589E-007
          4834.69     -8.7743634E-007
          4845.98     -9.3540102E-007
          4857.27     -9.9699168E-007
          4868.55     -1.0624213E-006
          4879.84     -1.1319142E-006
          4891.13     -1.2057070E-006
          4902.42     -1.2840492E-006
          4913.71     -1.3672033E-006
          4925.00     -1.4554459E-006
          4936.29     -1.5490684E-006
          4947.58     -1.6483774E-006
          4958.87     -1.7536957E-006
          4970.16     -1.8653627E-006
          4981.45     -1.9837353E-006
          4992.73     -2.1091893E-006
          5004.02     -2.2421187E-006
          5015.31     -2.3829382E-006
          5026.60     -2.5320835E-006
          5037.89     -2.6900121E-006
          5049.18     -2.8572046E-006
          5060.47     -3.0341649E-006
          5071.76     -3.2214223E-006
          5083.05     -3.4195319E-006
          5094.34     -3.6290756E-006
          5105.62     -3.8506636E-006
          5116.91     -4.0849355E-006
          5128.20     -4.3325611E-006
          5139.49     -4.5942423E-006
          5150.78     -4.8707127E-006
          5162.07     -5.1627409E-006
          5173.36     -5.4711312E-006
          5184.65     -5.7967242E-006
          5195.94     -6.1403994E-006
          5207.23     -6.5030756E-006
          5218.52     -6.8857131E-006
          5229.80     -7.2893147E-006
          5241.09     -7.7149261E-006
          5252.38     -8.1636399E-006
          5263.67     -8.6365956E-006
          5274.96     -9.1349799E-006
          5286.25     -9.6600310E-006
          5297.54     -1.0213038E-005
          5308.83     -1.0795341E-005
          5320.12     -1.1408340E-005
          5331.41     -1.2053485E-005
          5342.70     -1.2732288E-005
          5353.98     -1.3446321E-005
          5365.27     -1.4197214E-005
          5376.56     -1.4986662E-005
          5387.85     -1.5816421E-005
          5399.14     -1.6688314E-005
          5410.43     -1.7604231E-005
          5421.72     -1.8566126E-005
          5433.01     -1.9576027E-005
          5444.30     -2.0636029E-005
          5455.59     -2.1748292E-005
          5466.88     -2.2915053E-005
          5478.16     -2.4138622E-005
          5489.45     -2.5421383E-005
          5500.74     -2.6765793E-005
          5512.03     -2.8174380E-005
          5523.32     -2.9649751E-005
          5534.61     -3.1194583E-005
          5545.90     -3.2811625E-005
          5557.19     -3.4503701E-005
          5568.48     -3.6273704E-005
          5579.77     -3.8124436E-005
          5591.05     -4.0058881E-005
          5602.34     -4.2080107E-005
          5613.63     -4.4191251E-005
          5624.92     -4.6395512E-005
          5636.21     -4.8696140E-005
          5647.50     -5.1096446E-005
          5658.79     -5.3599785E-005
          5670.08     -5.6209545E-005
          5681.37     -5.8927452E-005
          5692.66     -6.1756746E-005
          5703.95     -6.4700714E-005
          5715.23     -6.7762678E-005
          5726.52     -7.0945979E-005
          5737.81     -7.4253985E-005
          5749.10     -7.7690072E-005
          5760.39     -8.1257616E-005
          5771.68     -8.4959989E-005
          5782.97     -8.8800752E-005
          5794.26     -9.2785697E-005
          5805.55     -9.6918412E-005
          5816.84     -1.0120237E-004
          5828.12     -1.0564095E-004
          5839.41     -1.1023738E-004
          5850.70     -1.1499472E-004
          5861.99     -1.1991585E-004
          5873.28     -1.2500345E-004
          5884.57     -1.3025994E-004
          5895.86     -1.3568748E-004
          5907.15     -1.4128790E-004
          5918.44     -1.4706114E-004
          5929.73     -1.5300817E-004
          5941.02     -1.5912956E-004
          5952.30     -1.6542544E-004
          5963.59     -1.7189547E-004
          5974.88     -1.7853841E-004
          5986.17     -1.8535230E-004
          5997.46     -1.9233495E-004
          6008.75     -1.9948353E-004
          6020.04     -2.0679447E-004
          6031.33     -2.1426622E-004
          6042.62     -2.2189378E-004
          6053.91     -2.2967107E-004
          6065.20     -2.3759091E-004
          6076.48     -2.4564597E-004
          6087.77     -2.5382740E-004
          6099.06     -2.6212415E-004
          6110.35     -2.7052351E-004
          6121.64     -2.7901035E-004
          6132.93     -2.8756428E-004
          6144.22     -2.9616658E-004
          6155.51     -3.0479832E-004
          6166.80     -3.1343693E-004
          6178.09     -3.2206147E-004
          6189.38     -3.3064619E-004
          6200.66     -3.3916073E-004
          6211.95     -3.4757146E-004
          6223.24     -3.5584122E-004
          6234.53     -3.6392901E-004
          6245.82     -3.7178988E-004
          6257.11     -3.7937444E-004
          6268.40     -3.8662874E-004
          6279.69     -3.9349423E-004
          6290.98     -3.9990672E-004
          6302.27     -4.0579606E-004
          6313.55     -4.1108605E-004
          6324.84     -4.1569400E-004
          6336.13     -4.1953026E-004
          6347.42     -4.2249730E-004
          6358.71     -4.2448956E-004
          6370.00     -4.2539253E-004
