          3480.00     -1.4359036E-044
          3491.29      5.2839202E-022
          3502.58      1.0601917E-021
          3513.87      1.5973026E-021
          3525.16      2.1416260E-021
          3536.45      2.6950705E-021
          3547.73      3.2595568E-021
          3559.02      3.8370229E-021
          3570.31      4.4294330E-021
          3581.60      5.0387817E-021
          3592.89      5.6671009E-021
          3604.18      6.3164498E-021
          3615.47      6.9889159E-021
          3626.76      7.6866653E-021
          3638.05      8.4119250E-021
          3649.34      9.1669873E-021
          3660.62      9.9542194E-021
          3671.91      1.0776067E-020
          3683.20      1.1635061E-020
          3694.49      1.2533826E-020
          3705.78      1.3475082E-020
          3717.07      1.4461655E-020
          3728.36      1.5496485E-020
          3739.65      1.6582627E-020
          3750.94      1.7723265E-020
          3762.23      1.8921713E-020
          3773.52      2.0181429E-020
          3784.80      2.1506017E-020
          3796.09      2.2899238E-020
          3807.38      2.4365043E-020
          3818.67      2.5907535E-020
          3829.96      2.7530995E-020
          3841.25      2.9239900E-020
          3852.54      3.1038923E-020
          3863.83      3.2932949E-020
          3875.12      3.4927085E-020
          3886.41      3.7026658E-020
          3897.70      3.9237244E-020
          3908.98      4.1564671E-020
          3920.27      4.4015021E-020
          3931.56      4.6594657E-020
          3942.85      4.9310225E-020
          3954.14      5.2168714E-020
          3965.43      5.5177400E-020
          3976.72      5.8343870E-020
          3988.01      6.1676055E-020
          3999.30      6.5182244E-020
          4010.59      6.8871084E-020
          4021.88      7.2751612E-020
          4033.16      7.6833266E-020
          4044.45      8.1125897E-020
          4055.74      8.5639793E-020
          4067.03      9.0385680E-020
          4078.32      9.5374767E-020
          4089.61      1.0061875E-019
          4100.90      1.0612980E-019
          4112.19      1.1192067E-019
          4123.48      1.1800462E-019
          4134.77      1.2439547E-019
          4146.05      1.3110767E-019
          4157.34      1.3815623E-019
          4168.63      1.4555684E-019
          4179.92      1.5332582E-019
          4191.21      1.6148018E-019
          4202.50      1.7003764E-019
          4213.79      1.7901665E-019
          4225.08      1.8843643E-019
          4236.37      1.9831700E-019
          4247.66      2.0867914E-019
          4258.95      2.1954451E-019
          4270.23      2.3093567E-019
          4281.52      2.4287603E-019
          4292.81      2.5538999E-019
          4304.10      2.6850291E-019
          4315.39      2.8224113E-019
          4326.68      2.9663206E-019
          4337.97      3.1170415E-019
          4349.26      3.2748698E-019
          4360.55      3.4401128E-019
          4371.84      3.6130946E-019
          4383.12      3.7941416E-019
          4394.41      3.9835977E-019
          4405.70      4.1818192E-019
          4416.99      4.3891763E-019
          4428.28      4.6060529E-019
          4439.57      4.8328472E-019
          4450.86      5.0699726E-019
          4462.15      5.3178568E-019
          4473.44      5.5769436E-019
          4484.73      5.8476930E-019
          4496.02      6.1305813E-019
          4507.30      6.4261020E-019
          4518.59      6.7347656E-019
          4529.88      7.0571011E-019
          4541.17      7.3936563E-019
          4552.46      7.7449972E-019
          4563.75      8.1117104E-019
          4575.04      8.4944018E-019
          4586.33      8.8936979E-019
          4597.62      9.3102470E-019
          4608.91      9.7447174E-019
          4620.20      1.0197801E-018
          4631.48      1.0670213E-018
          4642.77      1.1162690E-018
          4654.06      1.1675993E-018
          4665.35      1.2210908E-018
          4676.64      1.2768246E-018
          4687.93      1.3348843E-018
          4699.22      1.3953561E-018
          4710.51      1.4583289E-018
          4721.80      1.5238942E-018
          4733.09      1.5921464E-018
          4744.38      1.6631827E-018
          4755.66      1.7371030E-018
          4766.95      1.8140104E-018
          4778.24      1.8940108E-018
          4789.53      1.9772131E-018
          4800.82      2.0637293E-018
          4812.11      2.1536747E-018
          4823.40      2.2471674E-018
          4834.69      2.3443290E-018
          4845.98      2.4452842E-018
          4857.27      2.5501606E-018
          4868.55      2.6590897E-018
          4879.84      2.7722059E-018
          4891.13      2.8896472E-018
          4902.42      3.0115553E-018
          4913.71      3.1380745E-018
          4925.00      3.2693534E-018
          4936.29      3.4055435E-018
          4947.58      3.5467999E-018
          4958.87      3.6932814E-018
          4970.16      3.8451498E-018
          4981.45      4.0025704E-018
          4992.73      4.1657123E-018
          5004.02      4.3347467E-018
          5015.31      4.5098490E-018
          5026.60      4.6911980E-018
          5037.89      4.8789756E-018
          5049.18      5.0733671E-018
          5060.47      5.2745605E-018
          5071.76      5.4827472E-018
          5083.05      5.6981215E-018
          5094.34      5.9208802E-018
          5105.62      6.1512231E-018
          5116.91      6.3893524E-018
          5128.20      6.6354728E-018
          5139.49      6.8897914E-018
          5150.78      7.1525159E-018
          5162.07      7.4238566E-018
          5173.36      7.7040259E-018
          5184.65      7.9932369E-018
          5195.94      8.2917046E-018
          5207.23      8.5996443E-018
          5218.52      8.9172723E-018
          5229.80      9.2448049E-018
          5241.09      9.5824574E-018
          5252.38      9.9304456E-018
          5263.67      1.0288984E-017
          5274.96      1.0658285E-017
          5286.25      1.1038560E-017
          5297.54      1.1430016E-017
          5308.83      1.1832859E-017
          5320.12      1.2247288E-017
          5331.41      1.2673502E-017
          5342.70      1.3111693E-017
          5353.98      1.3562047E-017
          5365.27      1.4024745E-017
          5376.56      1.4499960E-017
          5387.85      1.4987857E-017
          5399.14      1.5488589E-017
          5410.43      1.6002305E-017
          5421.72      1.6529137E-017
          5433.01      1.7069207E-017
          5444.30      1.7622626E-017
          5455.59      1.8189482E-017
          5466.88      1.8769852E-017
          5478.16      1.9363798E-017
          5489.45      1.9971361E-017
          5500.74      2.0592563E-017
          5512.03      2.1227403E-017
          5523.32      2.1875858E-017
          5534.61      2.2537878E-017
          5545.90      2.3213386E-017
          5557.19      2.3902276E-017
          5568.48      2.4604410E-017
          5579.77      2.5319509E-017
          5591.05      2.6047341E-017
          5602.34      2.6787650E-017
          5613.63      2.7540141E-017
          5624.92      2.8304478E-017
          5636.21      2.9080277E-017
          5647.50      2.9867108E-017
          5658.79      3.0664489E-017
          5670.08      3.1471876E-017
          5681.37      3.2287741E-017
          5692.66      3.3111365E-017
          5703.95      3.3941979E-017
          5715.23      3.4778756E-017
          5726.52      3.5620810E-017
          5737.81      3.6467195E-017
          5749.10      3.7316896E-017
          5760.39      3.8168833E-017
          5771.68      3.9021851E-017
          5782.97      3.9874819E-017
          5794.26      4.0727500E-017
          5805.55      4.1578563E-017
          5816.84      4.2426563E-017
          5828.12      4.3269949E-017
          5839.41      4.4107047E-017
          5850.70      4.4936062E-017
          5861.99      4.5755070E-017
          5873.28      4.6562006E-017
          5884.57      4.7354667E-017
          5895.86      4.8130697E-017
          5907.15      4.8887578E-017
          5918.44      4.9622111E-017
          5929.73      5.0331432E-017
          5941.02      5.1012508E-017
          5952.30      5.1662134E-017
          5963.59      5.2276918E-017
          5974.88      5.2853174E-017
          5986.17      5.3386978E-017
          5997.46      5.3874339E-017
          6008.75      5.4311057E-017
          6020.04      5.4692713E-017
          6031.33      5.5015383E-017
          6042.62      5.5274178E-017
          6053.91      5.5463932E-017
          6065.20      5.5579196E-017
          6076.48      5.5614464E-017
          6087.77      5.5563849E-017
          6099.06      5.5420946E-017
          6110.35      5.5178990E-017
          6121.64      5.4830714E-017
          6132.93      5.4367841E-017
          6144.22      5.3782491E-017
          6155.51      5.3066710E-017
          6166.80      5.2211849E-017
          6178.09      5.1209474E-017
          6189.38      5.0050239E-017
          6200.66      4.8724003E-017
          6211.95      4.7220083E-017
          6223.24      4.5527217E-017
          6234.53      4.3633551E-017
          6245.82      4.1526611E-017
          6257.11      3.9193271E-017
          6268.40      3.6619745E-017
          6279.69      3.3791569E-017
          6290.98      3.0693510E-017
          6302.27      2.7309548E-017
          6313.55      2.3622868E-017
          6324.84      1.9615834E-017
          6336.13      1.5269932E-017
          6347.42      1.0565726E-017
          6358.71      5.4828599E-018
          6370.00      4.4815494E-062
