          3480.00      3.8525636E-031
          3491.29     -3.4705397E-010
          3502.58     -6.9674956E-010
          3513.87     -1.0507984E-009
          3525.16     -1.4109147E-009
          3536.45     -1.7788247E-009
          3547.73     -2.1562744E-009
          3559.02     -2.5450363E-009
          3570.31     -2.9469189E-009
          3581.60     -3.3637735E-009
          3592.89     -3.7975025E-009
          3604.18     -4.2500563E-009
          3615.47     -4.7234377E-009
          3626.76     -5.2197396E-009
          3638.05     -5.7411374E-009
          3649.34     -6.2898959E-009
          3660.62     -6.8683803E-009
          3671.91     -7.4790631E-009
          3683.20     -8.1245336E-009
          3694.49     -8.8075077E-009
          3705.78     -9.5308348E-009
          3717.07     -1.0297512E-008
          3728.36     -1.1110691E-008
          3739.65     -1.1973688E-008
          3750.94     -1.2890000E-008
          3762.23     -1.3863311E-008
          3773.52     -1.4897506E-008
          3784.80     -1.5996684E-008
          3796.09     -1.7165170E-008
          3807.38     -1.8407549E-008
          3818.67     -1.9728647E-008
          3829.96     -2.1133555E-008
          3841.25     -2.2627653E-008
          3852.54     -2.4216624E-008
          3863.83     -2.5906469E-008
          3875.12     -2.7703529E-008
          3886.41     -2.9614493E-008
          3897.70     -3.1646436E-008
          3908.98     -3.3806825E-008
          3920.27     -3.6103544E-008
          3931.56     -3.8544921E-008
          3942.85     -4.1139746E-008
          3954.14     -4.3897337E-008
          3965.43     -4.6827509E-008
          3976.72     -4.9940605E-008
          3988.01     -5.3247549E-008
          3999.30     -5.6759870E-008
          4010.59     -6.0489718E-008
          4021.88     -6.4449922E-008
          4033.16     -6.8654008E-008
          4044.45     -7.3116239E-008
          4055.74     -7.7851657E-008
          4067.03     -8.2876105E-008
          4078.32     -8.8206295E-008
          4089.61     -9.3859838E-008
          4100.90     -9.9855274E-008
          4112.19     -1.0621215E-007
          4123.48     -1.1295104E-007
          4134.77     -1.2009363E-007
          4146.05     -1.2766272E-007
          4157.34     -1.3568233E-007
          4168.63     -1.4417773E-007
          4179.92     -1.5317552E-007
          4191.21     -1.6270366E-007
          4202.50     -1.7279159E-007
          4213.79     -1.8347025E-007
          4225.08     -1.9477218E-007
          4236.37     -2.0673160E-007
          4247.66     -2.1938442E-007
          4258.95     -2.3276841E-007
          4270.23     -2.4692326E-007
          4281.52     -2.6189063E-007
          4292.81     -2.7771430E-007
          4304.10     -2.9444025E-007
          4315.39     -3.1211672E-007
          4326.68     -3.3079438E-007
          4337.97     -3.5052633E-007
          4349.26     -3.7136836E-007
          4360.55     -3.9337898E-007
          4371.84     -4.1662008E-007
          4383.12     -4.4115548E-007
          4394.41     -4.6705259E-007
          4405.70     -4.9438204E-007
          4416.99     -5.2321789E-007
          4428.28     -5.5363771E-007
          4439.57     -5.8572278E-007
          4450.86     -6.1955828E-007
          4462.15     -6.5523328E-007
          4473.44     -6.9284112E-007
          4484.73     -7.3247948E-007
          4496.02     -7.7425059E-007
          4507.30     -8.1826141E-007
          4518.59     -8.6462375E-007
          4529.88     -9.1345463E-007
          4541.17     -9.6487645E-007
          4552.46     -1.0190171E-006
          4563.75     -1.0760102E-006
          4575.04     -1.1359956E-006
          4586.33     -1.1991191E-006
          4597.62     -1.2655334E-006
          4608.91     -1.3353974E-006
          4620.20     -1.4088776E-006
          4631.48     -1.4861474E-006
          4642.77     -1.5673879E-006
          4654.06     -1.6527881E-006
          4665.35     -1.7425451E-006
          4676.64     -1.8368646E-006
          4687.93     -1.9359611E-006
          4699.22     -2.0400579E-006
          4710.51     -2.1493881E-006
          4721.80     -2.2641945E-006
          4733.09     -2.3847300E-006
          4744.38     -2.5112580E-006
          4755.66     -2.6440530E-006
          4766.95     -2.7834006E-006
          4778.24     -2.9295983E-006
          4789.53     -3.0829552E-006
          4800.82     -3.2437934E-006
          4812.11     -3.4124480E-006
          4823.40     -3.5892668E-006
          4834.69     -3.7746120E-006
          4845.98     -3.9688598E-006
          4857.27     -4.1724009E-006
          4868.55     -4.3856414E-006
          4879.84     -4.6090027E-006
          4891.13     -4.8429233E-006
          4902.42     -5.0878578E-006
          4913.71     -5.3442779E-006
          4925.00     -5.6126733E-006
          4936.29     -5.8935519E-006
          4947.58     -6.1874404E-006
          4958.87     -6.4948850E-006
          4970.16     -6.8164509E-006
          4981.45     -7.1527248E-006
          4992.73     -7.5043143E-006
          5004.02     -7.8718464E-006
          5015.31     -8.2559717E-006
          5026.60     -8.6573639E-006
          5037.89     -9.0767197E-006
          5049.18     -9.5147603E-006
          5060.47     -9.9722298E-006
          5071.76     -1.0449899E-005
          5083.05     -1.0948564E-005
          5094.34     -1.1469046E-005
          5105.62     -1.2012193E-005
          5116.91     -1.2578883E-005
          5128.20     -1.3170019E-005
          5139.49     -1.3786533E-005
          5150.78     -1.4429386E-005
          5162.07     -1.5099566E-005
          5173.36     -1.5798094E-005
          5184.65     -1.6526020E-005
          5195.94     -1.7284428E-005
          5207.23     -1.8074429E-005
          5218.52     -1.8897169E-005
          5229.80     -1.9753826E-005
          5241.09     -2.0645608E-005
          5252.38     -2.1573758E-005
          5263.67     -2.2539553E-005
          5274.96     -2.3544301E-005
          5286.25     -2.4589345E-005
          5297.54     -2.5676059E-005
          5308.83     -2.6805850E-005
          5320.12     -2.7980163E-005
          5331.41     -2.9200471E-005
          5342.70     -3.0468287E-005
          5353.98     -3.1785155E-005
          5365.27     -3.3152648E-005
          5376.56     -3.4572380E-005
          5387.85     -3.6045988E-005
          5399.14     -3.7575144E-005
          5410.43     -3.9161552E-005
          5421.72     -4.0806941E-005
          5433.01     -4.2513076E-005
          5444.30     -4.4281745E-005
          5455.59     -4.6114749E-005
          5466.88     -4.8013926E-005
          5478.16     -4.9981139E-005
          5489.45     -5.2018270E-005
          5500.74     -5.4127224E-005
          5512.03     -5.6309917E-005
          5523.32     -5.8568284E-005
          5534.61     -6.0904274E-005
          5545.90     -6.3319838E-005
          5557.19     -6.5816936E-005
          5568.48     -6.8397533E-005
          5579.77     -7.1063284E-005
          5591.05     -7.3816064E-005
          5602.34     -7.6657777E-005
          5613.63     -7.9590318E-005
          5624.92     -8.2615566E-005
          5636.21     -8.5735364E-005
          5647.50     -8.8951536E-005
          5658.79     -9.2265865E-005
          5670.08     -9.5680070E-005
          5681.37     -9.9192951E-005
          5692.66     -1.0280584E-004
          5703.95     -1.0652005E-004
          5715.23     -1.1033681E-004
          5726.52     -1.1425730E-004
          5737.81     -1.1828264E-004
          5749.10     -1.2241387E-004
          5760.39     -1.2665193E-004
          5771.68     -1.3099768E-004
          5782.97     -1.3545222E-004
          5794.26     -1.4001991E-004
          5805.55     -1.4470164E-004
          5816.84     -1.4949810E-004
          5828.12     -1.5440980E-004
          5839.41     -1.5943707E-004
          5850.70     -1.6457998E-004
          5861.99     -1.6983840E-004
          5873.28     -1.7521190E-004
          5884.57     -1.8069981E-004
          5895.86     -1.8630117E-004
          5907.15     -1.9201464E-004
          5918.44     -1.9783649E-004
          5929.73     -2.0376456E-004
          5941.02     -2.0979632E-004
          5952.30     -2.1592888E-004
          5963.59     -2.2215891E-004
          5974.88     -2.2848220E-004
          5986.17     -2.3489387E-004
          5997.46     -2.4138914E-004
          6008.75     -2.4796272E-004
          6020.04     -2.5460879E-004
          6031.33     -2.6132444E-004
          6042.62     -2.6810288E-004
          6053.91     -2.7493662E-004
          6065.20     -2.8181742E-004
          6076.48     -2.8873753E-004
          6087.77     -2.9568810E-004
          6099.06     -3.0265848E-004
          6110.35     -3.0963700E-004
          6121.64     -3.1661019E-004
          6132.93     -3.2355961E-004
          6144.22     -3.3047000E-004
          6155.51     -3.3732692E-004
          6166.80     -3.4411307E-004
          6178.09     -3.5081430E-004
          6189.38     -3.5741256E-004
          6200.66     -3.6388645E-004
          6211.95     -3.7021285E-004
          6223.24     -3.7636683E-004
          6234.53     -3.8232153E-004
          6245.82     -3.8804813E-004
          6257.11     -3.9351567E-004
          6268.40     -3.9869098E-004
          6279.69     -4.0353899E-004
          6290.98     -4.0802180E-004
          6302.27     -4.1209870E-004
          6313.55     -4.1572629E-004
          6324.84     -4.1885832E-004
          6336.13     -4.2144557E-004
          6347.42     -4.2343518E-004
          6358.71     -4.2477092E-004
          6370.00     -4.2539253E-004
