          3480.00      0.0000000E+000
          3491.29      1.9201332E+002
          3502.58      3.8456564E+002
          3513.87      5.7792285E+002
          3525.16      7.7234837E+002
          3536.45      9.6810458E+002
          3547.73      1.1654525E+003
          3559.02      1.3646520E+003
          3570.31      1.5659624E+003
          3581.60      1.7696431E+003
          3592.89      1.9759532E+003
          3604.18      2.1851524E+003
          3615.47      2.3975006E+003
          3626.76      2.6132592E+003
          3638.05      2.8326906E+003
          3649.34      3.0560583E+003
          3660.62      3.2836281E+003
          3671.91      3.5156676E+003
          3683.20      3.7524467E+003
          3694.49      3.9942380E+003
          3705.78      4.2413164E+003
          3717.07      4.4939602E+003
          3728.36      4.7524513E+003
          3739.65      5.0170741E+003
          3750.94      5.2881177E+003
          3762.23      5.5658748E+003
          3773.52      5.8506423E+003
          3784.80      6.1427219E+003
          3796.09      6.4424189E+003
          3807.38      6.7500445E+003
          3818.67      7.0659148E+003
          3829.96      7.3903506E+003
          3841.25      7.7236789E+003
          3852.54      8.0662319E+003
          3863.83      8.4183481E+003
          3875.12      8.7803723E+003
          3886.41      9.1526545E+003
          3897.70      9.5355523E+003
          3908.98      9.9294302E+003
          3920.27      1.0334658E+004
          3931.56      1.0751615E+004
          3942.85      1.1180686E+004
          3954.14      1.1622264E+004
          3965.43      1.2076749E+004
          3976.72      1.2544550E+004
          3988.01      1.3026083E+004
          3999.30      1.3521774E+004
          4010.59      1.4032054E+004
          4021.88      1.4557366E+004
          4033.16      1.5098160E+004
          4044.45      1.5654897E+004
          4055.74      1.6228044E+004
          4067.03      1.6818080E+004
          4078.32      1.7425491E+004
          4089.61      1.8050776E+004
          4100.90      1.8694440E+004
          4112.19      1.9357001E+004
          4123.48      2.0038986E+004
          4134.77      2.0740931E+004
          4146.05      2.1463385E+004
          4157.34      2.2206906E+004
          4168.63      2.2972062E+004
          4179.92      2.3759435E+004
          4191.21      2.4569613E+004
          4202.50      2.5403199E+004
          4213.79      2.6260806E+004
          4225.08      2.7143060E+004
          4236.37      2.8050596E+004
          4247.66      2.8984061E+004
          4258.95      2.9944115E+004
          4270.23      3.0931429E+004
          4281.52      3.1946686E+004
          4292.81      3.2990580E+004
          4304.10      3.4063819E+004
          4315.39      3.5167123E+004
          4326.68      3.6301222E+004
          4337.97      3.7466859E+004
          4349.26      3.8664791E+004
          4360.55      3.9895786E+004
          4371.84      4.1160623E+004
          4383.12      4.2460095E+004
          4394.41      4.3795008E+004
          4405.70      4.5166178E+004
          4416.99      4.6574437E+004
          4428.28      4.8020624E+004
          4439.57      4.9505595E+004
          4450.86      5.1030216E+004
          4462.15      5.2595364E+004
          4473.44      5.4201930E+004
          4484.73      5.5850815E+004
          4496.02      5.7542935E+004
          4507.30      5.9279215E+004
          4518.59      6.1060589E+004
          4529.88      6.2888008E+004
          4541.17      6.4762431E+004
          4552.46      6.6684825E+004
          4563.75      6.8656172E+004
          4575.04      7.0677462E+004
          4586.33      7.2749697E+004
          4597.62      7.4873888E+004
          4608.91      7.7051052E+004
          4620.20      7.9282218E+004
          4631.48      8.1568427E+004
          4642.77      8.3910718E+004
          4654.06      8.6310147E+004
          4665.35      8.8767774E+004
          4676.64      9.1284665E+004
          4687.93      9.3861896E+004
          4699.22      9.6500540E+004
          4710.51      9.9201684E+004
          4721.80      1.0196642E+005
          4733.09      1.0479582E+005
          4744.38      1.0769100E+005
          4755.66      1.1065304E+005
          4766.95      1.1368304E+005
          4778.24      1.1678211E+005
          4789.53      1.1995133E+005
          4800.82      1.2319179E+005
          4812.11      1.2650461E+005
          4823.40      1.2989084E+005
          4834.69      1.3335159E+005
          4845.98      1.3688793E+005
          4857.27      1.4050093E+005
          4868.55      1.4419164E+005
          4879.84      1.4796113E+005
          4891.13      1.5181042E+005
          4902.42      1.5574055E+005
          4913.71      1.5975252E+005
          4925.00      1.6384733E+005
          4936.29      1.6802596E+005
          4947.58      1.7228936E+005
          4958.87      1.7663848E+005
          4970.16      1.8107421E+005
          4981.45      1.8559745E+005
          4992.73      1.9020906E+005
          5004.02      1.9490987E+005
          5015.31      1.9970066E+005
          5026.60      2.0458220E+005
          5037.89      2.0955521E+005
          5049.18      2.1462039E+005
          5060.47      2.1977836E+005
          5071.76      2.2502972E+005
          5083.05      2.3037503E+005
          5094.34      2.3581477E+005
          5105.62      2.4134938E+005
          5116.91      2.4697924E+005
          5128.20      2.5270469E+005
          5139.49      2.5852596E+005
          5150.78      2.6444326E+005
          5162.07      2.7045668E+005
          5173.36      2.7656628E+005
          5184.65      2.8277199E+005
          5195.94      2.8907370E+005
          5207.23      2.9547119E+005
          5218.52      3.0196414E+005
          5229.80      3.0855214E+005
          5241.09      3.1523467E+005
          5252.38      3.2201111E+005
          5263.67      3.2888072E+005
          5274.96      3.3584264E+005
          5286.25      3.4289587E+005
          5297.54      3.5003931E+005
          5308.83      3.5727170E+005
          5320.12      3.6459164E+005
          5331.41      3.7199757E+005
          5342.70      3.7948779E+005
          5353.98      3.8706043E+005
          5365.27      3.9471344E+005
          5376.56      4.0244460E+005
          5387.85      4.1025149E+005
          5399.14      4.1813152E+005
          5410.43      4.2608188E+005
          5421.72      4.3409953E+005
          5433.01      4.4218125E+005
          5444.30      4.5032357E+005
          5455.59      4.5852276E+005
          5466.88      4.6677487E+005
          5478.16      4.7507569E+005
          5489.45      4.8342073E+005
          5500.74      4.9180522E+005
          5512.03      5.0022410E+005
          5523.32      5.0867202E+005
          5534.61      5.1714330E+005
          5545.90      5.2563194E+005
          5557.19      5.3413160E+005
          5568.48      5.4263559E+005
          5579.77      5.5113686E+005
          5591.05      5.5962798E+005
          5602.34      5.6810112E+005
          5613.63      5.7654805E+005
          5624.92      5.8496012E+005
          5636.21      5.9332823E+005
          5647.50      6.0164284E+005
          5658.79      6.0989394E+005
          5670.08      6.1807104E+005
          5681.37      6.2616312E+005
          5692.66      6.3415867E+005
          5703.95      6.4204561E+005
          5715.23      6.4981134E+005
          5726.52      6.5744264E+005
          5737.81      6.6492572E+005
          5749.10      6.7224616E+005
          5760.39      6.7938891E+005
          5771.68      6.8633824E+005
          5782.97      6.9307775E+005
          5794.26      6.9959033E+005
          5805.55      7.0585815E+005
          5816.84      7.1186258E+005
          5828.12      7.1758427E+005
          5839.41      7.2300303E+005
          5850.70      7.2809783E+005
          5861.99      7.3284681E+005
          5873.28      7.3722718E+005
          5884.57      7.4121527E+005
          5895.86      7.4478644E+005
          5907.15      7.4791509E+005
          5918.44      7.5057459E+005
          5929.73      7.5273728E+005
          5941.02      7.5437443E+005
          5952.30      7.5545620E+005
          5963.59      7.5595159E+005
          5974.88      7.5582845E+005
          5986.17      7.5505339E+005
          5997.46      7.5359177E+005
          6008.75      7.5140767E+005
          6020.04      7.4846382E+005
          6031.33      7.4472159E+005
          6042.62      7.4014093E+005
          6053.91      7.3468033E+005
          6065.20      7.2829677E+005
          6076.48      7.2094569E+005
          6087.77      7.1258094E+005
          6099.06      7.0315472E+005
          6110.35      6.9261753E+005
          6121.64      6.8091813E+005
          6132.93      6.6800348E+005
          6144.22      6.5381873E+005
          6155.51      6.3830707E+005
          6166.80      6.2140976E+005
          6178.09      6.0306606E+005
          6189.38      5.8321314E+005
          6200.66      5.6178601E+005
          6211.95      5.3871752E+005
          6223.24      5.1393822E+005
          6234.53      4.8737641E+005
          6245.82      4.5895792E+005
          6257.11      4.2860612E+005
          6268.40      3.9624193E+005
          6279.69      3.6178359E+005
          6290.98      3.2514669E+005
          6302.27      2.8624405E+005
          6313.55      2.4498566E+005
          6324.84      2.0127868E+005
          6336.13      1.5502718E+005
          6347.42      1.0613215E+005
          6358.71      5.4491565E+004
          6370.00      7.2352130E-061
