          3480.00      0.0000000E+000
          3491.29      2.6743831E-019
          3502.58      5.3574240E-019
          3513.87      8.0502667E-019
          3525.16      1.0754039E-018
          3536.45      1.3469868E-018
          3547.73      1.6198872E-018
          3559.02      1.8942154E-018
          3570.31      2.1700819E-018
          3581.60      2.4475959E-018
          3592.89      2.7268662E-018
          3604.18      3.0079931E-018
          3615.47      3.2910666E-018
          3626.76      3.5761880E-018
          3638.05      3.8634579E-018
          3649.34      4.1529758E-018
          3660.62      4.4448414E-018
          3671.91      4.7391536E-018
          3683.20      5.0360108E-018
          3694.49      5.3355112E-018
          3705.78      5.6377517E-018
          3717.07      5.9428298E-018
          3728.36      6.2508421E-018
          3739.65      6.5618843E-018
          3750.94      6.8760524E-018
          3762.23      7.1934416E-018
          3773.52      7.5141467E-018
          3784.80      7.8382623E-018
          3796.09      8.1658829E-018
          3807.38      8.4971105E-018
          3818.67      8.8320397E-018
          3829.96      9.1707637E-018
          3841.25      9.5133760E-018
          3852.54      9.8599694E-018
          3863.83      1.0210636E-017
          3875.12      1.0565469E-017
          3886.41      1.0924559E-017
          3897.70      1.1287997E-017
          3908.98      1.1655874E-017
          3920.27      1.2028280E-017
          3931.56      1.2405304E-017
          3942.85      1.2787035E-017
          3954.14      1.3173574E-017
          3965.43      1.3565011E-017
          3976.72      1.3961435E-017
          3988.01      1.4362934E-017
          3999.30      1.4769595E-017
          4010.59      1.5181506E-017
          4021.88      1.5598753E-017
          4033.16      1.6021421E-017
          4044.45      1.6449596E-017
          4055.74      1.6883362E-017
          4067.03      1.7322802E-017
          4078.32      1.7768000E-017
          4089.61      1.8219038E-017
          4100.90      1.8675997E-017
          4112.19      1.9138958E-017
          4123.48      1.9608002E-017
          4134.77      2.0083207E-017
          4146.05      2.0564651E-017
          4157.34      2.1052410E-017
          4168.63      2.1546561E-017
          4179.92      2.2047180E-017
          4191.21      2.2554339E-017
          4202.50      2.3068112E-017
          4213.79      2.3588569E-017
          4225.08      2.4115782E-017
          4236.37      2.4649820E-017
          4247.66      2.5190750E-017
          4258.95      2.5738635E-017
          4270.23      2.6293542E-017
          4281.52      2.6855532E-017
          4292.81      2.7424668E-017
          4304.10      2.8001011E-017
          4315.39      2.8584619E-017
          4326.68      2.9175549E-017
          4337.97      2.9773856E-017
          4349.26      3.0379593E-017
          4360.55      3.0992813E-017
          4371.84      3.1613609E-017
          4383.12      3.2241985E-017
          4394.41      3.2877985E-017
          4405.70      3.3521648E-017
          4416.99      3.4173016E-017
          4428.28      3.4832125E-017
          4439.57      3.5499011E-017
          4450.86      3.6173710E-017
          4462.15      3.6856249E-017
          4473.44      3.7546658E-017
          4484.73      3.8244963E-017
          4496.02      3.8951185E-017
          4507.30      3.9665346E-017
          4518.59      4.0387460E-017
          4529.88      4.1117541E-017
          4541.17      4.1855600E-017
          4552.46      4.2601646E-017
          4563.75      4.3355683E-017
          4575.04      4.4117711E-017
          4586.33      4.4887726E-017
          4597.62      4.5665723E-017
          4608.91      4.6451688E-017
          4620.20      4.7245608E-017
          4631.48      4.8047463E-017
          4642.77      4.8857228E-017
          4654.06      4.9674877E-017
          4665.35      5.0500377E-017
          4676.64      5.1333692E-017
          4687.93      5.2174781E-017
          4699.22      5.3023594E-017
          4710.51      5.3880081E-017
          4721.80      5.4744186E-017
          4733.09      5.5615846E-017
          4744.38      5.6494993E-017
          4755.66      5.7381556E-017
          4766.95      5.8275454E-017
          4778.24      5.9176605E-017
          4789.53      6.0084917E-017
          4800.82      6.1000292E-017
          4812.11      6.1922629E-017
          4823.40      6.2851818E-017
          4834.69      6.3787741E-017
          4845.98      6.4730275E-017
          4857.27      6.5679282E-017
          4868.55      6.6634625E-017
          4879.84      6.7596154E-017
          4891.13      6.8563721E-017
          4902.42      6.9537164E-017
          4913.71      7.0516313E-017
          4925.00      7.1500992E-017
          4936.29      7.2491016E-017
          4947.58      7.3486193E-017
          4958.87      7.4486319E-017
          4970.16      7.5491182E-017
          4981.45      7.6500562E-017
          4992.73      7.7514231E-017
          5004.02      7.8531933E-017
          5015.31      7.9553417E-017
          5026.60      8.0578423E-017
          5037.89      8.1606679E-017
          5049.18      8.2637907E-017
          5060.47      8.3671813E-017
          5071.76      8.4708094E-017
          5083.05      8.5746438E-017
          5094.34      8.6786517E-017
          5105.62      8.7827995E-017
          5116.91      8.8870523E-017
          5128.20      8.9913738E-017
          5139.49      9.0957268E-017
          5150.78      9.2000714E-017
          5162.07      9.3043669E-017
          5173.36      9.4085719E-017
          5184.65      9.5126435E-017
          5195.94      9.6165376E-017
          5207.23      9.7202085E-017
          5218.52      9.8236092E-017
          5229.80      9.9266914E-017
          5241.09      1.0029405E-016
          5252.38      1.0131697E-016
          5263.67      1.0233517E-016
          5274.96      1.0334807E-016
          5286.25      1.0435513E-016
          5297.54      1.0535576E-016
          5308.83      1.0634933E-016
          5320.12      1.0733525E-016
          5331.41      1.0831287E-016
          5342.70      1.0928153E-016
          5353.98      1.1024058E-016
          5365.27      1.1118932E-016
          5376.56      1.1212704E-016
          5387.85      1.1305302E-016
          5399.14      1.1396649E-016
          5410.43      1.1486669E-016
          5421.72      1.1575283E-016
          5433.01      1.1662410E-016
          5444.30      1.1747967E-016
          5455.59      1.1831864E-016
          5466.88      1.1914014E-016
          5478.16      1.1994327E-016
          5489.45      1.2072710E-016
          5500.74      1.2149069E-016
          5512.03      1.2223307E-016
          5523.32      1.2295323E-016
          5534.61      1.2365017E-016
          5545.90      1.2432283E-016
          5557.19      1.2497015E-016
          5568.48      1.2559102E-016
          5579.77      1.2618379E-016
          5591.05      1.2674721E-016
          5602.34      1.2728010E-016
          5613.63      1.2778126E-016
          5624.92      1.2824944E-016
          5636.21      1.2868339E-016
          5647.50      1.2908182E-016
          5658.79      1.2944342E-016
          5670.08      1.2976680E-016
          5681.37      1.3004683E-016
          5692.66      1.3028208E-016
          5703.95      1.3047114E-016
          5715.23      1.3061260E-016
          5726.52      1.3070500E-016
          5737.81      1.3074689E-016
          5749.10      1.3073682E-016
          5760.39      1.3067330E-016
          5771.68      1.3055485E-016
          5782.97      1.3038029E-016
          5794.26      1.3015155E-016
          5805.55      1.2986707E-016
          5816.84      1.2952524E-016
          5828.12      1.2912445E-016
          5839.41      1.2866303E-016
          5850.70      1.2813928E-016
          5861.99      1.2755148E-016
          5873.28      1.2689787E-016
          5884.57      1.2617666E-016
          5895.86      1.2538601E-016
          5907.15      1.2452404E-016
          5918.44      1.2358755E-016
          5929.73      1.2257463E-016
          5941.02      1.2148336E-016
          5952.30      1.2031179E-016
          5963.59      1.1905795E-016
          5974.88      1.1771958E-016
          5986.17      1.1629437E-016
          5997.46      1.1478028E-016
          6008.75      1.1317526E-016
          6020.04      1.1147722E-016
          6031.33      1.0968554E-016
          6042.62      1.0779802E-016
          6053.91      1.0581240E-016
          6065.20      1.0372642E-016
          6076.48      1.0153821E-016
          6087.77      9.9245712E-017
          6099.06      9.6846472E-017
          6110.35      9.4337990E-017
          6121.64      9.1717491E-017
          6132.93      8.8981161E-017
          6144.22      8.6126445E-017
          6155.51      8.3151320E-017
          6166.80      8.0053201E-017
          6178.09      7.6830453E-017
          6189.38      7.3480630E-017
          6200.66      7.0000790E-017
          6211.95      6.6387929E-017
          6223.24      6.2638974E-017
          6234.53      5.8750789E-017
          6245.82      5.4720177E-017
          6257.11      5.0543863E-017
          6268.40      4.6218526E-017
          6279.69      4.1740810E-017
          6290.98      3.7107237E-017
          6302.27      3.2314242E-017
          6313.55      2.7358188E-017
          6324.84      2.2235388E-017
          6336.13      1.6942066E-017
          6347.42      1.1474352E-017
          6358.71      5.8283288E-018
          6370.00     -2.9373070E-052
