          3480.00      1.1496891E-030
          3491.29     -4.2975966E-005
          3502.58     -8.6072081E-005
          3513.87     -1.2936173E-004
          3525.16     -1.7291762E-004
          3536.45     -2.1681218E-004
          3547.73     -2.6111750E-004
          3559.02     -3.0590543E-004
          3570.31     -3.5124781E-004
          3581.60     -3.9721654E-004
          3592.89     -4.4388366E-004
          3604.18     -4.9132152E-004
          3615.47     -5.3960273E-004
          3626.76     -5.8880048E-004
          3638.05     -6.3898856E-004
          3649.34     -6.9024131E-004
          3660.62     -7.4263396E-004
          3671.91     -7.9624258E-004
          3683.20     -8.5114419E-004
          3694.49     -9.0741697E-004
          3705.78     -9.6514004E-004
          3717.07     -1.0243940E-003
          3728.36     -1.0852607E-003
          3739.65     -1.1478233E-003
          3750.94     -1.2121666E-003
          3762.23     -1.2783771E-003
          3773.52     -1.3465429E-003
          3784.80     -1.4167539E-003
          3796.09     -1.4891018E-003
          3807.38     -1.5636803E-003
          3818.67     -1.6405854E-003
          3829.96     -1.7199149E-003
          3841.25     -1.8017690E-003
          3852.54     -1.8862502E-003
          3863.83     -1.9734635E-003
          3875.12     -2.0635164E-003
          3886.41     -2.1565189E-003
          3897.70     -2.2525837E-003
          3908.98     -2.3518264E-003
          3920.27     -2.4543654E-003
          3931.56     -2.5603221E-003
          3942.85     -2.6698209E-003
          3954.14     -2.7829896E-003
          3965.43     -2.8999590E-003
          3976.72     -3.0208634E-003
          3988.01     -3.1458403E-003
          3999.30     -3.2750314E-003
          4010.59     -3.4085812E-003
          4021.88     -3.5466386E-003
          4033.16     -3.6893561E-003
          4044.45     -3.8368903E-003
          4055.74     -3.9894019E-003
          4067.03     -4.1470553E-003
          4078.32     -4.3100199E-003
          4089.61     -4.4784691E-003
          4100.90     -4.6525806E-003
          4112.19     -4.8325371E-003
          4123.48     -5.0185259E-003
          4134.77     -5.2107390E-003
          4146.05     -5.4093738E-003
          4157.34     -5.6146320E-003
          4168.63     -5.8267210E-003
          4179.92     -6.0458536E-003
          4191.21     -6.2722474E-003
          4202.50     -6.5061261E-003
          4213.79     -6.7477188E-003
          4225.08     -6.9972606E-003
          4236.37     -7.2549925E-003
          4247.66     -7.5211608E-003
          4258.95     -7.7960188E-003
          4270.23     -8.0798260E-003
          4281.52     -8.3728474E-003
          4292.81     -8.6753555E-003
          4304.10     -8.9876290E-003
          4315.39     -9.3099536E-003
          4326.68     -9.6426219E-003
          4337.97     -9.9859328E-003
          4349.26     -1.0340193E-002
          4360.55     -1.0705717E-002
          4371.84     -1.1082826E-002
          4383.12     -1.1471848E-002
          4394.41     -1.1873121E-002
          4405.70     -1.2286988E-002
          4416.99     -1.2713802E-002
          4428.28     -1.3153923E-002
          4439.57     -1.3607719E-002
          4450.86     -1.4075569E-002
          4462.15     -1.4557855E-002
          4473.44     -1.5054974E-002
          4484.73     -1.5567326E-002
          4496.02     -1.6095325E-002
          4507.30     -1.6639390E-002
          4518.59     -1.7199950E-002
          4529.88     -1.7777444E-002
          4541.17     -1.8372321E-002
          4552.46     -1.8985037E-002
          4563.75     -1.9616060E-002
          4575.04     -2.0265866E-002
          4586.33     -2.0934942E-002
          4597.62     -2.1623785E-002
          4608.91     -2.2332901E-002
          4620.20     -2.3062805E-002
          4631.48     -2.3814026E-002
          4642.77     -2.4587100E-002
          4654.06     -2.5382573E-002
          4665.35     -2.6201006E-002
          4676.64     -2.7042965E-002
          4687.93     -2.7909032E-002
          4699.22     -2.8799794E-002
          4710.51     -2.9715853E-002
          4721.80     -3.0657821E-002
          4733.09     -3.1626320E-002
          4744.38     -3.2621983E-002
          4755.66     -3.3645456E-002
          4766.95     -3.4697393E-002
          4778.24     -3.5778464E-002
          4789.53     -3.6889343E-002
          4800.82     -3.8030721E-002
          4812.11     -3.9203298E-002
          4823.40     -4.0407785E-002
          4834.69     -4.1644904E-002
          4845.98     -4.2915389E-002
          4857.27     -4.4219984E-002
          4868.55     -4.5559446E-002
          4879.84     -4.6934540E-002
          4891.13     -4.8346044E-002
          4902.42     -4.9794747E-002
          4913.71     -5.1281445E-002
          4925.00     -5.2806949E-002
          4936.29     -5.4372080E-002
          4947.58     -5.5977666E-002
          4958.87     -5.7624551E-002
          4970.16     -5.9313580E-002
          4981.45     -6.1045615E-002
          4992.73     -6.2821529E-002
          5004.02     -6.4642195E-002
          5015.31     -6.6508503E-002
          5026.60     -6.8421350E-002
          5037.89     -7.0381640E-002
          5049.18     -7.2390289E-002
          5060.47     -7.4448213E-002
          5071.76     -7.6556343E-002
          5083.05     -7.8715615E-002
          5094.34     -8.0926968E-002
          5105.62     -8.3191350E-002
          5116.91     -8.5509715E-002
          5128.20     -8.7883021E-002
          5139.49     -9.0312233E-002
          5150.78     -9.2798314E-002
          5162.07     -9.5342235E-002
          5173.36     -9.7944971E-002
          5184.65     -1.0060749E-001
          5195.94     -1.0333078E-001
          5207.23     -1.0611580E-001
          5218.52     -1.0896353E-001
          5229.80     -1.1187496E-001
          5241.09     -1.1485105E-001
          5252.38     -1.1789276E-001
          5263.67     -1.2100107E-001
          5274.96     -1.2417693E-001
          5286.25     -1.2742129E-001
          5297.54     -1.3073511E-001
          5308.83     -1.3411931E-001
          5320.12     -1.3757483E-001
          5331.41     -1.4110257E-001
          5342.70     -1.4470344E-001
          5353.98     -1.4837834E-001
          5365.27     -1.5212812E-001
          5376.56     -1.5595365E-001
          5387.85     -1.5985576E-001
          5399.14     -1.6383526E-001
          5410.43     -1.6789295E-001
          5421.72     -1.7202960E-001
          5433.01     -1.7624594E-001
          5444.30     -1.8054268E-001
          5455.59     -1.8492052E-001
          5466.88     -1.8938009E-001
          5478.16     -1.9392201E-001
          5489.45     -1.9854685E-001
          5500.74     -2.0325515E-001
          5512.03     -2.0804740E-001
          5523.32     -2.1292404E-001
          5534.61     -2.1788547E-001
          5545.90     -2.2293204E-001
          5557.19     -2.2806404E-001
          5568.48     -2.3328169E-001
          5579.77     -2.3858517E-001
          5591.05     -2.4397459E-001
          5602.34     -2.4944998E-001
          5613.63     -2.5501131E-001
          5624.92     -2.6065847E-001
          5636.21     -2.6639127E-001
          5647.50     -2.7220943E-001
          5658.79     -2.7811259E-001
          5670.08     -2.8410030E-001
          5681.37     -2.9017201E-001
          5692.66     -2.9632704E-001
          5703.95     -3.0256466E-001
          5715.23     -3.0888398E-001
          5726.52     -3.1528400E-001
          5737.81     -3.2176362E-001
          5749.10     -3.2832157E-001
          5760.39     -3.3495650E-001
          5771.68     -3.4166687E-001
          5782.97     -3.4845102E-001
          5794.26     -3.5530711E-001
          5805.55     -3.6223319E-001
          5816.84     -3.6922707E-001
          5828.12     -3.7628645E-001
          5839.41     -3.8340882E-001
          5850.70     -3.9059147E-001
          5861.99     -3.9783152E-001
          5873.28     -4.0512585E-001
          5884.57     -4.1247115E-001
          5895.86     -4.1986389E-001
          5907.15     -4.2730028E-001
          5918.44     -4.3477630E-001
          5929.73     -4.4228769E-001
          5941.02     -4.4982993E-001
          5952.30     -4.5739821E-001
          5963.59     -4.6498744E-001
          5974.88     -4.7259224E-001
          5986.17     -4.8020694E-001
          5997.46     -4.8782552E-001
          6008.75     -4.9544167E-001
          6020.04     -5.0304870E-001
          6031.33     -5.1063960E-001
          6042.62     -5.1820698E-001
          6053.91     -5.2574305E-001
          6065.20     -5.3323965E-001
          6076.48     -5.4068820E-001
          6087.77     -5.4807970E-001
          6099.06     -5.5540471E-001
          6110.35     -5.6265332E-001
          6121.64     -5.6981517E-001
          6132.93     -5.7687941E-001
          6144.22     -5.8383465E-001
          6155.51     -5.9066902E-001
          6166.80     -5.9737009E-001
          6178.09     -6.0392484E-001
          6189.38     -6.1031973E-001
          6200.66     -6.1654056E-001
          6211.95     -6.2257255E-001
          6223.24     -6.2840027E-001
          6234.53     -6.3400759E-001
          6245.82     -6.3937774E-001
          6257.11     -6.4449321E-001
          6268.40     -6.4933577E-001
          6279.69     -6.5388644E-001
          6290.98     -6.5812542E-001
          6302.27     -6.6203215E-001
          6313.55     -6.6558519E-001
          6324.84     -6.6876227E-001
          6336.13     -6.7154021E-001
          6347.42     -6.7389491E-001
          6358.71     -6.7580132E-001
          6370.00     -6.7723343E-001
