          3480.00     -5.9160746E-036
          3491.29     -5.7263547E-007
          3502.58     -1.1467558E-006
          3513.87     -1.7225743E-006
          3525.16     -2.3003008E-006
          3536.45     -2.8801449E-006
          3547.73     -3.4623141E-006
          3559.02     -4.0470129E-006
          3570.31     -4.6344455E-006
          3581.60     -5.2248141E-006
          3592.89     -5.8183194E-006
          3604.18     -6.4151432E-006
          3615.47     -7.0154445E-006
          3626.76     -7.6194079E-006
          3638.05     -8.2272170E-006
          3649.34     -8.8390524E-006
          3660.62     -9.4550955E-006
          3671.91     -1.0075526E-005
          3683.20     -1.0700522E-005
          3694.49     -1.1330263E-005
          3705.78     -1.1964923E-005
          3717.07     -1.2604679E-005
          3728.36     -1.3249707E-005
          3739.65     -1.3900179E-005
          3750.94     -1.4556270E-005
          3762.23     -1.5218152E-005
          3773.52     -1.5885996E-005
          3784.80     -1.6559975E-005
          3796.09     -1.7240259E-005
          3807.38     -1.7927036E-005
          3818.67     -1.8620480E-005
          3829.96     -1.9320759E-005
          3841.25     -2.0028043E-005
          3852.54     -2.0742502E-005
          3863.83     -2.1464304E-005
          3875.12     -2.2193620E-005
          3886.41     -2.2930613E-005
          3897.70     -2.3675454E-005
          3908.98     -2.4428308E-005
          3920.27     -2.5189341E-005
          3931.56     -2.5958718E-005
          3942.85     -2.6736605E-005
          3954.14     -2.7523188E-005
          3965.43     -2.8318640E-005
          3976.72     -2.9123124E-005
          3988.01     -2.9936807E-005
          3999.30     -3.0759855E-005
          4010.59     -3.1592430E-005
          4021.88     -3.2434697E-005
          4033.16     -3.3286819E-005
          4044.45     -3.4148959E-005
          4055.74     -3.5021281E-005
          4067.03     -3.5903944E-005
          4078.32     -3.6797111E-005
          4089.61     -3.7700944E-005
          4100.90     -3.8615602E-005
          4112.19     -3.9541246E-005
          4123.48     -4.0478036E-005
          4134.77     -4.1426131E-005
          4146.05     -4.2385690E-005
          4157.34     -4.3356868E-005
          4168.63     -4.4339823E-005
          4179.92     -4.5334713E-005
          4191.21     -4.6341691E-005
          4202.50     -4.7360913E-005
          4213.79     -4.8392534E-005
          4225.08     -4.9436707E-005
          4236.37     -5.0493585E-005
          4247.66     -5.1563317E-005
          4258.95     -5.2646050E-005
          4270.23     -5.3741935E-005
          4281.52     -5.4851119E-005
          4292.81     -5.5973751E-005
          4304.10     -5.7109979E-005
          4315.39     -5.8259947E-005
          4326.68     -5.9423803E-005
          4337.97     -6.0601687E-005
          4349.26     -6.1793743E-005
          4360.55     -6.3000114E-005
          4371.84     -6.4221033E-005
          4383.12     -6.5456546E-005
          4394.41     -6.6706791E-005
          4405.70     -6.7971893E-005
          4416.99     -6.9251989E-005
          4428.28     -7.0547209E-005
          4439.57     -7.1857684E-005
          4450.86     -7.3183547E-005
          4462.15     -7.4524922E-005
          4473.44     -7.5881938E-005
          4484.73     -7.7254718E-005
          4496.02     -7.8643385E-005
          4507.30     -8.0048063E-005
          4518.59     -8.1468865E-005
          4529.88     -8.2905912E-005
          4541.17     -8.4359320E-005
          4552.46     -8.5829202E-005
          4563.75     -8.7315673E-005
          4575.04     -8.8818842E-005
          4586.33     -9.0338813E-005
          4597.62     -9.1875694E-005
          4608.91     -9.3429581E-005
          4620.20     -9.5000574E-005
          4631.48     -9.6588773E-005
          4642.77     -9.8194267E-005
          4654.06     -9.9817146E-005
          4665.35     -1.0145750E-004
          4676.64     -1.0311541E-004
          4687.93     -1.0479097E-004
          4699.22     -1.0648424E-004
          4710.51     -1.0819529E-004
          4721.80     -1.0992422E-004
          4733.09     -1.1167107E-004
          4744.38     -1.1343592E-004
          4755.66     -1.1521882E-004
          4766.95     -1.1701983E-004
          4778.24     -1.1883901E-004
          4789.53     -1.2067640E-004
          4800.82     -1.2253205E-004
          4812.11     -1.2440600E-004
          4823.40     -1.2629829E-004
          4834.69     -1.2820895E-004
          4845.98     -1.3013799E-004
          4857.27     -1.3208544E-004
          4868.55     -1.3405131E-004
          4879.84     -1.3603560E-004
          4891.13     -1.3803833E-004
          4902.42     -1.4005950E-004
          4913.71     -1.4209910E-004
          4925.00     -1.4415713E-004
          4936.29     -1.4623357E-004
          4947.58     -1.4832840E-004
          4958.87     -1.5044160E-004
          4970.16     -1.5257314E-004
          4981.45     -1.5472297E-004
          4992.73     -1.5689106E-004
          5004.02     -1.5907733E-004
          5015.31     -1.6128171E-004
          5026.60     -1.6350414E-004
          5037.89     -1.6574455E-004
          5049.18     -1.6800286E-004
          5060.47     -1.7027898E-004
          5071.76     -1.7257282E-004
          5083.05     -1.7488428E-004
          5094.34     -1.7721326E-004
          5105.62     -1.7955963E-004
          5116.91     -1.8192328E-004
          5128.20     -1.8430407E-004
          5139.49     -1.8670186E-004
          5150.78     -1.8911649E-004
          5162.07     -1.9154778E-004
          5173.36     -1.9399556E-004
          5184.65     -1.9645965E-004
          5195.94     -1.9893987E-004
          5207.23     -2.0143603E-004
          5218.52     -2.0394793E-004
          5229.80     -2.0647534E-004
          5241.09     -2.0901804E-004
          5252.38     -2.1157580E-004
          5263.67     -2.1414838E-004
          5274.96     -2.1673552E-004
          5286.25     -2.1933695E-004
          5297.54     -2.2195239E-004
          5308.83     -2.2458153E-004
          5320.12     -2.2722405E-004
          5331.41     -2.2987965E-004
          5342.70     -2.3254800E-004
          5353.98     -2.3522877E-004
          5365.27     -2.3792161E-004
          5376.56     -2.4062618E-004
          5387.85     -2.4334207E-004
          5399.14     -2.4606890E-004
          5410.43     -2.4880627E-004
          5421.72     -2.5155376E-004
          5433.01     -2.5431095E-004
          5444.30     -2.5707740E-004
          5455.59     -2.5985257E-004
          5466.88     -2.6263599E-004
          5478.16     -2.6542717E-004
          5489.45     -2.6822561E-004
          5500.74     -2.7103080E-004
          5512.03     -2.7384219E-004
          5523.32     -2.7665925E-004
          5534.61     -2.7948142E-004
          5545.90     -2.8230810E-004
          5557.19     -2.8513871E-004
          5568.48     -2.8797264E-004
          5579.77     -2.9080795E-004
          5591.05     -2.9364376E-004
          5602.34     -2.9647936E-004
          5613.63     -2.9931405E-004
          5624.92     -3.0214708E-004
          5636.21     -3.0497769E-004
          5647.50     -3.0780513E-004
          5658.79     -3.1062861E-004
          5670.08     -3.1344724E-004
          5681.37     -3.1625053E-004
          5692.66     -3.1903740E-004
          5703.95     -3.2180676E-004
          5715.23     -3.2455754E-004
          5726.52     -3.2728864E-004
          5737.81     -3.2999895E-004
          5749.10     -3.3268735E-004
          5760.39     -3.3535274E-004
          5771.68     -3.3799396E-004
          5782.97     -3.4061078E-004
          5794.26     -3.4321165E-004
          5805.55     -3.4579564E-004
          5816.84     -3.4836177E-004
          5828.12     -3.5090907E-004
          5839.41     -3.5343654E-004
          5850.70     -3.5594316E-004
          5861.99     -3.5842789E-004
          5873.28     -3.6088965E-004
          5884.57     -3.6332738E-004
          5895.86     -3.6573997E-004
          5907.15     -3.6812622E-004
          5918.44     -3.7048081E-004
          5929.73     -3.7280250E-004
          5941.02     -3.7509003E-004
          5952.30     -3.7734212E-004
          5963.59     -3.7955747E-004
          5974.88     -3.8173395E-004
          5986.17     -3.8386913E-004
          5997.46     -3.8596165E-004
          6008.75     -3.8801010E-004
          6020.04     -3.9001369E-004
          6031.33     -3.9197544E-004
          6042.62     -3.9389456E-004
          6053.91     -3.9576969E-004
          6065.20     -3.9759943E-004
          6076.48     -3.9938425E-004
          6087.77     -4.0112417E-004
          6099.06     -4.0281775E-004
          6110.35     -4.0446355E-004
          6121.64     -4.0605905E-004
          6132.93     -4.0759653E-004
          6144.22     -4.0907440E-004
          6155.51     -4.1049352E-004
          6166.80     -4.1185248E-004
          6178.09     -4.1315541E-004
          6189.38     -4.1440304E-004
          6200.66     -4.1559371E-004
          6211.95     -4.1672573E-004
          6223.24     -4.1779737E-004
          6234.53     -4.1880682E-004
          6245.82     -4.1975230E-004
          6257.11     -4.2063191E-004
          6268.40     -4.2144381E-004
          6279.69     -4.2218656E-004
          6290.98     -4.2285829E-004
          6302.27     -4.2345689E-004
          6313.55     -4.2398025E-004
          6324.84     -4.2442637E-004
          6336.13     -4.2479319E-004
          6347.42     -4.2507827E-004
          6358.71     -4.2527906E-004
          6370.00     -4.2539253E-004
