          3480.00     -1.1135030E-031
          3491.29     -1.6509732E-005
          3502.58     -3.3075788E-005
          3513.87     -4.9735731E-005
          3525.16     -6.6526847E-005
          3536.45     -8.3486318E-005
          3547.73     -1.0065126E-004
          3559.02     -1.1805875E-004
          3570.31     -1.3574603E-004
          3581.60     -1.5375046E-004
          3592.89     -1.7210968E-004
          3604.18     -1.9086164E-004
          3615.47     -2.1004464E-004
          3626.76     -2.2969751E-004
          3638.05     -2.4985959E-004
          3649.34     -2.7057080E-004
          3660.62     -2.9187175E-004
          3671.91     -3.1380380E-004
          3683.20     -3.3640912E-004
          3694.49     -3.5973079E-004
          3705.78     -3.8381274E-004
          3717.07     -4.0870002E-004
          3728.36     -4.3443874E-004
          3739.65     -4.6107611E-004
          3750.94     -4.8866063E-004
          3762.23     -5.1724206E-004
          3773.52     -5.4687155E-004
          3784.80     -5.7760167E-004
          3796.09     -6.0948644E-004
          3807.38     -6.4258155E-004
          3818.67     -6.7694433E-004
          3829.96     -7.1263373E-004
          3841.25     -7.4971062E-004
          3852.54     -7.8823770E-004
          3863.83     -8.2827963E-004
          3875.12     -8.6990315E-004
          3886.41     -9.1317698E-004
          3897.70     -9.5817217E-004
          3908.98     -1.0049620E-003
          3920.27     -1.0536222E-003
          3931.56     -1.1042307E-003
          3942.85     -1.1568682E-003
          3954.14     -1.2116180E-003
          3965.43     -1.2685662E-003
          3976.72     -1.3278013E-003
          3988.01     -1.3894153E-003
          3999.30     -1.4535027E-003
          4010.59     -1.5201614E-003
          4021.88     -1.5894924E-003
          4033.16     -1.6616000E-003
          4044.45     -1.7365920E-003
          4055.74     -1.8145797E-003
          4067.03     -1.8956779E-003
          4078.32     -1.9800052E-003
          4089.61     -2.0676842E-003
          4100.90     -2.1588413E-003
          4112.19     -2.2536070E-003
          4123.48     -2.3521162E-003
          4134.77     -2.4545080E-003
          4146.05     -2.5609261E-003
          4157.34     -2.6715183E-003
          4168.63     -2.7864378E-003
          4179.92     -2.9058425E-003
          4191.21     -3.0298948E-003
          4202.50     -3.1587628E-003
          4213.79     -3.2926196E-003
          4225.08     -3.4316440E-003
          4236.37     -3.5760201E-003
          4247.66     -3.7259377E-003
          4258.95     -3.8815927E-003
          4270.23     -4.0431870E-003
          4281.52     -4.2109283E-003
          4292.81     -4.3850313E-003
          4304.10     -4.5657167E-003
          4315.39     -4.7532122E-003
          4326.68     -4.9477523E-003
          4337.97     -5.1495782E-003
          4349.26     -5.3589388E-003
          4360.55     -5.5760901E-003
          4371.84     -5.8012956E-003
          4383.12     -6.0348266E-003
          4394.41     -6.2769626E-003
          4405.70     -6.5279909E-003
          4416.99     -6.7882075E-003
          4428.28     -7.0579162E-003
          4439.57     -7.3374301E-003
          4450.86     -7.6270713E-003
          4462.15     -7.9271702E-003
          4473.44     -8.2380674E-003
          4484.73     -8.5601126E-003
          4496.02     -8.8936653E-003
          4507.30     -9.2390951E-003
          4518.59     -9.5967810E-003
          4529.88     -9.9671132E-003
          4541.17     -1.0350493E-002
          4552.46     -1.0747329E-002
          4563.75     -1.1158047E-002
          4575.04     -1.1583077E-002
          4586.33     -1.2022867E-002
          4597.62     -1.2477872E-002
          4608.91     -1.2948559E-002
          4620.20     -1.3435411E-002
          4631.48     -1.3938921E-002
          4642.77     -1.4459591E-002
          4654.06     -1.4997943E-002
          4665.35     -1.5554505E-002
          4676.64     -1.6129824E-002
          4687.93     -1.6724456E-002
          4699.22     -1.7338973E-002
          4710.51     -1.7973960E-002
          4721.80     -1.8630016E-002
          4733.09     -1.9307755E-002
          4744.38     -2.0007805E-002
          4755.66     -2.0730808E-002
          4766.95     -2.1477422E-002
          4778.24     -2.2248321E-002
          4789.53     -2.3044192E-002
          4800.82     -2.3865737E-002
          4812.11     -2.4713677E-002
          4823.40     -2.5588746E-002
          4834.69     -2.6491695E-002
          4845.98     -2.7423291E-002
          4857.27     -2.8384317E-002
          4868.55     -2.9375575E-002
          4879.84     -3.0397878E-002
          4891.13     -3.1452060E-002
          4902.42     -3.2538973E-002
          4913.71     -3.3659481E-002
          4925.00     -3.4814470E-002
          4936.29     -3.6004839E-002
          4947.58     -3.7231507E-002
          4958.87     -3.8495411E-002
          4970.16     -3.9797501E-002
          4981.45     -4.1138747E-002
          4992.73     -4.2520139E-002
          5004.02     -4.3942677E-002
          5015.31     -4.5407385E-002
          5026.60     -4.6915301E-002
          5037.89     -4.8467481E-002
          5049.18     -5.0064998E-002
          5060.47     -5.1708941E-002
          5071.76     -5.3400415E-002
          5083.05     -5.5140545E-002
          5094.34     -5.6930466E-002
          5105.62     -5.8771336E-002
          5116.91     -6.0664324E-002
          5128.20     -6.2610616E-002
          5139.49     -6.4611414E-002
          5150.78     -6.6667932E-002
          5162.07     -6.8781399E-002
          5173.36     -7.0953062E-002
          5184.65     -7.3184174E-002
          5195.94     -7.5476005E-002
          5207.23     -7.7829836E-002
          5218.52     -8.0246961E-002
          5229.80     -8.2728685E-002
          5241.09     -8.5276317E-002
          5252.38     -8.7891181E-002
          5263.67     -9.0574610E-002
          5274.96     -9.3327937E-002
          5286.25     -9.6152508E-002
          5297.54     -9.9049672E-002
          5308.83     -1.0202078E-001
          5320.12     -1.0506720E-001
          5331.41     -1.0819026E-001
          5342.70     -1.1139135E-001
          5353.98     -1.1467181E-001
          5365.27     -1.1803298E-001
          5376.56     -1.2147623E-001
          5387.85     -1.2500289E-001
          5399.14     -1.2861429E-001
          5410.43     -1.3231175E-001
          5421.72     -1.3609659E-001
          5433.01     -1.3997010E-001
          5444.30     -1.4393356E-001
          5455.59     -1.4798822E-001
          5466.88     -1.5213533E-001
          5478.16     -1.5637609E-001
          5489.45     -1.6071169E-001
          5500.74     -1.6514328E-001
          5512.03     -1.6967198E-001
          5523.32     -1.7429888E-001
          5534.61     -1.7902502E-001
          5545.90     -1.8385139E-001
          5557.19     -1.8877894E-001
          5568.48     -1.9380859E-001
          5579.77     -1.9894116E-001
          5591.05     -2.0417744E-001
          5602.34     -2.0951815E-001
          5613.63     -2.1496394E-001
          5624.92     -2.2051538E-001
          5636.21     -2.2617296E-001
          5647.50     -2.3193708E-001
          5658.79     -2.3780807E-001
          5670.08     -2.4378615E-001
          5681.37     -2.4987144E-001
          5692.66     -2.5606392E-001
          5703.95     -2.6236351E-001
          5715.23     -2.6876996E-001
          5726.52     -2.7528291E-001
          5737.81     -2.8190185E-001
          5749.10     -2.8862614E-001
          5760.39     -2.9545497E-001
          5771.68     -3.0238738E-001
          5782.97     -3.0942222E-001
          5794.26     -3.1655816E-001
          5805.55     -3.2379370E-001
          5816.84     -3.3112712E-001
          5828.12     -3.3855647E-001
          5839.41     -3.4607963E-001
          5850.70     -3.5369419E-001
          5861.99     -3.6139752E-001
          5873.28     -3.6918673E-001
          5884.57     -3.7705865E-001
          5895.86     -3.8500983E-001
          5907.15     -3.9303652E-001
          5918.44     -4.0113465E-001
          5929.73     -4.0929983E-001
          5941.02     -4.1752732E-001
          5952.30     -4.2581204E-001
          5963.59     -4.3414849E-001
          5974.88     -4.4253082E-001
          5986.17     -4.5095274E-001
          5997.46     -4.5940755E-001
          6008.75     -4.6788807E-001
          6020.04     -4.7638668E-001
          6031.33     -4.8489526E-001
          6042.62     -4.9340518E-001
          6053.91     -5.0190725E-001
          6065.20     -5.1039176E-001
          6076.48     -5.1884841E-001
          6087.77     -5.2726625E-001
          6099.06     -5.3563377E-001
          6110.35     -5.4393873E-001
          6121.64     -5.5216827E-001
          6132.93     -5.6030877E-001
          6144.22     -5.6834587E-001
          6155.51     -5.7626445E-001
          6166.80     -5.8404858E-001
          6178.09     -5.9168149E-001
          6189.38     -5.9914552E-001
          6200.66     -6.0642214E-001
          6211.95     -6.1349185E-001
          6223.24     -6.2033417E-001
          6234.53     -6.2692760E-001
          6245.82     -6.3324958E-001
          6257.11     -6.3927648E-001
          6268.40     -6.4498346E-001
          6279.69     -6.5034457E-001
          6290.98     -6.5533256E-001
          6302.27     -6.5991894E-001
          6313.55     -6.6407389E-001
          6324.84     -6.6776618E-001
          6336.13     -6.7096318E-001
          6347.42     -6.7363077E-001
          6358.71     -6.7573327E-001
          6370.00     -6.7723343E-001
