          3480.00      1.8157878E-029
          3491.29     -9.9147137E-008
          3502.58     -1.9905166E-007
          3513.87     -3.0034640E-007
          3525.16     -4.0366533E-007
          3536.45     -5.0964798E-007
          3547.73     -6.1894305E-007
          3559.02     -7.3221193E-007
          3570.31     -8.5013306E-007
          3581.60     -9.7340537E-007
          3592.89     -1.1027522E-006
          3604.18     -1.2389253E-006
          3615.47     -1.3827085E-006
          3626.76     -1.5349219E-006
          3638.05     -1.6964266E-006
          3649.34     -1.8681278E-006
          3660.62     -2.0509802E-006
          3671.91     -2.2459927E-006
          3683.20     -2.4542323E-006
          3694.49     -2.6768303E-006
          3705.78     -2.9149864E-006
          3717.07     -3.1699750E-006
          3728.36     -3.4431511E-006
          3739.65     -3.7359554E-006
          3750.94     -4.0499219E-006
          3762.23     -4.3866842E-006
          3773.52     -4.7479823E-006
          3784.80     -5.1356710E-006
          3796.09     -5.5517263E-006
          3807.38     -5.9982557E-006
          3818.67     -6.4775063E-006
          3829.96     -6.9918730E-006
          3841.25     -7.5439108E-006
          3852.54     -8.1363437E-006
          3863.83     -8.7720762E-006
          3875.12     -9.4542059E-006
          3886.41     -1.0186033E-005
          3897.70     -1.0971079E-005
          3908.98     -1.1813096E-005
          3920.27     -1.2716081E-005
          3931.56     -1.3684297E-005
          3942.85     -1.4722284E-005
          3954.14     -1.5834878E-005
          3965.43     -1.7027235E-005
          3976.72     -1.8304837E-005
          3988.01     -1.9673531E-005
          3999.30     -2.1139535E-005
          4010.59     -2.2709470E-005
          4021.88     -2.4390382E-005
          4033.16     -2.6189769E-005
          4044.45     -2.8115606E-005
          4055.74     -3.0176378E-005
          4067.03     -3.2381102E-005
          4078.32     -3.4739371E-005
          4089.61     -3.7261382E-005
          4100.90     -3.9957968E-005
          4112.19     -4.2840642E-005
          4123.48     -4.5921637E-005
          4134.77     -4.9213944E-005
          4146.05     -5.2731364E-005
          4157.34     -5.6488538E-005
          4168.63     -6.0501019E-005
          4179.92     -6.4785313E-005
          4191.21     -6.9358925E-005
          4202.50     -7.4240435E-005
          4213.79     -7.9449548E-005
          4225.08     -8.5007160E-005
          4236.37     -9.0935432E-005
          4247.66     -9.7257838E-005
          4258.95     -1.0399927E-004
          4270.23     -1.1118612E-004
          4281.52     -1.1884631E-004
          4292.81     -1.2700943E-004
          4304.10     -1.3570684E-004
          4315.39     -1.4497171E-004
          4326.68     -1.5483917E-004
          4337.97     -1.6534639E-004
          4349.26     -1.7653271E-004
          4360.55     -1.8843975E-004
          4371.84     -2.0111152E-004
          4383.12     -2.1459455E-004
          4394.41     -2.2893808E-004
          4405.70     -2.4419412E-004
          4416.99     -2.6041767E-004
          4428.28     -2.7766680E-004
          4439.57     -2.9600288E-004
          4450.86     -3.1549077E-004
          4462.15     -3.3619889E-004
          4473.44     -3.5819953E-004
          4484.73     -3.8156899E-004
          4496.02     -4.0638777E-004
          4507.30     -4.3274088E-004
          4518.59     -4.6071788E-004
          4529.88     -4.9041334E-004
          4541.17     -5.2192698E-004
          4552.46     -5.5536384E-004
          4563.75     -5.9083473E-004
          4575.04     -6.2845641E-004
          4586.33     -6.6835190E-004
          4597.62     -7.1065083E-004
          4608.91     -7.5548963E-004
          4620.20     -8.0301204E-004
          4631.48     -8.5336943E-004
          4642.77     -9.0672099E-004
          4654.06     -9.6323434E-004
          4665.35     -1.0230858E-003
          4676.64     -1.0864610E-003
          4687.93     -1.1535549E-003
          4699.22     -1.2245726E-003
          4710.51     -1.2997297E-003
          4721.80     -1.3792530E-003
          4733.09     -1.4633805E-003
          4744.38     -1.5523623E-003
          4755.66     -1.6464613E-003
          4766.95     -1.7459534E-003
          4778.24     -1.8511283E-003
          4789.53     -1.9622899E-003
          4800.82     -2.0797575E-003
          4812.11     -2.2038658E-003
          4823.40     -2.3349659E-003
          4834.69     -2.4734260E-003
          4845.98     -2.6196323E-003
          4857.27     -2.7739894E-003
          4868.55     -2.9369217E-003
          4879.84     -3.1088732E-003
          4891.13     -3.2903094E-003
          4902.42     -3.4817181E-003
          4913.71     -3.6836091E-003
          4925.00     -3.8965169E-003
          4936.29     -4.1210003E-003
          4947.58     -4.3576444E-003
          4958.87     -4.6070608E-003
          4970.16     -4.8698889E-003
          4981.45     -5.1467977E-003
          4992.73     -5.4384861E-003
          5004.02     -5.7456840E-003
          5015.31     -6.0691545E-003
          5026.60     -6.4096942E-003
          5037.89     -6.7681349E-003
          5049.18     -7.1453450E-003
          5060.47     -7.5422298E-003
          5071.76     -7.9597346E-003
          5083.05     -8.3988454E-003
          5094.34     -8.8605889E-003
          5105.62     -9.3460364E-003
          5116.91     -9.8563040E-003
          5128.20     -1.0392554E-002
          5139.49     -1.0955997E-002
          5150.78     -1.1547893E-002
          5162.07     -1.2169554E-002
          5173.36     -1.2822344E-002
          5184.65     -1.3507681E-002
          5195.94     -1.4227041E-002
          5207.23     -1.4981957E-002
          5218.52     -1.5774023E-002
          5229.80     -1.6604894E-002
          5241.09     -1.7476285E-002
          5252.38     -1.8389980E-002
          5263.67     -1.9347830E-002
          5274.96     -2.0351750E-002
          5286.25     -2.1403730E-002
          5297.54     -2.2505830E-002
          5308.83     -2.3660184E-002
          5320.12     -2.4869001E-002
          5331.41     -2.6134567E-002
          5342.70     -2.7459247E-002
          5353.98     -2.8845488E-002
          5365.27     -3.0295814E-002
          5376.56     -3.1812837E-002
          5387.85     -3.3399252E-002
          5399.14     -3.5057840E-002
          5410.43     -3.6791470E-002
          5421.72     -3.8603095E-002
          5433.01     -4.0495762E-002
          5444.30     -4.2472608E-002
          5455.59     -4.4536854E-002
          5466.88     -4.6691820E-002
          5478.16     -4.8940913E-002
          5489.45     -5.1287633E-002
          5500.74     -5.3735572E-002
          5512.03     -5.6288407E-002
          5523.32     -5.8949912E-002
          5534.61     -6.1723949E-002
          5545.90     -6.4614461E-002
          5557.19     -6.7625485E-002
          5568.48     -7.0761137E-002
          5579.77     -7.4025616E-002
          5591.05     -7.7423202E-002
          5602.34     -8.0958240E-002
          5613.63     -8.4635153E-002
          5624.92     -8.8458433E-002
          5636.21     -9.2432619E-002
          5647.50     -9.6562316E-002
          5658.79     -1.0085217E-001
          5670.08     -1.0530688E-001
          5681.37     -1.0993115E-001
          5692.66     -1.1472973E-001
          5703.95     -1.1970738E-001
          5715.23     -1.2486884E-001
          5726.52     -1.3021884E-001
          5737.81     -1.3576212E-001
          5749.10     -1.4150333E-001
          5760.39     -1.4744709E-001
          5771.68     -1.5359795E-001
          5782.97     -1.5996032E-001
          5794.26     -1.6653855E-001
          5805.55     -1.7333681E-001
          5816.84     -1.8035911E-001
          5828.12     -1.8760927E-001
          5839.41     -1.9509091E-001
          5850.70     -2.0280736E-001
          5861.99     -2.1076168E-001
          5873.28     -2.1895659E-001
          5884.57     -2.2739447E-001
          5895.86     -2.3607728E-001
          5907.15     -2.4500649E-001
          5918.44     -2.5418313E-001
          5929.73     -2.6360763E-001
          5941.02     -2.7327982E-001
          5952.30     -2.8319886E-001
          5963.59     -2.9336314E-001
          5974.88     -3.0377028E-001
          5986.17     -3.1441701E-001
          5997.46     -3.2529907E-001
          6008.75     -3.3641117E-001
          6020.04     -3.4774688E-001
          6031.33     -3.5929854E-001
          6042.62     -3.7105715E-001
          6053.91     -3.8301222E-001
          6065.20     -3.9515175E-001
          6076.48     -4.0746202E-001
          6087.77     -4.1992748E-001
          6099.06     -4.3253064E-001
          6110.35     -4.4525186E-001
          6121.64     -4.5806924E-001
          6132.93     -4.7095845E-001
          6144.22     -4.8389250E-001
          6155.51     -4.9684161E-001
          6166.80     -5.0977297E-001
          6178.09     -5.2265052E-001
          6189.38     -5.3543476E-001
          6200.66     -5.4808246E-001
          6211.95     -5.6054643E-001
          6223.24     -5.7277528E-001
          6234.53     -5.8471303E-001
          6245.82     -5.9629893E-001
          6257.11     -6.0746704E-001
          6268.40     -6.1814592E-001
          6279.69     -6.2825832E-001
          6290.98     -6.3772071E-001
          6302.27     -6.4644292E-001
          6313.55     -6.5432773E-001
          6324.84     -6.6127038E-001
          6336.13     -6.6715811E-001
          6347.42     -6.7186966E-001
          6358.71     -6.7527473E-001
          6370.00     -6.7723343E-001
