          3480.00      2.8939502E-023
          3491.29      2.2987448E+001
          3502.58      4.6065713E+001
          3513.87      6.9292784E+001
          3525.16      9.2726291E+001
          3536.45      1.1642378E+002
          3547.73      1.4044277E+002
          3559.02      1.6484085E+002
          3570.31      1.8967592E+002
          3581.60      2.1500624E+002
          3592.89      2.4089058E+002
          3604.18      2.6738837E+002
          3615.47      2.9455973E+002
          3626.76      3.2246572E+002
          3638.05      3.5116841E+002
          3649.34      3.8073091E+002
          3660.62      4.1121763E+002
          3671.91      4.4269434E+002
          3683.20      4.7522828E+002
          3694.49      5.0888828E+002
          3705.78      5.4374485E+002
          3717.07      5.7987037E+002
          3728.36      6.1733920E+002
          3739.65      6.5622767E+002
          3750.94      6.9661442E+002
          3762.23      7.3858033E+002
          3773.52      7.8220876E+002
          3784.80      8.2758567E+002
          3796.09      8.7479958E+002
          3807.38      9.2394196E+002
          3818.67      9.7510726E+002
          3829.96      1.0283928E+003
          3841.25      1.0838994E+003
          3852.54      1.1417311E+003
          3863.83      1.2019954E+003
          3875.12      1.2648036E+003
          3886.41      1.3302706E+003
          3897.70      1.3985153E+003
          3908.98      1.4696607E+003
          3920.27      1.5438341E+003
          3931.56      1.6211671E+003
          3942.85      1.7017959E+003
          3954.14      1.7858614E+003
          3965.43      1.8735096E+003
          3976.72      1.9648911E+003
          3988.01      2.0601621E+003
          3999.30      2.1594842E+003
          4010.59      2.2630243E+003
          4021.88      2.3709555E+003
          4033.16      2.4834565E+003
          4044.45      2.6007124E+003
          4055.74      2.7229146E+003
          4067.03      2.8502609E+003
          4078.32      2.9829560E+003
          4089.61      3.1212118E+003
          4100.90      3.2652469E+003
          4112.19      3.4152876E+003
          4123.48      3.5715678E+003
          4134.77      3.7343294E+003
          4146.05      3.9038222E+003
          4157.34      4.0803041E+003
          4168.63      4.2640421E+003
          4179.92      4.4553117E+003
          4191.21      4.6543974E+003
          4202.50      4.8615931E+003
          4213.79      5.0772022E+003
          4225.08      5.3015382E+003
          4236.37      5.5349245E+003
          4247.66      5.7776946E+003
          4258.95      6.0301930E+003
          4270.23      6.2927753E+003
          4281.52      6.5658075E+003
          4292.81      6.8496678E+003
          4304.10      7.1447461E+003
          4315.39      7.4514442E+003
          4326.68      7.7701765E+003
          4337.97      8.1013695E+003
          4349.26      8.4454631E+003
          4360.55      8.8029110E+003
          4371.84      9.1741791E+003
          4383.12      9.5597485E+003
          4394.41      9.9601140E+003
          4405.70      1.0375785E+004
          4416.99      1.0807286E+004
          4428.28      1.1255156E+004
          4439.57      1.1719949E+004
          4450.86      1.2202238E+004
          4462.15      1.2702608E+004
          4473.44      1.3221663E+004
          4484.73      1.3760023E+004
          4496.02      1.4318325E+004
          4507.30      1.4897225E+004
          4518.59      1.5497393E+004
          4529.88      1.6119521E+004
          4541.17      1.6764319E+004
          4552.46      1.7432512E+004
          4563.75      1.8124847E+004
          4575.04      1.8842091E+004
          4586.33      1.9585029E+004
          4597.62      2.0354467E+004
          4608.91      2.1151228E+004
          4620.20      2.1976160E+004
          4631.48      2.2830130E+004
          4642.77      2.3714024E+004
          4654.06      2.4628752E+004
          4665.35      2.5575243E+004
          4676.64      2.6554449E+004
          4687.93      2.7567346E+004
          4699.22      2.8614926E+004
          4710.51      2.9698209E+004
          4721.80      3.0818237E+004
          4733.09      3.1976069E+004
          4744.38      3.3172792E+004
          4755.66      3.4409516E+004
          4766.95      3.5687369E+004
          4778.24      3.7007508E+004
          4789.53      3.8371106E+004
          4800.82      3.9779364E+004
          4812.11      4.1233505E+004
          4823.40      4.2734771E+004
          4834.69      4.4284431E+004
          4845.98      4.5883775E+004
          4857.27      4.7534113E+004
          4868.55      4.9236781E+004
          4879.84      5.0993132E+004
          4891.13      5.2804543E+004
          4902.42      5.4672413E+004
          4913.71      5.6598156E+004
          4925.00      5.8583212E+004
          4936.29      6.0629039E+004
          4947.58      6.2737110E+004
          4958.87      6.4908922E+004
          4970.16      6.7145982E+004
          4981.45      6.9449819E+004
          4992.73      7.1821977E+004
          5004.02      7.4264008E+004
          5015.31      7.6777486E+004
          5026.60      7.9363991E+004
          5037.89      8.2025117E+004
          5049.18      8.4762468E+004
          5060.47      8.7577649E+004
          5071.76      9.0472279E+004
          5083.05      9.3447980E+004
          5094.34      9.6506369E+004
          5105.62      9.9649074E+004
          5116.91      1.0287771E+005
          5128.20      1.0619391E+005
          5139.49      1.0959927E+005
          5150.78      1.1309540E+005
          5162.07      1.1668388E+005
          5173.36      1.2036630E+005
          5184.65      1.2414420E+005
          5195.94      1.2801913E+005
          5207.23      1.3199260E+005
          5218.52      1.3606608E+005
          5229.80      1.4024104E+005
          5241.09      1.4451888E+005
          5252.38      1.4890097E+005
          5263.67      1.5338864E+005
          5274.96      1.5798317E+005
          5286.25      1.6268577E+005
          5297.54      1.6749760E+005
          5308.83      1.7241975E+005
          5320.12      1.7745325E+005
          5331.41      1.8259902E+005
          5342.70      1.8785791E+005
          5353.98      1.9323069E+005
          5365.27      1.9871801E+005
          5376.56      2.0432041E+005
          5387.85      2.1003832E+005
          5399.14      2.1587205E+005
          5410.43      2.2182177E+005
          5421.72      2.2788748E+005
          5433.01      2.3406908E+005
          5444.30      2.4036626E+005
          5455.59      2.4677854E+005
          5466.88      2.5330527E+005
          5478.16      2.5994559E+005
          5489.45      2.6669842E+005
          5500.74      2.7356248E+005
          5512.03      2.8053622E+005
          5523.32      2.8761786E+005
          5534.61      2.9480534E+005
          5545.90      3.0209631E+005
          5557.19      3.0948813E+005
          5568.48      3.1697785E+005
          5579.77      3.2456216E+005
          5591.05      3.3223742E+005
          5602.34      3.3999960E+005
          5613.63      3.4784428E+005
          5624.92      3.5576663E+005
          5636.21      3.6376136E+005
          5647.50      3.7182275E+005
          5658.79      3.7994458E+005
          5670.08      3.8812012E+005
          5681.37      3.9634210E+005
          5692.66      4.0460269E+005
          5703.95      4.1289346E+005
          5715.23      4.2120537E+005
          5726.52      4.2952872E+005
          5737.81      4.3785314E+005
          5749.10      4.4616750E+005
          5760.39      4.5445997E+005
          5771.68      4.6271791E+005
          5782.97      4.7092783E+005
          5794.26      4.7907540E+005
          5805.55      4.8714538E+005
          5816.84      4.9512158E+005
          5828.12      5.0298680E+005
          5839.41      5.1072283E+005
          5850.70      5.1831036E+005
          5861.99      5.2572894E+005
          5873.28      5.3295694E+005
          5884.57      5.3997148E+005
          5895.86      5.4674841E+005
          5907.15      5.5326219E+005
          5918.44      5.5948591E+005
          5929.73      5.6539114E+005
          5941.02      5.7094795E+005
          5952.30      5.7612480E+005
          5963.59      5.8088845E+005
          5974.88      5.8520394E+005
          5986.17      5.8903449E+005
          5997.46      5.9234141E+005
          6008.75      5.9508404E+005
          6020.04      5.9721966E+005
          6031.33      5.9870340E+005
          6042.62      5.9948817E+005
          6053.91      5.9952453E+005
          6065.20      5.9876065E+005
          6076.48      5.9714214E+005
          6087.77      5.9461202E+005
          6099.06      5.9111055E+005
          6110.35      5.8657518E+005
          6121.64      5.8094038E+005
          6132.93      5.7413755E+005
          6144.22      5.6609491E+005
          6155.51      5.5673735E+005
          6166.80      5.4598630E+005
          6178.09      5.3375961E+005
          6189.38      5.1997141E+005
          6200.66      5.0453194E+005
          6211.95      4.8734741E+005
          6223.24      4.6831985E+005
          6234.53      4.4734699E+005
          6245.82      4.2432200E+005
          6257.11      3.9913338E+005
          6268.40      3.7166482E+005
          6279.69      3.4179492E+005
          6290.98      3.0939705E+005
          6302.27      2.7433917E+005
          6313.55      2.3648355E+005
          6324.84      1.9568676E+005
          6336.13      1.5179915E+005
          6347.42      1.0466484E+005
          6358.71      5.4121518E+004
          6370.00      3.7207430E-061
