          3480.00     -3.6565617E-037
          3491.29     -1.0477914E-006
          3502.58     -2.0978181E-006
          3513.87     -3.1502687E-006
          3525.16     -4.2053271E-006
          3536.45     -5.2631775E-006
          3547.73     -6.3240024E-006
          3559.02     -7.3879792E-006
          3570.31     -8.4552863E-006
          3581.60     -9.5260989E-006
          3592.89     -1.0600591E-005
          3604.18     -1.1678898E-005
          3615.47     -1.2761112E-005
          3626.76     -1.3847380E-005
          3638.05     -1.4937846E-005
          3649.34     -1.6032650E-005
          3660.62     -1.7131934E-005
          3671.91     -1.8235836E-005
          3683.20     -1.9344493E-005
          3694.49     -2.0458042E-005
          3705.78     -2.1576613E-005
          3717.07     -2.2700342E-005
          3728.36     -2.3829358E-005
          3739.65     -2.4963789E-005
          3750.94     -2.6103764E-005
          3762.23     -2.7249409E-005
          3773.52     -2.8400847E-005
          3784.80     -2.9558204E-005
          3796.09     -3.0721601E-005
          3807.38     -3.1891193E-005
          3818.67     -3.3067105E-005
          3829.96     -3.4249455E-005
          3841.25     -3.5438362E-005
          3852.54     -3.6633945E-005
          3863.83     -3.7836318E-005
          3875.12     -3.9045598E-005
          3886.41     -4.0261895E-005
          3897.70     -4.1485322E-005
          3908.98     -4.2715991E-005
          3920.27     -4.3954006E-005
          3931.56     -4.5199477E-005
          3942.85     -4.6452508E-005
          3954.14     -4.7713243E-005
          3965.43     -4.8981800E-005
          3976.72     -5.0258280E-005
          3988.01     -5.1542786E-005
          3999.30     -5.2835422E-005
          4010.59     -5.4136285E-005
          4021.88     -5.5445475E-005
          4033.16     -5.6763088E-005
          4044.45     -5.8089219E-005
          4055.74     -5.9423964E-005
          4067.03     -6.0767411E-005
          4078.32     -6.2119652E-005
          4089.61     -6.3480777E-005
          4100.90     -6.4850873E-005
          4112.19     -6.6230027E-005
          4123.48     -6.7618324E-005
          4134.77     -6.9015845E-005
          4146.05     -7.0422674E-005
          4157.34     -7.1838886E-005
          4168.63     -7.3264559E-005
          4179.92     -7.4699772E-005
          4191.21     -7.6144594E-005
          4202.50     -7.7599100E-005
          4213.79     -7.9063360E-005
          4225.08     -8.0537443E-005
          4236.37     -8.2021417E-005
          4247.66     -8.3515341E-005
          4258.95     -8.5019272E-005
          4270.23     -8.6533273E-005
          4281.52     -8.8057399E-005
          4292.81     -8.9591709E-005
          4304.10     -9.1136259E-005
          4315.39     -9.2691101E-005
          4326.68     -9.4256287E-005
          4337.97     -9.5831864E-005
          4349.26     -9.7417881E-005
          4360.55     -9.9014383E-005
          4371.84     -1.0062156E-004
          4383.12     -1.0223931E-004
          4394.41     -1.0386767E-004
          4405.70     -1.0550666E-004
          4416.99     -1.0715631E-004
          4428.28     -1.0881664E-004
          4439.57     -1.1048771E-004
          4450.86     -1.1216952E-004
          4462.15     -1.1386210E-004
          4473.44     -1.1556547E-004
          4484.73     -1.1727967E-004
          4496.02     -1.1900469E-004
          4507.30     -1.2074056E-004
          4518.59     -1.2248729E-004
          4529.88     -1.2424489E-004
          4541.17     -1.2601337E-004
          4552.46     -1.2779274E-004
          4563.75     -1.2958300E-004
          4575.04     -1.3138416E-004
          4586.33     -1.3319620E-004
          4597.62     -1.3501914E-004
          4608.91     -1.3685296E-004
          4620.20     -1.3869764E-004
          4631.48     -1.4055318E-004
          4642.77     -1.4241955E-004
          4654.06     -1.4429675E-004
          4665.35     -1.4618474E-004
          4676.64     -1.4808350E-004
          4687.93     -1.4999301E-004
          4699.22     -1.5191323E-004
          4710.51     -1.5384412E-004
          4721.80     -1.5578566E-004
          4733.09     -1.5773779E-004
          4744.38     -1.5970047E-004
          4755.66     -1.6167366E-004
          4766.95     -1.6365730E-004
          4778.24     -1.6565135E-004
          4789.53     -1.6765574E-004
          4800.82     -1.6967041E-004
          4812.11     -1.7169530E-004
          4823.40     -1.7373035E-004
          4834.69     -1.7577548E-004
          4845.98     -1.7783061E-004
          4857.27     -1.7989564E-004
          4868.55     -1.8197049E-004
          4879.84     -1.8405507E-004
          4891.13     -1.8614929E-004
          4902.42     -1.8825306E-004
          4913.71     -1.9036627E-004
          4925.00     -1.9248883E-004
          4936.29     -1.9462063E-004
          4947.58     -1.9676155E-004
          4958.87     -1.9891150E-004
          4970.16     -2.0107034E-004
          4981.45     -2.0323795E-004
          4992.73     -2.0541421E-004
          5004.02     -2.0759894E-004
          5015.31     -2.0979201E-004
          5026.60     -2.1199327E-004
          5037.89     -2.1420258E-004
          5049.18     -2.1641979E-004
          5060.47     -2.1864473E-004
          5071.76     -2.2087726E-004
          5083.05     -2.2311721E-004
          5094.34     -2.2536440E-004
          5105.62     -2.2761867E-004
          5116.91     -2.2987983E-004
          5128.20     -2.3214771E-004
          5139.49     -2.3442211E-004
          5150.78     -2.3670282E-004
          5162.07     -2.3898961E-004
          5173.36     -2.4128228E-004
          5184.65     -2.4358061E-004
          5195.94     -2.4588440E-004
          5207.23     -2.4819342E-004
          5218.52     -2.5050745E-004
          5229.80     -2.5282625E-004
          5241.09     -2.5514959E-004
          5252.38     -2.5747722E-004
          5263.67     -2.5980890E-004
          5274.96     -2.6214436E-004
          5286.25     -2.6448336E-004
          5297.54     -2.6682562E-004
          5308.83     -2.6917082E-004
          5320.12     -2.7151869E-004
          5331.41     -2.7386894E-004
          5342.70     -2.7622128E-004
          5353.98     -2.7857541E-004
          5365.27     -2.8093104E-004
          5376.56     -2.8328788E-004
          5387.85     -2.8564557E-004
          5399.14     -2.8800379E-004
          5410.43     -2.9036221E-004
          5421.72     -2.9272050E-004
          5433.01     -2.9507831E-004
          5444.30     -2.9743531E-004
          5455.59     -2.9979103E-004
          5466.88     -3.0214510E-004
          5478.16     -3.0449717E-004
          5489.45     -3.0684684E-004
          5500.74     -3.0919374E-004
          5512.03     -3.1153748E-004
          5523.32     -3.1387764E-004
          5534.61     -3.1621384E-004
          5545.90     -3.1854565E-004
          5557.19     -3.2087265E-004
          5568.48     -3.2319442E-004
          5579.77     -3.2550900E-004
          5591.05     -3.2781569E-004
          5602.34     -3.3011400E-004
          5613.63     -3.3240345E-004
          5624.92     -3.3468354E-004
          5636.21     -3.3695375E-004
          5647.50     -3.3921360E-004
          5658.79     -3.4146255E-004
          5670.08     -3.4370002E-004
          5681.37     -3.4591440E-004
          5692.66     -3.4810499E-004
          5703.95     -3.5027105E-004
          5715.23     -3.5241186E-004
          5726.52     -3.5452669E-004
          5737.81     -3.5661480E-004
          5749.10     -3.5867548E-004
          5760.39     -3.6070800E-004
          5771.68     -3.6271161E-004
          5782.97     -3.6468660E-004
          5794.26     -3.6664293E-004
          5805.55     -3.6858007E-004
          5816.84     -3.7049744E-004
          5828.12     -3.7239448E-004
          5839.41     -3.7427060E-004
          5850.70     -3.7612522E-004
          5861.99     -3.7795775E-004
          5873.28     -3.7976758E-004
          5884.57     -3.8155412E-004
          5895.86     -3.8331675E-004
          5907.15     -3.8505478E-004
          5918.44     -3.8676302E-004
          5929.73     -3.8844077E-004
          5941.02     -3.9008733E-004
          5952.30     -3.9170199E-004
          5963.59     -3.9328406E-004
          5974.88     -3.9483193E-004
          5986.17     -3.9634369E-004
          5997.46     -3.9781860E-004
          6008.75     -3.9925593E-004
          6020.04     -4.0065494E-004
          6031.33     -4.0202090E-004
          6042.62     -4.0335311E-004
          6053.91     -4.0465090E-004
          6065.20     -4.0591356E-004
          6076.48     -4.0714243E-004
          6087.77     -4.0833831E-004
          6099.06     -4.0950053E-004
          6110.35     -4.1062840E-004
          6121.64     -4.1172010E-004
          6132.93     -4.1276832E-004
          6144.22     -4.1377226E-004
          6155.51     -4.1473382E-004
          6166.80     -4.1565244E-004
          6178.09     -4.1653351E-004
          6189.38     -4.1737875E-004
          6200.66     -4.1818741E-004
          6211.95     -4.1895873E-004
          6223.24     -4.1969192E-004
          6234.53     -4.2038615E-004
          6245.82     -4.2104062E-004
          6257.11     -4.2165447E-004
          6268.40     -4.2222691E-004
          6279.69     -4.2275760E-004
          6290.98     -4.2324581E-004
          6302.27     -4.2369052E-004
          6313.55     -4.2409081E-004
          6324.84     -4.2444585E-004
          6336.13     -4.2475484E-004
          6347.42     -4.2501654E-004
          6358.71     -4.2522970E-004
          6370.00     -4.2539253E-004
