          3480.00      1.3642212E-023
          3491.29      3.9384690E+001
          3502.58      7.8912486E+001
          3513.87      1.1867030E+002
          3525.16      1.5874444E+002
          3536.45      1.9922102E+002
          3547.73      2.4018601E+002
          3559.02      2.8172534E+002
          3570.31      3.2392525E+002
          3581.60      3.6687234E+002
          3592.89      4.1065377E+002
          3604.18      4.5535746E+002
          3615.47      5.0107208E+002
          3626.76      5.4788745E+002
          3638.05      5.9589458E+002
          3649.34      6.4518572E+002
          3660.62      6.9585472E+002
          3671.91      7.4799703E+002
          3683.20      8.0170991E+002
          3694.49      8.5709259E+002
          3705.78      9.1424628E+002
          3717.07      9.7327454E+002
          3728.36      1.0342834E+003
          3739.65      1.0973811E+003
          3750.94      1.1626789E+003
          3762.23      1.2302908E+003
          3773.52      1.3003337E+003
          3784.80      1.3729278E+003
          3796.09      1.4481964E+003
          3807.38      1.5262664E+003
          3818.67      1.6072683E+003
          3829.96      1.6913361E+003
          3841.25      1.7786081E+003
          3852.54      1.8692263E+003
          3863.83      1.9633372E+003
          3875.12      2.0610917E+003
          3886.41      2.1626451E+003
          3897.70      2.2681574E+003
          3908.98      2.3777938E+003
          3920.27      2.4917243E+003
          3931.56      2.6101242E+003
          3942.85      2.7331744E+003
          3954.14      2.8610611E+003
          3965.43      2.9939768E+003
          3976.72      3.1321193E+003
          3988.01      3.2756930E+003
          3999.30      3.4249089E+003
          4010.59      3.5799839E+003
          4021.88      3.7411422E+003
          4033.16      3.9086146E+003
          4044.45      4.0826394E+003
          4055.74      4.2634622E+003
          4067.03      4.4513357E+003
          4078.32      4.6465211E+003
          4089.61      4.8492873E+003
          4100.90      5.0599111E+003
          4112.19      5.2786782E+003
          4123.48      5.5058830E+003
          4134.77      5.7418285E+003
          4146.05      5.9868273E+003
          4157.34      6.2412006E+003
          4168.63      6.5052800E+003
          4179.92      6.7794068E+003
          4191.21      7.0639318E+003
          4202.50      7.3592168E+003
          4213.79      7.6656341E+003
          4225.08      7.9835666E+003
          4236.37      8.3134089E+003
          4247.66      8.6555659E+003
          4258.95      9.0104550E+003
          4270.23      9.3785055E+003
          4281.52      9.7601580E+003
          4292.81      1.0155866E+004
          4304.10      1.0566097E+004
          4315.39      1.0991329E+004
          4326.68      1.1432054E+004
          4337.97      1.1888779E+004
          4349.26      1.2362024E+004
          4360.55      1.2852321E+004
          4371.84      1.3360219E+004
          4383.12      1.3886281E+004
          4394.41      1.4431083E+004
          4405.70      1.4995218E+004
          4416.99      1.5579294E+004
          4428.28      1.6183934E+004
          4439.57      1.6809778E+004
          4450.86      1.7457482E+004
          4462.15      1.8127716E+004
          4473.44      1.8821170E+004
          4484.73      1.9538548E+004
          4496.02      2.0280575E+004
          4507.30      2.1047989E+004
          4518.59      2.1841548E+004
          4529.88      2.2662028E+004
          4541.17      2.3510223E+004
          4552.46      2.4386943E+004
          4563.75      2.5293019E+004
          4575.04      2.6229300E+004
          4586.33      2.7196655E+004
          4597.62      2.8195971E+004
          4608.91      2.9228151E+004
          4620.20      3.0294123E+004
          4631.48      3.1394832E+004
          4642.77      3.2531240E+004
          4654.06      3.3704333E+004
          4665.35      3.4915114E+004
          4676.64      3.6164606E+004
          4687.93      3.7453855E+004
          4699.22      3.8783921E+004
          4710.51      4.0155888E+004
          4721.80      4.1570860E+004
          4733.09      4.3029958E+004
          4744.38      4.4534326E+004
          4755.66      4.6085124E+004
          4766.95      4.7683535E+004
          4778.24      4.9330759E+004
          4789.53      5.1028015E+004
          4800.82      5.2776541E+004
          4812.11      5.4577596E+004
          4823.40      5.6432452E+004
          4834.69      5.8342403E+004
          4845.98      6.0308759E+004
          4857.27      6.2332846E+004
          4868.55      6.4416010E+004
          4879.84      6.6559607E+004
          4891.13      6.8765011E+004
          4902.42      7.1033614E+004
          4913.71      7.3366814E+004
          4925.00      7.5766028E+004
          4936.29      7.8232683E+004
          4947.58      8.0768217E+004
          4958.87      8.3374081E+004
          4970.16      8.6051726E+004
          4981.45      8.8802621E+004
          4992.73      9.1628237E+004
          5004.02      9.4530047E+004
          5015.31      9.7509532E+004
          5026.60      1.0056817E+005
          5037.89      1.0370745E+005
          5049.18      1.0692885E+005
          5060.47      1.1023385E+005
          5071.76      1.1362391E+005
          5083.05      1.1710050E+005
          5094.34      1.2066507E+005
          5105.62      1.2431907E+005
          5116.91      1.2806392E+005
          5128.20      1.3190104E+005
          5139.49      1.3583180E+005
          5150.78      1.3985758E+005
          5162.07      1.4397971E+005
          5173.36      1.4819951E+005
          5184.65      1.5251824E+005
          5195.94      1.5693715E+005
          5207.23      1.6145743E+005
          5218.52      1.6608024E+005
          5229.80      1.7080667E+005
          5241.09      1.7563778E+005
          5252.38      1.8057455E+005
          5263.67      1.8561791E+005
          5274.96      1.9076871E+005
          5286.25      1.9602774E+005
          5297.54      2.0139569E+005
          5308.83      2.0687318E+005
          5320.12      2.1246073E+005
          5331.41      2.1815875E+005
          5342.70      2.2396756E+005
          5353.98      2.2988737E+005
          5365.27      2.3591824E+005
          5376.56      2.4206013E+005
          5387.85      2.4831284E+005
          5399.14      2.5467604E+005
          5410.43      2.6114924E+005
          5421.72      2.6773176E+005
          5433.01      2.7442279E+005
          5444.30      2.8122129E+005
          5455.59      2.8812605E+005
          5466.88      2.9513564E+005
          5478.16      3.0224841E+005
          5489.45      3.0946248E+005
          5500.74      3.1677574E+005
          5512.03      3.2418579E+005
          5523.32      3.3168997E+005
          5534.61      3.3928536E+005
          5545.90      3.4696869E+005
          5557.19      3.5473639E+005
          5568.48      3.6258458E+005
          5579.77      3.7050900E+005
          5591.05      3.7850504E+005
          5602.34      3.8656767E+005
          5613.63      3.9469149E+005
          5624.92      4.0287065E+005
          5636.21      4.1109885E+005
          5647.50      4.1936934E+005
          5658.79      4.2767485E+005
          5670.08      4.3600763E+005
          5681.37      4.4435937E+005
          5692.66      4.5272117E+005
          5703.95      4.6108358E+005
          5715.23      4.6943653E+005
          5726.52      4.7776926E+005
          5737.81      4.8607038E+005
          5749.10      4.9432777E+005
          5760.39      5.0252858E+005
          5771.68      5.1065920E+005
          5782.97      5.1870519E+005
          5794.26      5.2665128E+005
          5805.55      5.3448135E+005
          5816.84      5.4217832E+005
          5828.12      5.4972419E+005
          5839.41      5.5709995E+005
          5850.70      5.6428558E+005
          5861.99      5.7125996E+005
          5873.28      5.7800083E+005
          5884.57      5.8448479E+005
          5895.86      5.9068720E+005
          5907.15      5.9658216E+005
          5918.44      6.0214245E+005
          5929.73      6.0733945E+005
          5941.02      6.1214315E+005
          5952.30      6.1652201E+005
          5963.59      6.2044297E+005
          5974.88      6.2387134E+005
          5986.17      6.2677076E+005
          5997.46      6.2910314E+005
          6008.75      6.3082857E+005
          6020.04      6.3190527E+005
          6031.33      6.3228949E+005
          6042.62      6.3193547E+005
          6053.91      6.3079533E+005
          6065.20      6.2881901E+005
          6076.48      6.2595418E+005
          6087.77      6.2214614E+005
          6099.06      6.1733776E+005
          6110.35      6.1146936E+005
          6121.64      6.0447862E+005
          6132.93      5.9630051E+005
          6144.22      5.8686715E+005
          6155.51      5.7610772E+005
          6166.80      5.6394834E+005
          6178.09      5.5031201E+005
          6189.38      5.3511842E+005
          6200.66      5.1828386E+005
          6211.95      4.9972114E+005
          6223.24      4.7933936E+005
          6234.53      4.5704393E+005
          6245.82      4.3273627E+005
          6257.11      4.0631377E+005
          6268.40      3.7766966E+005
          6279.69      3.4669279E+005
          6290.98      3.1326750E+005
          6302.27      2.7727349E+005
          6313.55      2.3858561E+005
          6324.84      1.9707379E+005
          6336.13      1.5260274E+005
          6347.42      1.0503177E+005
          6358.71      5.4214833E+004
          6370.00     -3.0068144E-062
