          3480.00     -5.2905429E-042
          3491.29      3.3889526E-024
          3502.58      6.8145675E-024
          3513.87      1.0303907E-023
          3525.16      1.3884247E-023
          3536.45      1.7583309E-023
          3547.73      2.1429449E-023
          3559.02      2.5451859E-023
          3570.31      2.9680795E-023
          3581.60      3.4147771E-023
          3592.89      3.8885781E-023
          3604.18      4.3929408E-023
          3615.47      4.9315010E-023
          3626.76      5.5081259E-023
          3638.05      6.1269232E-023
          3649.34      6.7922646E-023
          3660.62      7.5088163E-023
          3671.91      8.2815647E-023
          3683.20      9.1158477E-023
          3694.49      1.0017386E-022
          3705.78      1.0992316E-022
          3717.07      1.2047227E-022
          3728.36      1.3189198E-022
          3739.65      1.4425838E-022
          3750.94      1.5765330E-022
          3762.23      1.7216477E-022
          3773.52      1.8788748E-022
          3784.80      2.0492337E-022
          3796.09      2.2338210E-022
          3807.38      2.4338195E-022
          3818.67      2.6505003E-022
          3829.96      2.8852306E-022
          3841.25      3.1394822E-022
          3852.54      3.4148384E-022
          3863.83      3.7130027E-022
          3875.12      4.0358074E-022
          3886.41      4.3852226E-022
          3897.70      4.7633673E-022
          3908.98      5.1725196E-022
          3920.27      5.6151272E-022
          3931.56      6.0938215E-022
          3942.85      6.6114292E-022
          3954.14      7.1709923E-022
          3965.43      7.7757753E-022
          3976.72      8.4292802E-022
          3988.01      9.1352677E-022
          3999.30      9.8977744E-022
          4010.59      1.0721129E-021
          4021.88      1.1609977E-021
          4033.16      1.2569301E-021
          4044.45      1.3604441E-021
          4055.74      1.4721124E-021
          4067.03      1.5925484E-021
          4078.32      1.7224096E-021
          4089.61      1.8624005E-021
          4100.90      2.0132749E-021
          4112.19      2.1758404E-021
          4123.48      2.3509615E-021
          4134.77      2.5395630E-021
          4146.05      2.7426347E-021
          4157.34      2.9612348E-021
          4168.63      3.1964952E-021
          4179.92      3.4496264E-021
          4191.21      3.7219214E-021
          4202.50      4.0147625E-021
          4213.79      4.3296263E-021
          4225.08      4.6680900E-021
          4236.37      5.0318379E-021
          4247.66      5.4226671E-021
          4258.95      5.8424961E-021
          4270.23      6.2933728E-021
          4281.52      6.7774804E-021
          4292.81      7.2971484E-021
          4304.10      7.8548608E-021
          4315.39      8.4532650E-021
          4326.68      9.0951832E-021
          4337.97      9.7836208E-021
          4349.26      1.0521781E-020
          4360.55      1.1313075E-020
          4371.84      1.2161149E-020
          4383.12      1.3069856E-020
          4394.41      1.4043307E-020
          4405.70      1.5085878E-020
          4416.99      1.6202223E-020
          4428.28      1.7397291E-020
          4439.57      1.8676345E-020
          4450.86      2.0044980E-020
          4462.15      2.1509135E-020
          4473.44      2.3075127E-020
          4484.73      2.4749662E-020
          4496.02      2.6539861E-020
          4507.30      2.8453284E-020
          4518.59      3.0497951E-020
          4529.88      3.2682376E-020
          4541.17      3.5015591E-020
          4552.46      3.7507169E-020
          4563.75      4.0167266E-020
          4575.04      4.3006646E-020
          4586.33      4.6036711E-020
          4597.62      4.9269548E-020
          4608.91      5.2717947E-020
          4620.20      5.6395463E-020
          4631.48      6.0316443E-020
          4642.77      6.4496062E-020
          4654.06      6.8950385E-020
          4665.35      7.3696404E-020
          4676.64      7.8752086E-020
          4687.93      8.4136430E-020
          4699.22      8.9869504E-020
          4710.51      9.5972523E-020
          4721.80      1.0246790E-019
          4733.09      1.0937930E-019
          4744.38      1.1673170E-019
          4755.66      1.2455147E-019
          4766.95      1.3286645E-019
          4778.24      1.4170599E-019
          4789.53      1.5110103E-019
          4800.82      1.6108421E-019
          4812.11      1.7168995E-019
          4823.40      1.8295446E-019
          4834.69      1.9491593E-019
          4845.98      2.0761455E-019
          4857.27      2.2109262E-019
          4868.55      2.3539468E-019
          4879.84      2.5056755E-019
          4891.13      2.6666052E-019
          4902.42      2.8372541E-019
          4913.71      3.0181663E-019
          4925.00      3.2099143E-019
          4936.29      3.4130988E-019
          4947.58      3.6283509E-019
          4958.87      3.8563332E-019
          4970.16      4.0977403E-019
          4981.45      4.3533013E-019
          4992.73      4.6237810E-019
          5004.02      4.9099792E-019
          5015.31      5.2127355E-019
          5026.60      5.5329290E-019
          5037.89      5.8714801E-019
          5049.18      6.2293526E-019
          5060.47      6.6075538E-019
          5071.76      7.0071380E-019
          5083.05      7.4292072E-019
          5094.34      7.8749122E-019
          5105.62      8.3454555E-019
          5116.91      8.8420925E-019
          5128.20      9.3661331E-019
          5139.49      9.9189441E-019
          5150.78      1.0501948E-018
          5162.07      1.1116628E-018
          5173.36      1.1764530E-018
          5184.65      1.2447262E-018
          5195.94      1.3166498E-018
          5207.23      1.3923980E-018
          5218.52      1.4721515E-018
          5229.80      1.5560983E-018
          5241.09      1.6444333E-018
          5252.38      1.7373590E-018
          5263.67      1.8350850E-018
          5274.96      1.9378287E-018
          5286.25      2.0458149E-018
          5297.54      2.1592765E-018
          5308.83      2.2784537E-018
          5320.12      2.4035952E-018
          5331.41      2.5349572E-018
          5342.70      2.6728044E-018
          5353.98      2.8174095E-018
          5365.27      2.9690528E-018
          5376.56      3.1280232E-018
          5387.85      3.2946167E-018
          5399.14      3.4691375E-018
          5410.43      3.6518975E-018
          5421.72      3.8432156E-018
          5433.01      4.0434183E-018
          5444.30      4.2528389E-018
          5455.59      4.4718154E-018
          5466.88      4.7006934E-018
          5478.16      4.9398242E-018
          5489.45      5.1895637E-018
          5500.74      5.4502728E-018
          5512.03      5.7223151E-018
          5523.32      6.0060578E-018
          5534.61      6.3018699E-018
          5545.90      6.6101204E-018
          5557.19      6.9311788E-018
          5568.48      7.2654128E-018
          5579.77      7.6131543E-018
          5591.05      7.9747541E-018
          5602.34      8.3505604E-018
          5613.63      8.7409148E-018
          5624.92      9.1461488E-018
          5636.21      9.5665807E-018
          5647.50      1.0002515E-017
          5658.79      1.0454239E-017
          5670.08      1.0922018E-017
          5681.37      1.1405764E-017
          5692.66      1.1905655E-017
          5703.95      1.2421847E-017
          5715.23      1.2954468E-017
          5726.52      1.3503613E-017
          5737.81      1.4069343E-017
          5749.10      1.4651682E-017
          5760.39      1.5250608E-017
          5771.68      1.5866052E-017
          5782.97      1.6497932E-017
          5794.26      1.7146520E-017
          5805.55      1.7811617E-017
          5816.84      1.8492938E-017
          5828.12      1.9190107E-017
          5839.41      1.9902647E-017
          5850.70      2.0629971E-017
          5861.99      2.1371372E-017
          5873.28      2.2126012E-017
          5884.57      2.2892914E-017
          5895.86      2.3670948E-017
          5907.15      2.4458810E-017
          5918.44      2.5254758E-017
          5929.73      2.6057102E-017
          5941.02      2.6863952E-017
          5952.30      2.7673203E-017
          5963.59      2.8482518E-017
          5974.88      2.9289253E-017
          5986.17      3.0090471E-017
          5997.46      3.0883023E-017
          6008.75      3.1663459E-017
          6020.04      3.2428004E-017
          6031.33      3.3172970E-017
          6042.62      3.3893871E-017
          6053.91      3.4585794E-017
          6065.20      3.5243367E-017
          6076.48      3.5860885E-017
          6087.77      3.6432076E-017
          6099.06      3.6949979E-017
          6110.35      3.7407009E-017
          6121.64      3.7794822E-017
          6132.93      3.8103927E-017
          6144.22      3.8324617E-017
          6155.51      3.8446652E-017
          6166.80      3.8458778E-017
          6178.09      3.8349335E-017
          6189.38      3.8105389E-017
          6200.66      3.7712727E-017
          6211.95      3.7155979E-017
          6223.24      3.6418531E-017
          6234.53      3.5482450E-017
          6245.82      3.4328400E-017
          6257.11      3.2935539E-017
          6268.40      3.1281441E-017
          6279.69      2.9342002E-017
          6290.98      2.7091277E-017
          6302.27      2.4501365E-017
          6313.55      2.1542310E-017
          6324.84      1.8181975E-017
          6336.13      1.4385881E-017
          6347.42      1.0117051E-017
          6358.71      5.3358880E-018
          6370.00      3.8051110E-067
