          3480.00      0.0000000E+000
          3491.29      9.9941686E-023
          3502.58      2.0065467E-022
          3513.87      3.0262568E-022
          3525.16      4.0634219E-022
          3536.45      5.1229528E-022
          3547.73      6.2098160E-022
          3559.02      7.3290525E-022
          3570.31      8.4858059E-022
          3581.60      9.6853404E-022
          3592.89      1.0933063E-021
          3604.18      1.2234516E-021
          3615.47      1.3595388E-021
          3626.76      1.5021621E-021
          3638.05      1.6519389E-021
          3649.34      1.8095115E-021
          3660.62      1.9755505E-021
          3671.91      2.1507565E-021
          3683.20      2.3358628E-021
          3694.49      2.5316379E-021
          3705.78      2.7388879E-021
          3717.07      2.9584599E-021
          3728.36      3.1912443E-021
          3739.65      3.4381775E-021
          3750.94      3.7002459E-021
          3762.23      3.9784881E-021
          3773.52      4.2739988E-021
          3784.80      4.5879322E-021
          3796.09      4.9215054E-021
          3807.38      5.2760076E-021
          3818.67      5.6527947E-021
          3829.96      6.0532964E-021
          3841.25      6.4790227E-021
          3852.54      6.9315667E-021
          3863.83      7.4126100E-021
          3875.12      7.9239278E-021
          3886.41      8.4673923E-021
          3897.70      9.0449810E-021
          3908.98      9.6587806E-021
          3920.27      1.0310992E-020
          3931.56      1.1003937E-020
          3942.85      1.1740068E-020
          3954.14      1.2521980E-020
          3965.43      1.3352403E-020
          3976.72      1.4234216E-020
          3988.01      1.5170452E-020
          3999.30      1.6164314E-020
          4010.59      1.7219172E-020
          4021.88      1.8338582E-020
          4033.16      1.9526290E-020
          4044.45      2.0786243E-020
          4055.74      2.2122599E-020
          4067.03      2.3539736E-020
          4078.32      2.5042266E-020
          4089.61      2.6635045E-020
          4100.90      2.8323179E-020
          4112.19      3.0112051E-020
          4123.48      3.2007318E-020
          4134.77      3.4014934E-020
          4146.05      3.6141161E-020
          4157.34      3.8392582E-020
          4168.63      4.0776120E-020
          4179.92      4.3299055E-020
          4191.21      4.5969029E-020
          4202.50      4.8794081E-020
          4213.79      5.1782652E-020
          4225.08      5.4943607E-020
          4236.37      5.8286261E-020
          4247.66      6.1820379E-020
          4258.95      6.5556218E-020
          4270.23      6.9504547E-020
          4281.52      7.3676652E-020
          4292.81      7.8084385E-020
          4304.10      8.2740171E-020
          4315.39      8.7657039E-020
          4326.68      9.2848649E-020
          4337.97      9.8329307E-020
          4349.26      1.0411402E-019
          4360.55      1.1021849E-019
          4371.84      1.1665935E-019
          4383.12      1.2345367E-019
          4394.41      1.3061951E-019
          4405.70      1.3817572E-019
          4416.99      1.4614206E-019
          4428.28      1.5453920E-019
          4439.57      1.6338877E-019
          4450.86      1.7271338E-019
          4462.15      1.8253666E-019
          4473.44      1.9288332E-019
          4484.73      2.0377920E-019
          4496.02      2.1525127E-019
          4507.30      2.2732772E-019
          4518.59      2.4003797E-019
          4529.88      2.5341275E-019
          4541.17      2.6748415E-019
          4552.46      2.8228563E-019
          4563.75      2.9785214E-019
          4575.04      3.1422009E-019
          4586.33      3.3142748E-019
          4597.62      3.4951393E-019
          4608.91      3.6852067E-019
          4620.20      3.8849074E-019
          4631.48      4.0946896E-019
          4642.77      4.3150197E-019
          4654.06      4.5463836E-019
          4665.35      4.7892872E-019
          4676.64      5.0442568E-019
          4687.93      5.3118403E-019
          4699.22      5.5926068E-019
          4710.51      5.8871486E-019
          4721.80      6.1960816E-019
          4733.09      6.5200453E-019
          4744.38      6.8597044E-019
          4755.66      7.2157495E-019
          4766.95      7.5888974E-019
          4778.24      7.9798927E-019
          4789.53      8.3895067E-019
          4800.82      8.8185410E-019
          4812.11      9.2678268E-019
          4823.40      9.7382245E-019
          4834.69      1.0230627E-018
          4845.98      1.0745960E-018
          4857.27      1.1285179E-018
          4868.55      1.1849276E-018
          4879.84      1.2439277E-018
          4891.13      1.3056243E-018
          4902.42      1.3701275E-018
          4913.71      1.4375506E-018
          4925.00      1.5080111E-018
          4936.29      1.5816301E-018
          4947.58      1.6585330E-018
          4958.87      1.7388490E-018
          4970.16      1.8227114E-018
          4981.45      1.9102579E-018
          4992.73      2.0016302E-018
          5004.02      2.0969742E-018
          5015.31      2.1964403E-018
          5026.60      2.3001835E-018
          5037.89      2.4083633E-018
          5049.18      2.5211438E-018
          5060.47      2.6386934E-018
          5071.76      2.7611855E-018
          5083.05      2.8887981E-018
          5094.34      3.0217138E-018
          5105.62      3.1601198E-018
          5116.91      3.3042083E-018
          5128.20      3.4541761E-018
          5139.49      3.6102246E-018
          5150.78      3.7725595E-018
          5162.07      3.9413911E-018
          5173.36      4.1169349E-018
          5184.65      4.2994101E-018
          5195.94      4.4890412E-018
          5207.23      4.6860564E-018
          5218.52      4.8906883E-018
          5229.80      5.1031739E-018
          5241.09      5.3237531E-018
          5252.38      5.5526704E-018
          5263.67      5.7901736E-018
          5274.96      6.0365130E-018
          5286.25      6.2919428E-018
          5297.54      6.5567190E-018
          5308.83      6.8310995E-018
          5320.12      7.1153451E-018
          5331.41      7.4097174E-018
          5342.70      7.7144798E-018
          5353.98      8.0298962E-018
          5365.27      8.3562300E-018
          5376.56      8.6937454E-018
          5387.85      9.0427034E-018
          5399.14      9.4033642E-018
          5410.43      9.7759856E-018
          5421.72      1.0160821E-017
          5433.01      1.0558121E-017
          5444.30      1.0968130E-017
          5455.59      1.1391083E-017
          5466.88      1.1827209E-017
          5478.16      1.2276732E-017
          5489.45      1.2739864E-017
          5500.74      1.3216805E-017
          5512.03      1.3707744E-017
          5523.32      1.4212855E-017
          5534.61      1.4732298E-017
          5545.90      1.5266211E-017
          5557.19      1.5814717E-017
          5568.48      1.6377915E-017
          5579.77      1.6955810E-017
          5591.05      1.7548433E-017
          5602.34      1.8155798E-017
          5613.63      1.8777890E-017
          5624.92      1.9414661E-017
          5636.21      2.0066025E-017
          5647.50      2.0731862E-017
          5658.79      2.1412005E-017
          5670.08      2.2106240E-017
          5681.37      2.2813648E-017
          5692.66      2.3533863E-017
          5703.95      2.4266473E-017
          5715.23      2.5011015E-017
          5726.52      2.5766971E-017
          5737.81      2.6533770E-017
          5749.10      2.7310776E-017
          5760.39      2.8097287E-017
          5771.68      2.8892536E-017
          5782.97      2.9695749E-017
          5794.26      3.0506810E-017
          5805.55      3.1324769E-017
          5816.84      3.2148570E-017
          5828.12      3.2977044E-017
          5839.41      3.3808902E-017
          5850.70      3.4642727E-017
          5861.99      3.5476968E-017
          5873.28      3.6309930E-017
          5884.57      3.7139767E-017
          5895.86      3.7964473E-017
          5907.15      3.8781865E-017
          5918.44      3.9589170E-017
          5929.73      4.0383824E-017
          5941.02      4.1163074E-017
          5952.30      4.1923966E-017
          5963.59      4.2663339E-017
          5974.88      4.3377721E-017
          5986.17      4.4063377E-017
          5997.46      4.4716439E-017
          6008.75      4.5332789E-017
          6020.04      4.5908045E-017
          6031.33      4.6438157E-017
          6042.62      4.6918174E-017
          6053.91      4.7342811E-017
          6065.20      4.7706427E-017
          6076.48      4.8003225E-017
          6087.77      4.8226955E-017
          6099.06      4.8370792E-017
          6110.35      4.8427454E-017
          6121.64      4.8389072E-017
          6132.93      4.8246722E-017
          6144.22      4.7991665E-017
          6155.51      4.7614928E-017
          6166.80      4.7106749E-017
          6178.09      4.6457372E-017
          6189.38      4.5656023E-017
          6200.66      4.4690989E-017
          6211.95      4.3549824E-017
          6223.24      4.2219301E-017
          6234.53      4.0685383E-017
          6245.82      3.8933182E-017
          6257.11      3.6946909E-017
          6268.40      3.4709846E-017
          6279.69      3.2204312E-017
          6290.98      2.9411555E-017
          6302.27      2.6311714E-017
          6313.55      2.2883780E-017
          6324.84      1.9105556E-017
          6336.13      1.4953571E-017
          6347.42      1.0403013E-017
          6358.71      5.4277001E-018
          6370.00      0.0000000E+000
