          3480.00      5.9397386E-025
          3491.29      5.3272503E+002
          3502.58      1.0667073E+003
          3513.87      1.6024482E+003
          3525.16      2.1404431E+003
          3536.45      2.6811856E+003
          3547.73      3.2251659E+003
          3559.02      3.7728698E+003
          3570.31      4.3247824E+003
          3581.60      4.8813860E+003
          3592.89      5.4431616E+003
          3604.18      6.0105892E+003
          3615.47      6.5841467E+003
          3626.76      7.1643127E+003
          3638.05      7.7515659E+003
          3649.34      8.3463834E+003
          3660.62      8.9492443E+003
          3671.91      9.5606283E+003
          3683.20      1.0181016E+004
          3694.49      1.0810890E+004
          3705.78      1.1450732E+004
          3717.07      1.2101030E+004
          3728.36      1.2762271E+004
          3739.65      1.3434945E+004
          3750.94      1.4119545E+004
          3762.23      1.4816569E+004
          3773.52      1.5526514E+004
          3784.80      1.6249886E+004
          3796.09      1.6987189E+004
          3807.38      1.7738934E+004
          3818.67      1.8505638E+004
          3829.96      1.9287818E+004
          3841.25      2.0085998E+004
          3852.54      2.0900707E+004
          3863.83      2.1732479E+004
          3875.12      2.2581852E+004
          3886.41      2.3449370E+004
          3897.70      2.4335583E+004
          3908.98      2.5241046E+004
          3920.27      2.6166318E+004
          3931.56      2.7111968E+004
          3942.85      2.8078568E+004
          3954.14      2.9066698E+004
          3965.43      3.0076944E+004
          3976.72      3.1109896E+004
          3988.01      3.2166154E+004
          3999.30      3.3246324E+004
          4010.59      3.4351017E+004
          4021.88      3.5480852E+004
          4033.16      3.6636456E+004
          4044.45      3.7818463E+004
          4055.74      3.9027512E+004
          4067.03      4.0264252E+004
          4078.32      4.1529336E+004
          4089.61      4.2823429E+004
          4100.90      4.4147199E+004
          4112.19      4.5501324E+004
          4123.48      4.6886488E+004
          4134.77      4.8303384E+004
          4146.05      4.9752713E+004
          4157.34      5.1235180E+004
          4168.63      5.2751501E+004
          4179.92      5.4302399E+004
          4191.21      5.5888602E+004
          4202.50      5.7510848E+004
          4213.79      5.9169882E+004
          4225.08      6.0866456E+004
          4236.37      6.2601330E+004
          4247.66      6.4375269E+004
          4258.95      6.6189047E+004
          4270.23      6.8043447E+004
          4281.52      6.9939253E+004
          4292.81      7.1877261E+004
          4304.10      7.3858271E+004
          4315.39      7.5883092E+004
          4326.68      7.7952539E+004
          4337.97      8.0067429E+004
          4349.26      8.2228588E+004
          4360.55      8.4436851E+004
          4371.84      8.6693051E+004
          4383.12      8.8998033E+004
          4394.41      9.1352643E+004
          4405.70      9.3757734E+004
          4416.99      9.6214166E+004
          4428.28      9.8722793E+004
          4439.57      1.0128448E+005
          4450.86      1.0390011E+005
          4462.15      1.0657053E+005
          4473.44      1.0929664E+005
          4484.73      1.1207929E+005
          4496.02      1.1491937E+005
          4507.30      1.1781777E+005
          4518.59      1.2077536E+005
          4529.88      1.2379302E+005
          4541.17      1.2687163E+005
          4552.46      1.3001207E+005
          4563.75      1.3321522E+005
          4575.04      1.3648196E+005
          4586.33      1.3981317E+005
          4597.62      1.4320971E+005
          4608.91      1.4667245E+005
          4620.20      1.5020226E+005
          4631.48      1.5379999E+005
          4642.77      1.5746649E+005
          4654.06      1.6120261E+005
          4665.35      1.6500919E+005
          4676.64      1.6888705E+005
          4687.93      1.7283702E+005
          4699.22      1.7685990E+005
          4710.51      1.8095648E+005
          4721.80      1.8512756E+005
          4733.09      1.8937390E+005
          4744.38      1.9369626E+005
          4755.66      1.9809538E+005
          4766.95      2.0257198E+005
          4778.24      2.0712677E+005
          4789.53      2.1176043E+005
          4800.82      2.1647362E+005
          4812.11      2.2126700E+005
          4823.40      2.2614116E+005
          4834.69      2.3109671E+005
          4845.98      2.3613420E+005
          4857.27      2.4125419E+005
          4868.55      2.4645718E+005
          4879.84      2.5174363E+005
          4891.13      2.5711399E+005
          4902.42      2.6256867E+005
          4913.71      2.6810803E+005
          4925.00      2.7373241E+005
          4936.29      2.7944208E+005
          4947.58      2.8523731E+005
          4958.87      2.9111828E+005
          4970.16      2.9708515E+005
          4981.45      3.0313801E+005
          4992.73      3.0927692E+005
          5004.02      3.1550187E+005
          5015.31      3.2181279E+005
          5026.60      3.2820957E+005
          5037.89      3.3469201E+005
          5049.18      3.4125987E+005
          5060.47      3.4791281E+005
          5071.76      3.5465046E+005
          5083.05      3.6147235E+005
          5094.34      3.6837793E+005
          5105.62      3.7536657E+005
          5116.91      3.8243758E+005
          5128.20      3.8959015E+005
          5139.49      3.9682340E+005
          5150.78      4.0413635E+005
          5162.07      4.1152792E+005
          5173.36      4.1899693E+005
          5184.65      4.2654209E+005
          5195.94      4.3416200E+005
          5207.23      4.4185515E+005
          5218.52      4.4961992E+005
          5229.80      4.5745455E+005
          5241.09      4.6535716E+005
          5252.38      4.7332574E+005
          5263.67      4.8135814E+005
          5274.96      4.8945205E+005
          5286.25      4.9760506E+005
          5297.54      5.0581457E+005
          5308.83      5.1407782E+005
          5320.12      5.2239192E+005
          5331.41      5.3075377E+005
          5342.70      5.3916012E+005
          5353.98      5.4760755E+005
          5365.27      5.5609242E+005
          5376.56      5.6461091E+005
          5387.85      5.7315903E+005
          5399.14      5.8173255E+005
          5410.43      5.9032703E+005
          5421.72      5.9893783E+005
          5433.01      6.0756005E+005
          5444.30      6.1618860E+005
          5455.59      6.2481811E+005
          5466.88      6.3344297E+005
          5478.16      6.4205732E+005
          5489.45      6.5065504E+005
          5500.74      6.5922973E+005
          5512.03      6.6777468E+005
          5523.32      6.7628294E+005
          5534.61      6.8474721E+005
          5545.90      6.9315992E+005
          5557.19      7.0151315E+005
          5568.48      7.0979866E+005
          5579.77      7.1800789E+005
          5591.05      7.2613192E+005
          5602.34      7.3416144E+005
          5613.63      7.4208682E+005
          5624.92      7.4989801E+005
          5636.21      7.5758459E+005
          5647.50      7.6513573E+005
          5658.79      7.7254017E+005
          5670.08      7.7978624E+005
          5681.37      7.8686183E+005
          5692.66      7.9375436E+005
          5703.95      8.0045080E+005
          5715.23      8.0693764E+005
          5726.52      8.1320086E+005
          5737.81      8.1922595E+005
          5749.10      8.2499787E+005
          5760.39      8.3050104E+005
          5771.68      8.3571936E+005
          5782.97      8.4063612E+005
          5794.26      8.4523406E+005
          5805.55      8.4949530E+005
          5816.84      8.5340136E+005
          5828.12      8.5693313E+005
          5839.41      8.6007083E+005
          5850.70      8.6279405E+005
          5861.99      8.6508167E+005
          5873.28      8.6691187E+005
          5884.57      8.6826212E+005
          5895.86      8.6910913E+005
          5907.15      8.6942888E+005
          5918.44      8.6919654E+005
          5929.73      8.6838649E+005
          5941.02      8.6697230E+005
          5952.30      8.6492668E+005
          5963.59      8.6222148E+005
          5974.88      8.5882767E+005
          5986.17      8.5471529E+005
          5997.46      8.4985348E+005
          6008.75      8.4421037E+005
          6020.04      8.3775316E+005
          6031.33      8.3044801E+005
          6042.62      8.2226005E+005
          6053.91      8.1315336E+005
          6065.20      8.0309094E+005
          6076.48      7.9203464E+005
          6087.77      7.7994521E+005
          6099.06      7.6678221E+005
          6110.35      7.5250400E+005
          6121.64      7.3706772E+005
          6132.93      7.2042921E+005
          6144.22      7.0254310E+005
          6155.51      6.8336263E+005
          6166.80      6.6283967E+005
          6178.09      6.4092480E+005
          6189.38      6.1756707E+005
          6200.66      5.9271413E+005
          6211.95      5.6631213E+005
          6223.24      5.3830565E+005
          6234.53      5.0863780E+005
          6245.82      4.7725001E+005
          6257.11      4.4408205E+005
          6268.40      4.0907211E+005
          6279.69      3.7215659E+005
          6290.98      3.3327012E+005
          6302.27      2.9234557E+005
          6313.55      2.4931389E+005
          6324.84      2.0410429E+005
          6336.13      1.5664391E+005
          6347.42      1.0685791E+005
          6358.71      5.4669587E+004
          6370.00     -4.1892775E-062
