          3480.00      5.8081572E-028
          3491.29     -2.8460591E-007
          3502.58     -5.7109991E-007
          3513.87     -8.6101624E-007
          3525.16     -1.1558887E-006
          3536.45     -1.4572601E-006
          3547.73     -1.7666897E-006
          3559.02     -2.0857598E-006
          3570.31     -2.4160853E-006
          3581.60     -2.7593202E-006
          3592.89     -3.1171656E-006
          3604.18     -3.4913777E-006
          3615.47     -3.8837744E-006
          3626.76     -4.2962451E-006
          3638.05     -4.7307580E-006
          3649.34     -5.1893671E-006
          3660.62     -5.6742228E-006
          3671.91     -6.1875793E-006
          3683.20     -6.7318041E-006
          3694.49     -7.3093877E-006
          3705.78     -7.9229511E-006
          3717.07     -8.5752594E-006
          3728.36     -9.2692303E-006
          3739.65     -1.0007944E-005
          3750.94     -1.0794656E-005
          3762.23     -1.1632809E-005
          3773.52     -1.2526048E-005
          3784.80     -1.3478226E-005
          3796.09     -1.4493425E-005
          3807.38     -1.5575967E-005
          3818.67     -1.6730432E-005
          3829.96     -1.7961666E-005
          3841.25     -1.9274810E-005
          3852.54     -2.0675308E-005
          3863.83     -2.2168927E-005
          3875.12     -2.3761780E-005
          3886.41     -2.5460342E-005
          3897.70     -2.7271473E-005
          3908.98     -2.9202444E-005
          3920.27     -3.1260953E-005
          3931.56     -3.3455156E-005
          3942.85     -3.5793692E-005
          3954.14     -3.8285710E-005
          3965.43     -4.0940897E-005
          3976.72     -4.3769506E-005
          3988.01     -4.6782393E-005
          3999.30     -4.9991053E-005
          4010.59     -5.3407638E-005
          4021.88     -5.7045019E-005
          4033.16     -6.0916805E-005
          4044.45     -6.5037393E-005
          4055.74     -6.9422013E-005
          4067.03     -7.4086756E-005
          4078.32     -7.9048645E-005
          4089.61     -8.4325675E-005
          4100.90     -8.9936849E-005
          4112.19     -9.5902259E-005
          4123.48     -1.0224313E-004
          4134.77     -1.0898187E-004
          4146.05     -1.1614217E-004
          4157.34     -1.2374900E-004
          4168.63     -1.3182877E-004
          4179.92     -1.4040932E-004
          4191.21     -1.4952003E-004
          4202.50     -1.5919192E-004
          4213.79     -1.6945770E-004
          4225.08     -1.8035186E-004
          4236.37     -1.9191080E-004
          4247.66     -2.0417285E-004
          4258.95     -2.1717845E-004
          4270.23     -2.3097022E-004
          4281.52     -2.4559304E-004
          4292.81     -2.6109422E-004
          4304.10     -2.7752358E-004
          4315.39     -2.9493358E-004
          4326.68     -3.1337949E-004
          4337.97     -3.3291943E-004
          4349.26     -3.5361463E-004
          4360.55     -3.7552952E-004
          4371.84     -3.9873183E-004
          4383.12     -4.2329288E-004
          4394.41     -4.4928764E-004
          4405.70     -4.7679495E-004
          4416.99     -5.0589772E-004
          4428.28     -5.3668302E-004
          4439.57     -5.6924246E-004
          4450.86     -6.0367225E-004
          4462.15     -6.4007341E-004
          4473.44     -6.7855212E-004
          4484.73     -7.1921985E-004
          4496.02     -7.6219364E-004
          4507.30     -8.0759638E-004
          4518.59     -8.5555695E-004
          4529.88     -9.0621067E-004
          4541.17     -9.5969954E-004
          4552.46     -1.0161723E-003
          4563.75     -1.0757853E-003
          4575.04     -1.1387020E-003
          4586.33     -1.2050941E-003
          4597.62     -1.2751416E-003
          4608.91     -1.3490328E-003
          4620.20     -1.4269653E-003
          4631.48     -1.5091458E-003
          4642.77     -1.5957908E-003
          4654.06     -1.6871273E-003
          4665.35     -1.7833926E-003
          4676.64     -1.8848351E-003
          4687.93     -1.9917149E-003
          4699.22     -2.1043039E-003
          4710.51     -2.2228867E-003
          4721.80     -2.3477607E-003
          4733.09     -2.4792370E-003
          4744.38     -2.6176407E-003
          4755.66     -2.7633116E-003
          4766.95     -2.9166048E-003
          4778.24     -3.0778913E-003
          4789.53     -3.2475582E-003
          4800.82     -3.4260101E-003
          4812.11     -3.6136694E-003
          4823.40     -3.8109766E-003
          4834.69     -4.0183917E-003
          4845.98     -4.2363944E-003
          4857.27     -4.4654852E-003
          4868.55     -4.7061861E-003
          4879.84     -4.9590408E-003
          4891.13     -5.2246165E-003
          4902.42     -5.5035043E-003
          4913.71     -5.7963194E-003
          4925.00     -6.1037032E-003
          4936.29     -6.4263233E-003
          4947.58     -6.7648749E-003
          4958.87     -7.1200816E-003
          4970.16     -7.4926956E-003
          4981.45     -7.8835003E-003
          4992.73     -8.2933104E-003
          5004.02     -8.7229720E-003
          5015.31     -9.1733656E-003
          5026.60     -9.6454058E-003
          5037.89     -1.0140043E-002
          5049.18     -1.0658264E-002
          5060.47     -1.1201093E-002
          5071.76     -1.1769594E-002
          5083.05     -1.2364872E-002
          5094.34     -1.2988071E-002
          5105.62     -1.3640378E-002
          5116.91     -1.4323025E-002
          5128.20     -1.5037289E-002
          5139.49     -1.5784492E-002
          5150.78     -1.6566003E-002
          5162.07     -1.7383241E-002
          5173.36     -1.8237675E-002
          5184.65     -1.9130823E-002
          5195.94     -2.0064258E-002
          5207.23     -2.1039604E-002
          5218.52     -2.2058542E-002
          5229.80     -2.3122808E-002
          5241.09     -2.4234194E-002
          5252.38     -2.5394552E-002
          5263.67     -2.6605795E-002
          5274.96     -2.7869891E-002
          5286.25     -2.9188875E-002
          5297.54     -3.0564842E-002
          5308.83     -3.1999953E-002
          5320.12     -3.3496431E-002
          5331.41     -3.5056565E-002
          5342.70     -3.6682710E-002
          5353.98     -3.8377291E-002
          5365.27     -4.0142795E-002
          5376.56     -4.1981781E-002
          5387.85     -4.3896876E-002
          5399.14     -4.5890774E-002
          5410.43     -4.7966242E-002
          5421.72     -5.0126109E-002
          5433.01     -5.2373278E-002
          5444.30     -5.4710721E-002
          5455.59     -5.7141473E-002
          5466.88     -5.9668640E-002
          5478.16     -6.2295395E-002
          5489.45     -6.5024974E-002
          5500.74     -6.7860680E-002
          5512.03     -7.0805872E-002
          5523.32     -7.3863973E-002
          5534.61     -7.7038468E-002
          5545.90     -8.0332886E-002
          5557.19     -8.3750819E-002
          5568.48     -8.7295903E-002
          5579.77     -9.0971819E-002
          5591.05     -9.4782292E-002
          5602.34     -9.8731075E-002
          5613.63     -1.0282196E-001
          5624.92     -1.0705876E-001
          5636.21     -1.1144530E-001
          5647.50     -1.1598543E-001
          5658.79     -1.2068300E-001
          5670.08     -1.2554184E-001
          5681.37     -1.3056578E-001
          5692.66     -1.3575862E-001
          5703.95     -1.4112413E-001
          5715.23     -1.4666603E-001
          5726.52     -1.5238797E-001
          5737.81     -1.5829355E-001
          5749.10     -1.6438625E-001
          5760.39     -1.7066947E-001
          5771.68     -1.7714647E-001
          5782.97     -1.8382039E-001
          5794.26     -1.9069418E-001
          5805.55     -1.9777064E-001
          5816.84     -2.0505232E-001
          5828.12     -2.1254157E-001
          5839.41     -2.2024049E-001
          5850.70     -2.2815086E-001
          5861.99     -2.3627418E-001
          5873.28     -2.4461156E-001
          5884.57     -2.5316376E-001
          5895.86     -2.6193110E-001
          5907.15     -2.7091344E-001
          5918.44     -2.8011014E-001
          5929.73     -2.8952002E-001
          5941.02     -2.9914128E-001
          5952.30     -3.0897150E-001
          5963.59     -3.1900754E-001
          5974.88     -3.2924549E-001
          5986.17     -3.3968067E-001
          5997.46     -3.5030745E-001
          6008.75     -3.6111928E-001
          6020.04     -3.7210859E-001
          6031.33     -3.8326669E-001
          6042.62     -3.9458373E-001
          6053.91     -4.0604853E-001
          6065.20     -4.1764859E-001
          6076.48     -4.2936996E-001
          6087.77     -4.4119708E-001
          6099.06     -4.5311274E-001
          6110.35     -4.6509794E-001
          6121.64     -4.7713176E-001
          6132.93     -4.8919125E-001
          6144.22     -5.0125127E-001
          6155.51     -5.1328436E-001
          6166.80     -5.2526060E-001
          6178.09     -5.3714742E-001
          6189.38     -5.4890946E-001
          6200.66     -5.6050837E-001
          6211.95     -5.7190265E-001
          6223.24     -5.8304743E-001
          6234.53     -5.9389422E-001
          6245.82     -6.0439079E-001
          6257.11     -6.1448087E-001
          6268.40     -6.2410390E-001
          6279.69     -6.3319480E-001
          6290.98     -6.4168370E-001
          6302.27     -6.4949563E-001
          6313.55     -6.5655025E-001
          6324.84     -6.6276150E-001
          6336.13     -6.6803732E-001
          6347.42     -6.7227924E-001
          6358.71     -6.7538205E-001
          6370.00     -6.7723343E-001
