          3480.00      4.4343027E-048
          3491.29      6.2925093E-019
          3502.58      1.2603790E-018
          3513.87      1.8935020E-018
          3525.16      2.5287348E-018
          3536.45      3.1661932E-018
          3547.73      3.8059915E-018
          3559.02      4.4482414E-018
          3570.31      5.0930550E-018
          3581.60      5.7405430E-018
          3592.89      6.3908144E-018
          3604.18      7.0439592E-018
          3615.47      7.7000428E-018
          3626.76      8.3591583E-018
          3638.05      9.0213976E-018
          3649.34      9.6868497E-018
          3660.62      1.0355605E-017
          3671.91      1.1027750E-017
          3683.20      1.1703373E-017
          3694.49      1.2382560E-017
          3705.78      1.3065394E-017
          3717.07      1.3751960E-017
          3728.36      1.4442339E-017
          3739.65      1.5136612E-017
          3750.94      1.5834859E-017
          3762.23      1.6537158E-017
          3773.52      1.7243586E-017
          3784.80      1.7954219E-017
          3796.09      1.8669133E-017
          3807.38      1.9388420E-017
          3818.67      2.0112155E-017
          3829.96      2.0840409E-017
          3841.25      2.1573253E-017
          3852.54      2.2310757E-017
          3863.83      2.3052988E-017
          3875.12      2.3800014E-017
          3886.41      2.4551898E-017
          3897.70      2.5308703E-017
          3908.98      2.6070491E-017
          3920.27      2.6837322E-017
          3931.56      2.7609253E-017
          3942.85      2.8386341E-017
          3954.14      2.9168665E-017
          3965.43      2.9956284E-017
          3976.72      3.0749250E-017
          3988.01      3.1547616E-017
          3999.30      3.2351432E-017
          4010.59      3.3160744E-017
          4021.88      3.3975598E-017
          4033.16      3.4796037E-017
          4044.45      3.5622103E-017
          4055.74      3.6453837E-017
          4067.03      3.7291273E-017
          4078.32      3.8134449E-017
          4089.61      3.8983397E-017
          4100.90      3.9838148E-017
          4112.19      4.0698732E-017
          4123.48      4.1565175E-017
          4134.77      4.2437502E-017
          4146.05      4.3315733E-017
          4157.34      4.4199888E-017
          4168.63      4.5089982E-017
          4179.92      4.5986032E-017
          4191.21      4.6888047E-017
          4202.50      4.7796036E-017
          4213.79      4.8710006E-017
          4225.08      4.9629960E-017
          4236.37      5.0555900E-017
          4247.66      5.1487821E-017
          4258.95      5.2425713E-017
          4270.23      5.3369569E-017
          4281.52      5.4319376E-017
          4292.81      5.5275121E-017
          4304.10      5.6236787E-017
          4315.39      5.7204352E-017
          4326.68      5.8177794E-017
          4337.97      5.9157083E-017
          4349.26      6.0142191E-017
          4360.55      6.1133083E-017
          4371.84      6.2129811E-017
          4383.12      6.3132245E-017
          4394.41      6.4140340E-017
          4405.70      6.5154040E-017
          4416.99      6.6173291E-017
          4428.28      6.7198037E-017
          4439.57      6.8228217E-017
          4450.86      6.9263769E-017
          4462.15      7.0304622E-017
          4473.44      7.1350706E-017
          4484.73      7.2401944E-017
          4496.02      7.3458256E-017
          4507.30      7.4519557E-017
          4518.59      7.5585756E-017
          4529.88      7.6656761E-017
          4541.17      7.7732475E-017
          4552.46      7.8812796E-017
          4563.75      7.9897619E-017
          4575.04      8.0986834E-017
          4586.33      8.2080322E-017
          4597.62      8.3177963E-017
          4608.91      8.4279627E-017
          4620.20      8.5385183E-017
          4631.48      8.6494497E-017
          4642.77      8.7607421E-017
          4654.06      8.8723810E-017
          4665.35      8.9843510E-017
          4676.64      9.0966363E-017
          4687.93      9.2092203E-017
          4699.22      9.3220858E-017
          4710.51      9.4352152E-017
          4721.80      9.5485902E-017
          4733.09      9.6621919E-017
          4744.38      9.7760009E-017
          4755.66      9.8899970E-017
          4766.95      1.0004160E-016
          4778.24      1.0118467E-016
          4789.53      1.0232898E-016
          4800.82      1.0347429E-016
          4812.11      1.0462037E-016
          4823.40      1.0576698E-016
          4834.69      1.0691387E-016
          4845.98      1.0806079E-016
          4857.27      1.0920745E-016
          4868.55      1.1035359E-016
          4879.84      1.1149894E-016
          4891.13      1.1264320E-016
          4902.42      1.1378608E-016
          4913.71      1.1492729E-016
          4925.00      1.1606651E-016
          4936.29      1.1720343E-016
          4947.58      1.1833773E-016
          4958.87      1.1946907E-016
          4970.16      1.2059711E-016
          4981.45      1.2172149E-016
          4992.73      1.2284188E-016
          5004.02      1.2395786E-016
          5015.31      1.2506907E-016
          5026.60      1.2617512E-016
          5037.89      1.2727561E-016
          5049.18      1.2837014E-016
          5060.47      1.2945829E-016
          5071.76      1.3053965E-016
          5083.05      1.3161377E-016
          5094.34      1.3268023E-016
          5105.62      1.3373855E-016
          5116.91      1.3478828E-016
          5128.20      1.3582895E-016
          5139.49      1.3686008E-016
          5150.78      1.3788114E-016
          5162.07      1.3889164E-016
          5173.36      1.3989105E-016
          5184.65      1.4087884E-016
          5195.94      1.4185448E-016
          5207.23      1.4281741E-016
          5218.52      1.4376708E-016
          5229.80      1.4470291E-016
          5241.09      1.4562431E-016
          5252.38      1.4653070E-016
          5263.67      1.4742146E-016
          5274.96      1.4829597E-016
          5286.25      1.4915360E-016
          5297.54      1.4999369E-016
          5308.83      1.5081558E-016
          5320.12      1.5161858E-016
          5331.41      1.5240201E-016
          5342.70      1.5316517E-016
          5353.98      1.5390736E-016
          5365.27      1.5462784E-016
          5376.56      1.5532590E-016
          5387.85      1.5600075E-016
          5399.14      1.5665164E-016
          5410.43      1.5727777E-016
          5421.72      1.5787837E-016
          5433.01      1.5845261E-016
          5444.30      1.5899967E-016
          5455.59      1.5951867E-016
          5466.88      1.6000874E-016
          5478.16      1.6046903E-016
          5489.45      1.6089863E-016
          5500.74      1.6129665E-016
          5512.03      1.6166218E-016
          5523.32      1.6199428E-016
          5534.61      1.6229200E-016
          5545.90      1.6255438E-016
          5557.19      1.6278043E-016
          5568.48      1.6296915E-016
          5579.77      1.6311883E-016
          5591.05      1.6322833E-016
          5602.34      1.6329660E-016
          5613.63      1.6332258E-016
          5624.92      1.6330520E-016
          5636.21      1.6324335E-016
          5647.50      1.6313593E-016
          5658.79      1.6298183E-016
          5670.08      1.6277986E-016
          5681.37      1.6252410E-016
          5692.66      1.6221341E-016
          5703.95      1.6184669E-016
          5715.23      1.6142280E-016
          5726.52      1.6094061E-016
          5737.81      1.6039900E-016
          5749.10      1.5979684E-016
          5760.39      1.5913301E-016
          5771.68      1.5840638E-016
          5782.97      1.5761622E-016
          5794.26      1.5676559E-016
          5805.55      1.5585327E-016
          5816.84      1.5487804E-016
          5828.12      1.5383863E-016
          5839.41      1.5273379E-016
          5850.70      1.5156224E-016
          5861.99      1.5032267E-016
          5873.28      1.4901377E-016
          5884.57      1.4763422E-016
          5895.86      1.4618266E-016
          5907.15      1.4465770E-016
          5918.44      1.4305643E-016
          5929.73      1.4137751E-016
          5941.02      1.3961957E-016
          5952.30      1.3778127E-016
          5963.59      1.3586123E-016
          5974.88      1.3385781E-016
          5986.17      1.3176927E-016
          5997.46      1.2959425E-016
          6008.75      1.2733138E-016
          6020.04      1.2497931E-016
          6031.33      1.2253831E-016
          6042.62      1.2000690E-016
          6053.91      1.1738358E-016
          6065.20      1.1466684E-016
          6076.48      1.1185564E-016
          6087.77      1.0894877E-016
          6099.06      1.0594460E-016
          6110.35      1.0284146E-016
          6121.64      9.9637428E-017
          6132.93      9.6329414E-017
          6144.22      9.2915871E-017
          6155.51      8.9395757E-017
          6166.80      8.5767474E-017
          6178.09      8.2030485E-017
          6189.38      7.8183393E-017
          6200.66      7.4224288E-017
          6211.95      7.0151233E-017
          6223.24      6.5962248E-017
          6234.53      6.1655331E-017
          6245.82      5.7228446E-017
          6257.11      5.2679517E-017
          6268.40      4.8006456E-017
          6279.69      4.3207177E-017
          6290.98      3.8279509E-017
          6302.27      3.3221222E-017
          6313.55      2.8030059E-017
          6324.84      2.2703749E-017
          6336.13      1.7239972E-017
          6347.42      1.1636351E-017
          6358.71      5.8905018E-018
          6370.00     -9.2716558E-052
