          3480.00      1.0939868E-041
          3491.29      1.9180243E-024
          3502.58      3.8579298E-024
          3513.87      5.8361743E-024
          3525.16      7.8693663E-024
          3536.45      9.9744110E-024
          3547.73      1.2168640E-023
          3559.02      1.4469942E-023
          3570.31      1.6896910E-023
          3581.60      1.9468971E-023
          3592.89      2.2206535E-023
          3604.18      2.5131076E-023
          3615.47      2.8265259E-023
          3626.76      3.1633274E-023
          3638.05      3.5260912E-023
          3649.34      3.9175724E-023
          3660.62      4.3407229E-023
          3671.91      4.7987089E-023
          3683.20      5.2949324E-023
          3694.49      5.8330529E-023
          3705.78      6.4170091E-023
          3717.07      7.0510464E-023
          3728.36      7.7397423E-023
          3739.65      8.4880322E-023
          3750.94      9.3012438E-023
          3762.23      1.0185126E-022
          3773.52      1.1145887E-022
          3784.80      1.2190227E-022
          3796.09      1.3325380E-022
          3807.38      1.4559173E-022
          3818.67      1.5900044E-022
          3829.96      1.7357099E-022
          3841.25      1.8940170E-022
          3852.54      2.0659868E-022
          3863.83      2.2527644E-022
          3875.12      2.4555854E-022
          3886.41      2.6757822E-022
          3897.70      2.9147923E-022
          3908.98      3.1741659E-022
          3920.27      3.4555735E-022
          3931.56      3.7608163E-022
          3942.85      4.0918351E-022
          3954.14      4.4507243E-022
          3965.43      4.8397381E-022
          3976.72      5.2613022E-022
          3988.01      5.7180290E-022
          3999.30      6.2127306E-022
          4010.59      6.7484316E-022
          4021.88      7.3283873E-022
          4033.16      7.9560987E-022
          4044.45      8.6353300E-022
          4055.74      9.3701287E-022
          4067.03      1.0164843E-021
          4078.32      1.1024146E-021
          4089.61      1.1953060E-021
          4100.90      1.2956975E-021
          4112.19      1.4041679E-021
          4123.48      1.5213388E-021
          4134.77      1.6478769E-021
          4146.05      1.7844979E-021
          4157.34      1.9319688E-021
          4168.63      2.0911129E-021
          4179.92      2.2628123E-021
          4191.21      2.4480126E-021
          4202.50      2.6477271E-021
          4213.79      2.8630413E-021
          4225.08      3.0951180E-021
          4236.37      3.3452021E-021
          4247.66      3.6146259E-021
          4258.95      3.9048155E-021
          4270.23      4.2172969E-021
          4281.52      4.5537021E-021
          4292.81      4.9157768E-021
          4304.10      5.3053876E-021
          4315.39      5.7245292E-021
          4326.68      6.1753340E-021
          4337.97      6.6600788E-021
          4349.26      7.1811969E-021
          4360.55      7.7412864E-021
          4371.84      8.3431317E-021
          4383.12      8.9896828E-021
          4394.41      9.6840982E-021
          4405.70      1.0429746E-020
          4416.99      1.1230220E-020
          4428.28      1.2089349E-020
          4439.57      1.3011220E-020
          4450.86      1.4000184E-020
          4462.15      1.5060878E-020
          4473.44      1.6198241E-020
          4484.73      1.7417535E-020
          4496.02      1.8724358E-020
          4507.30      2.0124674E-020
          4518.59      2.1624821E-020
          4529.88      2.3231550E-020
          4541.17      2.4952037E-020
          4552.46      2.6793912E-020
          4563.75      2.8765288E-020
          4575.04      3.0874787E-020
          4586.33      3.3131568E-020
          4597.62      3.5545361E-020
          4608.91      3.8126494E-020
          4620.20      4.0885936E-020
          4631.48      4.3835333E-020
          4642.77      4.6987030E-020
          4654.06      5.0354133E-020
          4665.35      5.3950539E-020
          4676.64      5.7790981E-020
          4687.93      6.1891078E-020
          4699.22      6.6267370E-020
          4710.51      7.0937392E-020
          4721.80      7.5919713E-020
          4733.09      8.1233982E-020
          4744.38      8.6901012E-020
          4755.66      9.2942820E-020
          4766.95      9.9382699E-020
          4778.24      1.0624529E-019
          4789.53      1.1355663E-019
          4800.82      1.2134425E-019
          4812.11      1.2963726E-019
          4823.40      1.3846637E-019
          4834.69      1.4786404E-019
          4845.98      1.5786454E-019
          4857.27      1.6850400E-019
          4868.55      1.7982059E-019
          4879.84      1.9185453E-019
          4891.13      2.0464826E-019
          4902.42      2.1824652E-019
          4913.71      2.3269644E-019
          4925.00      2.4804766E-019
          4936.29      2.6435248E-019
          4947.58      2.8166595E-019
          4958.87      3.0004603E-019
          4970.16      3.1955362E-019
          4981.45      3.4025284E-019
          4992.73      3.6221109E-019
          5004.02      3.8549910E-019
          5015.31      4.1019124E-019
          5026.60      4.3636563E-019
          5037.89      4.6410428E-019
          5049.18      4.9349327E-019
          5060.47      5.2462280E-019
          5071.76      5.5758754E-019
          5083.05      5.9248673E-019
          5094.34      6.2942424E-019
          5105.62      6.6850894E-019
          5116.91      7.0985476E-019
          5128.20      7.5358093E-019
          5139.49      7.9981216E-019
          5150.78      8.4867865E-019
          5162.07      9.0031653E-019
          5173.36      9.5486806E-019
          5184.65      1.0124816E-018
          5195.94      1.0733121E-018
          5207.23      1.1375211E-018
          5218.52      1.2052769E-018
          5229.80      1.2767550E-018
          5241.09      1.3521377E-018
          5252.38      1.4316151E-018
          5263.67      1.5153847E-018
          5274.96      1.6036517E-018
          5286.25      1.6966293E-018
          5297.54      1.7945385E-018
          5308.83      1.8976085E-018
          5320.12      2.0060770E-018
          5331.41      2.1201898E-018
          5342.70      2.2402018E-018
          5353.98      2.3663762E-018
          5365.27      2.4989847E-018
          5376.56      2.6383082E-018
          5387.85      2.7846355E-018
          5399.14      2.9382647E-018
          5410.43      3.0995022E-018
          5421.72      3.2686628E-018
          5433.01      3.4460700E-018
          5444.30      3.6320553E-018
          5455.59      3.8269566E-018
          5466.88      4.0311208E-018
          5478.16      4.2449018E-018
          5489.45      4.4686604E-018
          5500.74      4.7027637E-018
          5512.03      4.9475840E-018
          5523.32      5.2034992E-018
          5534.61      5.4708911E-018
          5545.90      5.7501445E-018
          5557.19      6.0416467E-018
          5568.48      6.3457863E-018
          5579.77      6.6629232E-018
          5591.05      6.9934359E-018
          5602.34      7.3377034E-018
          5613.63      7.6961010E-018
          5624.92      8.0689978E-018
          5636.21      8.4567532E-018
          5647.50      8.8597173E-018
          5658.79      9.2782261E-018
          5670.08      9.7125978E-018
          5681.37      1.0162840E-017
          5692.66      1.0629195E-017
          5703.95      1.1111887E-017
          5715.23      1.1611118E-017
          5726.52      1.2127061E-017
          5737.81      1.2659861E-017
          5749.10      1.3209627E-017
          5760.39      1.3776431E-017
          5771.68      1.4360299E-017
          5782.97      1.4961247E-017
          5794.26      1.5579613E-017
          5805.55      1.6215307E-017
          5816.84      1.6868159E-017
          5828.12      1.7537913E-017
          5839.41      1.8224216E-017
          5850.70      1.8926614E-017
          5861.99      1.9644535E-017
          5873.28      2.0377282E-017
          5884.57      2.1124023E-017
          5895.86      2.1883778E-017
          5907.15      2.2655398E-017
          5918.44      2.3437317E-017
          5929.73      2.4228005E-017
          5941.02      2.5025735E-017
          5952.30      2.5828566E-017
          5963.59      2.6634326E-017
          5974.88      2.7440538E-017
          5986.17      2.8244434E-017
          5997.46      2.9043025E-017
          6008.75      2.9833016E-017
          6020.04      3.0610783E-017
          6031.33      3.1372758E-017
          6042.62      3.2114593E-017
          6053.91      3.2831497E-017
          6065.20      3.3518213E-017
          6076.48      3.4169124E-017
          6087.77      3.4778032E-017
          6099.06      3.5338035E-017
          6110.35      3.5841580E-017
          6121.64      3.6280335E-017
          6132.93      3.6644798E-017
          6144.22      3.6925199E-017
          6155.51      3.7111184E-017
          6166.80      3.7191345E-017
          6178.09      3.7153806E-017
          6189.38      3.6985366E-017
          6200.66      3.6671490E-017
          6211.95      3.6196409E-017
          6223.24      3.5543028E-017
          6234.53      3.4692842E-017
          6245.82      3.3625840E-017
          6257.11      3.2320396E-017
          6268.40      3.0753174E-017
          6279.69      2.8899025E-017
          6290.98      2.6730807E-017
          6302.27      2.4219263E-017
          6313.55      2.1332896E-017
          6324.84      1.8037830E-017
          6336.13      1.4297634E-017
          6347.42      1.0073139E-017
          6358.71      5.3223018E-018
          6370.00      4.9618298E-054
