          3480.00      1.5528142E-030
          3491.29     -1.2184769E-010
          3502.58     -2.4474020E-010
          3513.87     -3.6939445E-010
          3525.16     -4.9652977E-010
          3536.45     -6.2687269E-010
          3547.73     -7.6116057E-010
          3559.02     -9.0014525E-010
          3570.31     -1.0445977E-009
          3581.60     -1.1953116E-009
          3592.89     -1.3531073E-009
          3604.18     -1.5188322E-009
          3615.47     -1.6933636E-009
          3626.76     -1.8776231E-009
          3638.05     -2.0725759E-009
          3649.34     -2.2792338E-009
          3660.62     -2.4986619E-009
          3671.91     -2.7319814E-009
          3683.20     -2.9803756E-009
          3694.49     -3.2450948E-009
          3705.78     -3.5274607E-009
          3717.07     -3.8288734E-009
          3728.36     -4.1508166E-009
          3739.65     -4.4948628E-009
          3750.94     -4.8626812E-009
          3762.23     -5.2560433E-009
          3773.52     -5.6768306E-009
          3784.80     -6.1270419E-009
          3796.09     -6.6088005E-009
          3807.38     -7.1243705E-009
          3818.67     -7.6761527E-009
          3829.96     -8.2666972E-009
          3841.25     -8.8987166E-009
          3852.54     -9.5750936E-009
          3863.83     -1.0298893E-008
          3875.12     -1.1073372E-008
          3886.41     -1.1901993E-008
          3897.70     -1.2788435E-008
          3908.98     -1.3736609E-008
          3920.27     -1.4750669E-008
          3931.56     -1.5835030E-008
          3942.85     -1.6994379E-008
          3954.14     -1.8233711E-008
          3965.43     -1.9558323E-008
          3976.72     -2.0973832E-008
          3988.01     -2.2486203E-008
          3999.30     -2.4101769E-008
          4010.59     -2.5827247E-008
          4021.88     -2.7669766E-008
          4033.16     -2.9636890E-008
          4044.45     -3.1736640E-008
          4055.74     -3.3977524E-008
          4067.03     -3.6368556E-008
          4078.32     -3.8919297E-008
          4089.61     -4.1639880E-008
          4100.90     -4.4541037E-008
          4112.19     -4.7634143E-008
          4123.48     -5.0931243E-008
          4134.77     -5.4445092E-008
          4146.05     -5.8189200E-008
          4157.34     -6.2177854E-008
          4168.63     -6.6426186E-008
          4179.92     -7.0950209E-008
          4191.21     -7.5766848E-008
          4202.50     -8.0894019E-008
          4213.79     -8.6350660E-008
          4225.08     -9.2156797E-008
          4236.37     -9.8333601E-008
          4247.66     -1.0490342E-007
          4258.95     -1.1188990E-007
          4270.23     -1.1931799E-007
          4281.52     -1.2721405E-007
          4292.81     -1.3560593E-007
          4304.10     -1.4452302E-007
          4315.39     -1.5399634E-007
          4326.68     -1.6405863E-007
          4337.97     -1.7474442E-007
          4349.26     -1.8609015E-007
          4360.55     -1.9813425E-007
          4371.84     -2.1091752E-007
          4383.12     -2.2448241E-007
          4394.41     -2.3887393E-007
          4405.70     -2.5413948E-007
          4416.99     -2.7032903E-007
          4428.28     -2.8749520E-007
          4439.57     -3.0569342E-007
          4450.86     -3.2498207E-007
          4462.15     -3.4542254E-007
          4473.44     -3.6707949E-007
          4484.73     -3.9002097E-007
          4496.02     -4.1431851E-007
          4507.30     -4.4004743E-007
          4518.59     -4.6728681E-007
          4529.88     -4.9611988E-007
          4541.17     -5.2663415E-007
          4552.46     -5.5892149E-007
          4563.75     -5.9307852E-007
          4575.04     -6.2920667E-007
          4586.33     -6.6741249E-007
          4597.62     -7.0780787E-007
          4608.91     -7.5051016E-007
          4620.20     -7.9564265E-007
          4631.48     -8.4333469E-007
          4642.77     -8.9372186E-007
          4654.06     -9.4694649E-007
          4665.35     -1.0031578E-006
          4676.64     -1.0625121E-006
          4687.93     -1.1251736E-006
          4699.22     -1.1913138E-006
          4710.51     -1.2611127E-006
          4721.80     -1.3347591E-006
          4733.09     -1.4124501E-006
          4744.38     -1.4943925E-006
          4755.66     -1.5808026E-006
          4766.95     -1.6719069E-006
          4778.24     -1.7679422E-006
          4789.53     -1.8691561E-006
          4800.82     -1.9758078E-006
          4812.11     -2.0881682E-006
          4823.40     -2.2065201E-006
          4834.69     -2.3311596E-006
          4845.98     -2.4623956E-006
          4857.27     -2.6005506E-006
          4868.55     -2.7459616E-006
          4879.84     -2.8989801E-006
          4891.13     -3.0599735E-006
          4902.42     -3.2293249E-006
          4913.71     -3.4074336E-006
          4925.00     -3.5947165E-006
          4936.29     -3.7916080E-006
          4947.58     -3.9985608E-006
          4958.87     -4.2160471E-006
          4970.16     -4.4445579E-006
          4981.45     -4.6846052E-006
          4992.73     -4.9367222E-006
          5004.02     -5.2014623E-006
          5015.31     -5.4794025E-006
          5026.60     -5.7711429E-006
          5037.89     -6.0773078E-006
          5049.18     -6.3985463E-006
          5060.47     -6.7355321E-006
          5071.76     -7.0889662E-006
          5083.05     -7.4595766E-006
          5094.34     -7.8481181E-006
          5105.62     -8.2553753E-006
          5116.91     -8.6821619E-006
          5128.20     -9.1293218E-006
          5139.49     -9.5977306E-006
          5150.78     -1.0088294E-005
          5162.07     -1.0601950E-005
          5173.36     -1.1139673E-005
          5184.65     -1.1702470E-005
          5195.94     -1.2291384E-005
          5207.23     -1.2907493E-005
          5218.52     -1.3551914E-005
          5229.80     -1.4225801E-005
          5241.09     -1.4930343E-005
          5252.38     -1.5666773E-005
          5263.67     -1.6436361E-005
          5274.96     -1.7240417E-005
          5286.25     -1.8080296E-005
          5297.54     -1.8957388E-005
          5308.83     -1.9873130E-005
          5320.12     -2.0828999E-005
          5331.41     -2.1826517E-005
          5342.70     -2.2867251E-005
          5353.98     -2.3952812E-005
          5365.27     -2.5084851E-005
          5376.56     -2.6265072E-005
          5387.85     -2.7495214E-005
          5399.14     -2.8777065E-005
          5410.43     -3.0112459E-005
          5421.72     -3.1503270E-005
          5433.01     -3.2951419E-005
          5444.30     -3.4458873E-005
          5455.59     -3.6027624E-005
          5466.88     -3.7659720E-005
          5478.16     -3.9357250E-005
          5489.45     -4.1122339E-005
          5500.74     -4.2957157E-005
          5512.03     -4.4863903E-005
          5523.32     -4.6844814E-005
          5534.61     -4.8902163E-005
          5545.90     -5.1038246E-005
          5557.19     -5.3255393E-005
          5568.48     -5.5555955E-005
          5579.77     -5.7942058E-005
          5591.05     -6.0416027E-005
          5602.34     -6.2980226E-005
          5613.63     -6.5637041E-005
          5624.92     -6.8388862E-005
          5636.21     -7.1238069E-005
          5647.50     -7.4187048E-005
          5658.79     -7.7238169E-005
          5670.08     -8.0393766E-005
          5681.37     -8.3653730E-005
          5692.66     -8.7020081E-005
          5703.95     -9.0494822E-005
          5715.23     -9.4079928E-005
          5726.52     -9.7777327E-005
          5737.81     -1.0158891E-004
          5749.10     -1.0551651E-004
          5760.39     -1.0956189E-004
          5771.68     -1.1372676E-004
          5782.97     -1.1801300E-004
          5794.26     -1.2242540E-004
          5805.55     -1.2696571E-004
          5816.84     -1.3163553E-004
          5828.12     -1.3643627E-004
          5839.41     -1.4136915E-004
          5850.70     -1.4643518E-004
          5861.99     -1.5163514E-004
          5873.28     -1.5696955E-004
          5884.57     -1.6243864E-004
          5895.86     -1.6804236E-004
          5907.15     -1.7378028E-004
          5918.44     -1.7964977E-004
          5929.73     -1.8564951E-004
          5941.02     -1.9177783E-004
          5952.30     -1.9803262E-004
          5963.59     -2.0441134E-004
          5974.88     -2.1091052E-004
          5986.17     -2.1752602E-004
          5997.46     -2.2425365E-004
          6008.75     -2.3108864E-004
          6020.04     -2.3802565E-004
          6031.33     -2.4506189E-004
          6042.62     -2.5219086E-004
          6053.91     -2.5940522E-004
          6065.20     -2.6669674E-004
          6076.48     -2.7405748E-004
          6087.77     -2.8147826E-004
          6099.06     -2.8894793E-004
          6110.35     -2.9645415E-004
          6121.64     -3.0398256E-004
          6132.93     -3.1151376E-004
          6144.22     -3.1903102E-004
          6155.51     -3.2651812E-004
          6166.80     -3.3395573E-004
          6178.09     -3.4132722E-004
          6189.38     -3.4861177E-004
          6200.66     -3.5578485E-004
          6211.95     -3.6281977E-004
          6223.24     -3.6968751E-004
          6234.53     -3.7635655E-004
          6245.82     -3.8279284E-004
          6257.11     -3.8895957E-004
          6268.40     -3.9481700E-004
          6279.69     -4.0032278E-004
          6290.98     -4.0543091E-004
          6302.27     -4.1009173E-004
          6313.55     -4.1425196E-004
          6324.84     -4.1785448E-004
          6336.13     -4.2083812E-004
          6347.42     -4.2313694E-004
          6358.71     -4.2468037E-004
          6370.00     -4.2539253E-004
