          3480.00      0.0000000E+000
          3491.29      1.5270874E-018
          3502.58      3.0583594E-018
          3513.87      4.5937694E-018
          3525.16      6.1332663E-018
          3536.45      7.6768030E-018
          3547.73      9.2243320E-018
          3559.02      1.0775801E-017
          3570.31      1.2331163E-017
          3581.60      1.3890366E-017
          3592.89      1.5453361E-017
          3604.18      1.7020043E-017
          3615.47      1.8590245E-017
          3626.76      2.0163885E-017
          3638.05      2.1740878E-017
          3649.34      2.3321134E-017
          3660.62      2.4904570E-017
          3671.91      2.6491098E-017
          3683.20      2.8080628E-017
          3694.49      2.9673075E-017
          3705.78      3.1268346E-017
          3717.07      3.2866351E-017
          3728.36      3.4467001E-017
          3739.65      3.6070200E-017
          3750.94      3.7675857E-017
          3762.23      3.9283878E-017
          3773.52      4.0894167E-017
          3784.80      4.2506629E-017
          3796.09      4.4121168E-017
          3807.38      4.5737737E-017
          3818.67      4.7356242E-017
          3829.96      4.8976584E-017
          3841.25      5.0598667E-017
          3852.54      5.2222390E-017
          3863.83      5.3847654E-017
          3875.12      5.5474359E-017
          3886.41      5.7102396E-017
          3897.70      5.8731663E-017
          3908.98      6.0362054E-017
          3920.27      6.1993459E-017
          3931.56      6.3625766E-017
          3942.85      6.5258867E-017
          3954.14      6.6892701E-017
          3965.43      6.8527174E-017
          3976.72      7.0162169E-017
          3988.01      7.1797573E-017
          3999.30      7.3433271E-017
          4010.59      7.5069142E-017
          4021.88      7.6705066E-017
          4033.16      7.8340922E-017
          4044.45      7.9976584E-017
          4055.74      8.1611928E-017
          4067.03      8.3246821E-017
          4078.32      8.4881134E-017
          4089.61      8.6514736E-017
          4100.90      8.8147491E-017
          4112.19      8.9779263E-017
          4123.48      9.1409915E-017
          4134.77      9.3039303E-017
          4146.05      9.4667286E-017
          4157.34      9.6293714E-017
          4168.63      9.7918439E-017
          4179.92      9.9541312E-017
          4191.21      1.0116218E-016
          4202.50      1.0278088E-016
          4213.79      1.0439726E-016
          4225.08      1.0601116E-016
          4236.37      1.0762241E-016
          4247.66      1.0923085E-016
          4258.95      1.1083630E-016
          4270.23      1.1243858E-016
          4281.52      1.1403752E-016
          4292.81      1.1563295E-016
          4304.10      1.1722468E-016
          4315.39      1.1881254E-016
          4326.68      1.2039634E-016
          4337.97      1.2197589E-016
          4349.26      1.2355100E-016
          4360.55      1.2512148E-016
          4371.84      1.2668732E-016
          4383.12      1.2824814E-016
          4394.41      1.2980373E-016
          4405.70      1.3135387E-016
          4416.99      1.3289835E-016
          4428.28      1.3443696E-016
          4439.57      1.3596949E-016
          4450.86      1.3749572E-016
          4462.15      1.3901543E-016
          4473.44      1.4052840E-016
          4484.73      1.4203441E-016
          4496.02      1.4353323E-016
          4507.30      1.4502462E-016
          4518.59      1.4650836E-016
          4529.88      1.4798420E-016
          4541.17      1.4945190E-016
          4552.46      1.5091124E-016
          4563.75      1.5236196E-016
          4575.04      1.5380382E-016
          4586.33      1.5523657E-016
          4597.62      1.5665995E-016
          4608.91      1.5807370E-016
          4620.20      1.5947756E-016
          4631.48      1.6087127E-016
          4642.77      1.6225456E-016
          4654.06      1.6362715E-016
          4665.35      1.6498878E-016
          4676.64      1.6633916E-016
          4687.93      1.6767801E-016
          4699.22      1.6900506E-016
          4710.51      1.7031999E-016
          4721.80      1.7162254E-016
          4733.09      1.7291240E-016
          4744.38      1.7418927E-016
          4755.66      1.7545285E-016
          4766.95      1.7670284E-016
          4778.24      1.7793894E-016
          4789.53      1.7916081E-016
          4800.82      1.8036816E-016
          4812.11      1.8156067E-016
          4823.40      1.8273800E-016
          4834.69      1.8389984E-016
          4845.98      1.8504585E-016
          4857.27      1.8617568E-016
          4868.55      1.8728899E-016
          4879.84      1.8838543E-016
          4891.13      1.8946467E-016
          4902.42      1.9052635E-016
          4913.71      1.9157013E-016
          4925.00      1.9259564E-016
          4936.29      1.9360254E-016
          4947.58      1.9459046E-016
          4958.87      1.9555903E-016
          4970.16      1.9650788E-016
          4981.45      1.9743664E-016
          4992.73      1.9834493E-016
          5004.02      1.9923234E-016
          5015.31      2.0009848E-016
          5026.60      2.0094295E-016
          5037.89      2.0176536E-016
          5049.18      2.0256531E-016
          5060.47      2.0334242E-016
          5071.76      2.0409626E-016
          5083.05      2.0482644E-016
          5094.34      2.0553253E-016
          5105.62      2.0621414E-016
          5116.91      2.0687083E-016
          5128.20      2.0750218E-016
          5139.49      2.0810777E-016
          5150.78      2.0868714E-016
          5162.07      2.0923984E-016
          5173.36      2.0976542E-016
          5184.65      2.1026345E-016
          5195.94      2.1073348E-016
          5207.23      2.1117505E-016
          5218.52      2.1158772E-016
          5229.80      2.1197101E-016
          5241.09      2.1232448E-016
          5252.38      2.1264764E-016
          5263.67      2.1294004E-016
          5274.96      2.1320119E-016
          5286.25      2.1343062E-016
          5297.54      2.1362782E-016
          5308.83      2.1379230E-016
          5320.12      2.1392355E-016
          5331.41      2.1402108E-016
          5342.70      2.1408439E-016
          5353.98      2.1411297E-016
          5365.27      2.1410633E-016
          5376.56      2.1406395E-016
          5387.85      2.1398531E-016
          5399.14      2.1386988E-016
          5410.43      2.1371713E-016
          5421.72      2.1352654E-016
          5433.01      2.1329757E-016
          5444.30      2.1302969E-016
          5455.59      2.1272230E-016
          5466.88      2.1237483E-016
          5478.16      2.1198675E-016
          5489.45      2.1155751E-016
          5500.74      2.1108653E-016
          5512.03      2.1057328E-016
          5523.32      2.1001717E-016
          5534.61      2.0941764E-016
          5545.90      2.0877411E-016
          5557.19      2.0808602E-016
          5568.48      2.0735277E-016
          5579.77      2.0657285E-016
          5591.05      2.0574553E-016
          5602.34      2.0487025E-016
          5613.63      2.0394642E-016
          5624.92      2.0297345E-016
          5636.21      2.0195077E-016
          5647.50      2.0087779E-016
          5658.79      1.9975392E-016
          5670.08      1.9857852E-016
          5681.37      1.9734488E-016
          5692.66      1.9605254E-016
          5703.95      1.9470105E-016
          5715.23      1.9328994E-016
          5726.52      1.9181880E-016
          5737.81      1.9028718E-016
          5749.10      1.8869467E-016
          5760.39      1.8704087E-016
          5771.68      1.8532536E-016
          5782.97      1.8354827E-016
          5794.26      1.8171437E-016
          5805.55      1.7982311E-016
          5816.84      1.7787396E-016
          5828.12      1.7586639E-016
          5839.41      1.7379984E-016
          5850.70      1.7167378E-016
          5861.99      1.6948766E-016
          5873.28      1.6724094E-016
          5884.57      1.6493307E-016
          5895.86      1.6256350E-016
          5907.15      1.6013165E-016
          5918.44      1.5763515E-016
          5929.73      1.5507352E-016
          5941.02      1.5244630E-016
          5952.30      1.4975303E-016
          5963.59      1.4699325E-016
          5974.88      1.4416619E-016
          5986.17      1.4127100E-016
          5997.46      1.3830727E-016
          6008.75      1.3527463E-016
          6020.04      1.3217267E-016
          6031.33      1.2900297E-016
          6042.62      1.2576501E-016
          6053.91      1.2245831E-016
          6065.20      1.1908236E-016
          6076.48      1.1563725E-016
          6087.77      1.1212286E-016
          6099.06      1.0853861E-016
          6110.35      1.0488391E-016
          6121.64      1.0115790E-016
          6132.93      9.7358379E-017
          6144.22      9.3484941E-017
          6155.51      8.9537801E-017
          6166.80      8.5516538E-017
          6178.09      8.1422001E-017
          6189.38      7.7254067E-017
          6200.66      7.3012040E-017
          6211.95      6.8695222E-017
          6223.24      6.4302901E-017
          6234.53      5.9834362E-017
          6245.82      5.5288886E-017
          6257.11      5.0665740E-017
          6268.40      4.5964204E-017
          6279.69      4.1183606E-017
          6290.98      3.6323198E-017
          6302.27      3.1382199E-017
          6313.55      2.6359829E-017
          6324.84      2.1255325E-017
          6336.13      1.6067907E-017
          6347.42      1.0796753E-017
          6358.71      5.4410617E-018
          6370.00      1.0774582E-052
