          3480.00      5.4502335E-034
          3491.29     -6.8433418E-005
          3502.58     -1.3703885E-004
          3513.87     -2.0591587E-004
          3525.16     -2.7516307E-004
          3536.45     -3.4487857E-004
          3547.73     -4.1515998E-004
          3559.02     -4.8610436E-004
          3570.31     -5.5780872E-004
          3581.60     -6.3036988E-004
          3592.89     -7.0388471E-004
          3604.18     -7.7845030E-004
          3615.47     -8.5416378E-004
          3626.76     -9.3112290E-004
          3638.05     -1.0094259E-003
          3649.34     -1.0891714E-003
          3660.62     -1.1704591E-003
          3671.91     -1.2533893E-003
          3683.20     -1.3380634E-003
          3694.49     -1.4245837E-003
          3705.78     -1.5130537E-003
          3717.07     -1.6035783E-003
          3728.36     -1.6962636E-003
          3739.65     -1.7912172E-003
          3750.94     -1.8885484E-003
          3762.23     -1.9883680E-003
          3773.52     -2.0907887E-003
          3784.80     -2.1959249E-003
          3796.09     -2.3038931E-003
          3807.38     -2.4148116E-003
          3818.67     -2.5288014E-003
          3829.96     -2.6459850E-003
          3841.25     -2.7664877E-003
          3852.54     -2.8904372E-003
          3863.83     -3.0179637E-003
          3875.12     -3.1492000E-003
          3886.41     -3.2842814E-003
          3897.70     -3.4233463E-003
          3908.98     -3.5665359E-003
          3920.27     -3.7139942E-003
          3931.56     -3.8658686E-003
          3942.85     -4.0223095E-003
          3954.14     -4.1834706E-003
          3965.43     -4.3495092E-003
          3976.72     -4.5205854E-003
          3988.01     -4.6968634E-003
          3999.30     -4.8785112E-003
          4010.59     -5.0656999E-003
          4021.88     -5.2586051E-003
          4033.16     -5.4574058E-003
          4044.45     -5.6622855E-003
          4055.74     -5.8734317E-003
          4067.03     -6.0910357E-003
          4078.32     -6.3152936E-003
          4089.61     -6.5464060E-003
          4100.90     -6.7845774E-003
          4112.19     -7.0300175E-003
          4123.48     -7.2829405E-003
          4134.77     -7.5435656E-003
          4146.05     -7.8121168E-003
          4157.34     -8.0888228E-003
          4168.63     -8.3739177E-003
          4179.92     -8.6676412E-003
          4191.21     -8.9702374E-003
          4202.50     -9.2819564E-003
          4213.79     -9.6030540E-003
          4225.08     -9.9337912E-003
          4236.37     -1.0274435E-002
          4247.66     -1.0625258E-002
          4258.95     -1.0986539E-002
          4270.23     -1.1358562E-002
          4281.52     -1.1741618E-002
          4292.81     -1.2136004E-002
          4304.10     -1.2542024E-002
          4315.39     -1.2959987E-002
          4326.68     -1.3390209E-002
          4337.97     -1.3833013E-002
          4349.26     -1.4288728E-002
          4360.55     -1.4757692E-002
          4371.84     -1.5240247E-002
          4383.12     -1.5736743E-002
          4394.41     -1.6247538E-002
          4405.70     -1.6772996E-002
          4416.99     -1.7313489E-002
          4428.28     -1.7869397E-002
          4439.57     -1.8441105E-002
          4450.86     -1.9029009E-002
          4462.15     -1.9633510E-002
          4473.44     -2.0255016E-002
          4484.73     -2.0893947E-002
          4496.02     -2.1550727E-002
          4507.30     -2.2225790E-002
          4518.59     -2.2919576E-002
          4529.88     -2.3632534E-002
          4541.17     -2.4365124E-002
          4552.46     -2.5117810E-002
          4563.75     -2.5891065E-002
          4575.04     -2.6685374E-002
          4586.33     -2.7501226E-002
          4597.62     -2.8339122E-002
          4608.91     -2.9199569E-002
          4620.20     -3.0083083E-002
          4631.48     -3.0990190E-002
          4642.77     -3.1921423E-002
          4654.06     -3.2877325E-002
          4665.35     -3.3858447E-002
          4676.64     -3.4865350E-002
          4687.93     -3.5898601E-002
          4699.22     -3.6958778E-002
          4710.51     -3.8046467E-002
          4721.80     -3.9162265E-002
          4733.09     -4.0306772E-002
          4744.38     -4.1480602E-002
          4755.66     -4.2684377E-002
          4766.95     -4.3918726E-002
          4778.24     -4.5184288E-002
          4789.53     -4.6481709E-002
          4800.82     -4.7811644E-002
          4812.11     -4.9174759E-002
          4823.40     -5.0571724E-002
          4834.69     -5.2003220E-002
          4845.98     -5.3469935E-002
          4857.27     -5.4972567E-002
          4868.55     -5.6511822E-002
          4879.84     -5.8088408E-002
          4891.13     -5.9703048E-002
          4902.42     -6.1356469E-002
          4913.71     -6.3049405E-002
          4925.00     -6.4782597E-002
          4936.29     -6.6556795E-002
          4947.58     -6.8372754E-002
          4958.87     -7.0231237E-002
          4970.16     -7.2133009E-002
          4981.45     -7.4078844E-002
          4992.73     -7.6069525E-002
          5004.02     -7.8105831E-002
          5015.31     -8.0188555E-002
          5026.60     -8.2318489E-002
          5037.89     -8.4496433E-002
          5049.18     -8.6723190E-002
          5060.47     -8.8999561E-002
          5071.76     -9.1326357E-002
          5083.05     -9.3704391E-002
          5094.34     -9.6134471E-002
          5105.62     -9.8617414E-002
          5116.91     -1.0115403E-001
          5128.20     -1.0374515E-001
          5139.49     -1.0639157E-001
          5150.78     -1.0909411E-001
          5162.07     -1.1185359E-001
          5173.36     -1.1467082E-001
          5184.65     -1.1754659E-001
          5195.94     -1.2048173E-001
          5207.23     -1.2347701E-001
          5218.52     -1.2653325E-001
          5229.80     -1.2965122E-001
          5241.09     -1.3283171E-001
          5252.38     -1.3607549E-001
          5263.67     -1.3938332E-001
          5274.96     -1.4275595E-001
          5286.25     -1.4619413E-001
          5297.54     -1.4969858E-001
          5308.83     -1.5327002E-001
          5320.12     -1.5690915E-001
          5331.41     -1.6061666E-001
          5342.70     -1.6439320E-001
          5353.98     -1.6823944E-001
          5365.27     -1.7215599E-001
          5376.56     -1.7614347E-001
          5387.85     -1.8020245E-001
          5399.14     -1.8433350E-001
          5410.43     -1.8853715E-001
          5421.72     -1.9281390E-001
          5433.01     -1.9716422E-001
          5444.30     -2.0158855E-001
          5455.59     -2.0608731E-001
          5466.88     -2.1066086E-001
          5478.16     -2.1530953E-001
          5489.45     -2.2003362E-001
          5500.74     -2.2483339E-001
          5512.03     -2.2970903E-001
          5523.32     -2.3466070E-001
          5534.61     -2.3968852E-001
          5545.90     -2.4479254E-001
          5557.19     -2.4997275E-001
          5568.48     -2.5522912E-001
          5579.77     -2.6056151E-001
          5591.05     -2.6596976E-001
          5602.34     -2.7145360E-001
          5613.63     -2.7701274E-001
          5624.92     -2.8264678E-001
          5636.21     -2.8835524E-001
          5647.50     -2.9413759E-001
          5658.79     -2.9999320E-001
          5670.08     -3.0592135E-001
          5681.37     -3.1192124E-001
          5692.66     -3.1799196E-001
          5703.95     -3.2413251E-001
          5715.23     -3.3034179E-001
          5726.52     -3.3661858E-001
          5737.81     -3.4296156E-001
          5749.10     -3.4936929E-001
          5760.39     -3.5584020E-001
          5771.68     -3.6237261E-001
          5782.97     -3.6896469E-001
          5794.26     -3.7561447E-001
          5805.55     -3.8231988E-001
          5816.84     -3.8907864E-001
          5828.12     -3.9588836E-001
          5839.41     -4.0274647E-001
          5850.70     -4.0965025E-001
          5861.99     -4.1659680E-001
          5873.28     -4.2358302E-001
          5884.57     -4.3060566E-001
          5895.86     -4.3766126E-001
          5907.15     -4.4474616E-001
          5918.44     -4.5185649E-001
          5929.73     -4.5898817E-001
          5941.02     -4.6613691E-001
          5952.30     -4.7329818E-001
          5963.59     -4.8046719E-001
          5974.88     -4.8763894E-001
          5986.17     -4.9480816E-001
          5997.46     -5.0196929E-001
          6008.75     -5.0911654E-001
          6020.04     -5.1624381E-001
          6031.33     -5.2334471E-001
          6042.62     -5.3041257E-001
          6053.91     -5.3744035E-001
          6065.20     -5.4442075E-001
          6076.48     -5.5134611E-001
          6087.77     -5.5820840E-001
          6099.06     -5.6499927E-001
          6110.35     -5.7170999E-001
          6121.64     -5.7833143E-001
          6132.93     -5.8485409E-001
          6144.22     -5.9126805E-001
          6155.51     -5.9756297E-001
          6166.80     -6.0372808E-001
          6178.09     -6.0975217E-001
          6189.38     -6.1562355E-001
          6200.66     -6.2133006E-001
          6211.95     -6.2685907E-001
          6223.24     -6.3219741E-001
          6234.53     -6.3733141E-001
          6245.82     -6.4224685E-001
          6257.11     -6.4692896E-001
          6268.40     -6.5136239E-001
          6279.69     -6.5553120E-001
          6290.98     -6.5941885E-001
          6302.27     -6.6300817E-001
          6313.55     -6.6628134E-001
          6324.84     -6.6921986E-001
          6336.13     -6.7180458E-001
          6347.42     -6.7401561E-001
          6358.71     -6.7583235E-001
          6370.00     -6.7723343E-001
