          3480.00      0.0000000E+000
          3491.29      1.0282337E+004
          3502.58      2.0579466E+004
          3513.87      3.0891665E+004
          3525.16      4.1219179E+004
          3536.45      5.1562280E+004
          3547.73      6.1921235E+004
          3559.02      7.2296280E+004
          3570.31      8.2687674E+004
          3581.60      9.3095662E+004
          3592.89      1.0352048E+005
          3604.18      1.1396238E+005
          3615.47      1.2442155E+005
          3626.76      1.3489824E+005
          3638.05      1.4539266E+005
          3649.34      1.5590500E+005
          3660.62      1.6643546E+005
          3671.91      1.7698424E+005
          3683.20      1.8755150E+005
          3694.49      1.9813742E+005
          3705.78      2.0874216E+005
          3717.07      2.1936585E+005
          3728.36      2.3000866E+005
          3739.65      2.4067069E+005
          3750.94      2.5135206E+005
          3762.23      2.6205288E+005
          3773.52      2.7277324E+005
          3784.80      2.8351323E+005
          3796.09      2.9427289E+005
          3807.38      3.0505229E+005
          3818.67      3.1585148E+005
          3829.96      3.2667047E+005
          3841.25      3.3750927E+005
          3852.54      3.4836789E+005
          3863.83      3.5924631E+005
          3875.12      3.7014451E+005
          3886.41      3.8106242E+005
          3897.70      3.9199999E+005
          3908.98      4.0295715E+005
          3920.27      4.1393378E+005
          3931.56      4.2492979E+005
          3942.85      4.3594505E+005
          3954.14      4.4697942E+005
          3965.43      4.5803273E+005
          3976.72      4.6910479E+005
          3988.01      4.8019542E+005
          3999.30      4.9130441E+005
          4010.59      5.0243150E+005
          4021.88      5.1357644E+005
          4033.16      5.2473898E+005
          4044.45      5.3591880E+005
          4055.74      5.4711562E+005
          4067.03      5.5832908E+005
          4078.32      5.6955884E+005
          4089.61      5.8080453E+005
          4100.90      5.9206574E+005
          4112.19      6.0334206E+005
          4123.48      6.1463307E+005
          4134.77      6.2593829E+005
          4146.05      6.3725726E+005
          4157.34      6.4858945E+005
          4168.63      6.5993435E+005
          4179.92      6.7129142E+005
          4191.21      6.8266007E+005
          4202.50      6.9403970E+005
          4213.79      7.0542970E+005
          4225.08      7.1682942E+005
          4236.37      7.2823820E+005
          4247.66      7.3965533E+005
          4258.95      7.5108010E+005
          4270.23      7.6251176E+005
          4281.52      7.7394953E+005
          4292.81      7.8539262E+005
          4304.10      7.9684021E+005
          4315.39      8.0829143E+005
          4326.68      8.1974542E+005
          4337.97      8.3120126E+005
          4349.26      8.4265801E+005
          4360.55      8.5411472E+005
          4371.84      8.6557039E+005
          4383.12      8.7702398E+005
          4394.41      8.8847447E+005
          4405.70      8.9992075E+005
          4416.99      9.1136174E+005
          4428.28      9.2279626E+005
          4439.57      9.3422316E+005
          4450.86      9.4564123E+005
          4462.15      9.5704923E+005
          4473.44      9.6844588E+005
          4484.73      9.7982990E+005
          4496.02      9.9119994E+005
          4507.30      1.0025547E+006
          4518.59      1.0138926E+006
          4529.88      1.0252124E+006
          4541.17      1.0365125E+006
          4552.46      1.0477915E+006
          4563.75      1.0590478E+006
          4575.04      1.0702798E+006
          4586.33      1.0814859E+006
          4597.62      1.0926644E+006
          4608.91      1.1038138E+006
          4620.20      1.1149322E+006
          4631.48      1.1260179E+006
          4642.77      1.1370691E+006
          4654.06      1.1480839E+006
          4665.35      1.1590605E+006
          4676.64      1.1699970E+006
          4687.93      1.1808914E+006
          4699.22      1.1917416E+006
          4710.51      1.2025457E+006
          4721.80      1.2133016E+006
          4733.09      1.2240072E+006
          4744.38      1.2346602E+006
          4755.66      1.2452585E+006
          4766.95      1.2557998E+006
          4778.24      1.2662819E+006
          4789.53      1.2767023E+006
          4800.82      1.2870588E+006
          4812.11      1.2973488E+006
          4823.40      1.3075699E+006
          4834.69      1.3177196E+006
          4845.98      1.3277952E+006
          4857.27      1.3377943E+006
          4868.55      1.3477141E+006
          4879.84      1.3575518E+006
          4891.13      1.3673048E+006
          4902.42      1.3769702E+006
          4913.71      1.3865452E+006
          4925.00      1.3960268E+006
          4936.29      1.4054121E+006
          4947.58      1.4146981E+006
          4958.87      1.4238817E+006
          4970.16      1.4329597E+006
          4981.45      1.4419290E+006
          4992.73      1.4507864E+006
          5004.02      1.4595285E+006
          5015.31      1.4681521E+006
          5026.60      1.4766537E+006
          5037.89      1.4850300E+006
          5049.18      1.4932773E+006
          5060.47      1.5013921E+006
          5071.76      1.5093708E+006
          5083.05      1.5172097E+006
          5094.34      1.5249051E+006
          5105.62      1.5324531E+006
          5116.91      1.5398499E+006
          5128.20      1.5470916E+006
          5139.49      1.5541742E+006
          5150.78      1.5610936E+006
          5162.07      1.5678457E+006
          5173.36      1.5744264E+006
          5184.65      1.5808314E+006
          5195.94      1.5870564E+006
          5207.23      1.5930970E+006
          5218.52      1.5989488E+006
          5229.80      1.6046072E+006
          5241.09      1.6100678E+006
          5252.38      1.6153258E+006
          5263.67      1.6203766E+006
          5274.96      1.6252154E+006
          5286.25      1.6298372E+006
          5297.54      1.6342373E+006
          5308.83      1.6384106E+006
          5320.12      1.6423520E+006
          5331.41      1.6460564E+006
          5342.70      1.6495185E+006
          5353.98      1.6527332E+006
          5365.27      1.6556949E+006
          5376.56      1.6583983E+006
          5387.85      1.6608379E+006
          5399.14      1.6630081E+006
          5410.43      1.6649031E+006
          5421.72      1.6665172E+006
          5433.01      1.6678446E+006
          5444.30      1.6688794E+006
          5455.59      1.6696155E+006
          5466.88      1.6700469E+006
          5478.16      1.6701675E+006
          5489.45      1.6699709E+006
          5500.74      1.6694508E+006
          5512.03      1.6686009E+006
          5523.32      1.6674146E+006
          5534.61      1.6658852E+006
          5545.90      1.6640062E+006
          5557.19      1.6617708E+006
          5568.48      1.6591721E+006
          5579.77      1.6562031E+006
          5591.05      1.6528568E+006
          5602.34      1.6491260E+006
          5613.63      1.6450036E+006
          5624.92      1.6404822E+006
          5636.21      1.6355544E+006
          5647.50      1.6302127E+006
          5658.79      1.6244494E+006
          5670.08      1.6182569E+006
          5681.37      1.6116273E+006
          5692.66      1.6045527E+006
          5703.95      1.5970252E+006
          5715.23      1.5890366E+006
          5726.52      1.5805787E+006
          5737.81      1.5716432E+006
          5749.10      1.5622217E+006
          5760.39      1.5523056E+006
          5771.68      1.5418863E+006
          5782.97      1.5309551E+006
          5794.26      1.5195031E+006
          5805.55      1.5075214E+006
          5816.84      1.4950009E+006
          5828.12      1.4819325E+006
          5839.41      1.4683068E+006
          5850.70      1.4541144E+006
          5861.99      1.4393459E+006
          5873.28      1.4239916E+006
          5884.57      1.4080418E+006
          5895.86      1.3914865E+006
          5907.15      1.3743159E+006
          5918.44      1.3565198E+006
          5929.73      1.3380880E+006
          5941.02      1.3190101E+006
          5952.30      1.2992758E+006
          5963.59      1.2788743E+006
          5974.88      1.2577951E+006
          5986.17      1.2360273E+006
          5997.46      1.2135599E+006
          6008.75      1.1903818E+006
          6020.04      1.1664818E+006
          6031.33      1.1418485E+006
          6042.62      1.1164706E+006
          6053.91      1.0903363E+006
          6065.20      1.0634340E+006
          6076.48      1.0357517E+006
          6087.77      1.0072775E+006
          6099.06      9.7799922E+005
          6110.35      9.4790453E+005
          6121.64      9.1698104E+005
          6132.93      8.8521615E+005
          6144.22      8.5259722E+005
          6155.51      8.1911137E+005
          6166.80      7.8474559E+005
          6178.09      7.4948679E+005
          6189.38      7.1332167E+005
          6200.66      6.7623681E+005
          6211.95      6.3821862E+005
          6223.24      5.9925335E+005
          6234.53      5.5932719E+005
          6245.82      5.1842609E+005
          6257.11      4.7653582E+005
          6268.40      4.3364212E+005
          6279.69      3.8973048E+005
          6290.98      3.4478624E+005
          6302.27      2.9879460E+005
          6313.55      2.5174056E+005
          6324.84      2.0360907E+005
          6336.13      1.5438480E+005
          6347.42      1.0405227E+005
          6358.71      5.2595942E+004
          6370.00     -2.1742321E-061
