          3480.00      4.5908210E-035
          3491.29     -2.7246675E-007
          3502.58     -5.4575571E-007
          3513.87     -8.2004365E-007
          3525.16     -1.0955052E-006
          3536.45     -1.3723144E-006
          3547.73     -1.6506443E-006
          3559.02     -1.9306659E-006
          3570.31     -2.2125502E-006
          3581.60     -2.4964669E-006
          3592.89     -2.7825853E-006
          3604.18     -3.0710657E-006
          3615.47     -3.3620580E-006
          3626.76     -3.6557238E-006
          3638.05     -3.9522245E-006
          3649.34     -4.2517204E-006
          3660.62     -4.5543723E-006
          3671.91     -4.8603407E-006
          3683.20     -5.1697857E-006
          3694.49     -5.4828682E-006
          3705.78     -5.7997477E-006
          3717.07     -6.1205852E-006
          3728.36     -6.4455416E-006
          3739.65     -6.7747770E-006
          3750.94     -7.1084531E-006
          3762.23     -7.4467312E-006
          3773.52     -7.7897732E-006
          3784.80     -8.1377417E-006
          3796.09     -8.4907997E-006
          3807.38     -8.8491198E-006
          3818.67     -9.2128672E-006
          3829.96     -9.5822071E-006
          3841.25     -9.9573060E-006
          3852.54     -1.0338331E-005
          3863.83     -1.0725449E-005
          3875.12     -1.1118830E-005
          3886.41     -1.1518642E-005
          3897.70     -1.1925056E-005
          3908.98     -1.2338243E-005
          3920.27     -1.2758375E-005
          3931.56     -1.3185623E-005
          3942.85     -1.3620164E-005
          3954.14     -1.4062181E-005
          3965.43     -1.4511857E-005
          3976.72     -1.4969367E-005
          3988.01     -1.5434892E-005
          3999.30     -1.5908613E-005
          4010.59     -1.6390710E-005
          4021.88     -1.6881365E-005
          4033.16     -1.7380764E-005
          4044.45     -1.7889091E-005
          4055.74     -1.8406532E-005
          4067.03     -1.8933275E-005
          4078.32     -1.9469507E-005
          4089.61     -2.0015420E-005
          4100.90     -2.0571203E-005
          4112.19     -2.1137050E-005
          4123.48     -2.1713155E-005
          4134.77     -2.2299712E-005
          4146.05     -2.2896917E-005
          4157.34     -2.3504967E-005
          4168.63     -2.4124061E-005
          4179.92     -2.4754399E-005
          4191.21     -2.5396180E-005
          4202.50     -2.6049608E-005
          4213.79     -2.6714885E-005
          4225.08     -2.7392217E-005
          4236.37     -2.8081808E-005
          4247.66     -2.8783865E-005
          4258.95     -2.9498593E-005
          4270.23     -3.0226202E-005
          4281.52     -3.0966899E-005
          4292.81     -3.1720898E-005
          4304.10     -3.2488410E-005
          4315.39     -3.3269647E-005
          4326.68     -3.4064826E-005
          4337.97     -3.4874158E-005
          4349.26     -3.5697862E-005
          4360.55     -3.6536154E-005
          4371.84     -3.7389305E-005
          4383.12     -3.8257482E-005
          4394.41     -3.9140902E-005
          4405.70     -4.0039781E-005
          4416.99     -4.0954340E-005
          4428.28     -4.1884797E-005
          4439.57     -4.2831374E-005
          4450.86     -4.3794296E-005
          4462.15     -4.4773782E-005
          4473.44     -4.5770056E-005
          4484.73     -4.6783341E-005
          4496.02     -4.7813861E-005
          4507.30     -4.8861840E-005
          4518.59     -4.9927501E-005
          4529.88     -5.1011067E-005
          4541.17     -5.2112765E-005
          4552.46     -5.3232819E-005
          4563.75     -5.4371454E-005
          4575.04     -5.5528894E-005
          4586.33     -5.6705364E-005
          4597.62     -5.7901086E-005
          4608.91     -5.9116281E-005
          4620.20     -6.0351171E-005
          4631.48     -6.1605981E-005
          4642.77     -6.2880926E-005
          4654.06     -6.4176228E-005
          4665.35     -6.5492105E-005
          4676.64     -6.6828776E-005
          4687.93     -6.8186456E-005
          4699.22     -6.9565357E-005
          4710.51     -7.0965693E-005
          4721.80     -7.2387676E-005
          4733.09     -7.3831515E-005
          4744.38     -7.5297418E-005
          4755.66     -7.6785591E-005
          4766.95     -7.8296237E-005
          4778.24     -7.9829559E-005
          4789.53     -8.1385753E-005
          4800.82     -8.2965017E-005
          4812.11     -8.4567545E-005
          4823.40     -8.6193526E-005
          4834.69     -8.7843148E-005
          4845.98     -8.9516593E-005
          4857.27     -9.1214032E-005
          4868.55     -9.2935640E-005
          4879.84     -9.4681588E-005
          4891.13     -9.6452044E-005
          4902.42     -9.8247176E-005
          4913.71     -1.0006714E-004
          4925.00     -1.0191209E-004
          4936.29     -1.0378218E-004
          4947.58     -1.0567755E-004
          4958.87     -1.0759835E-004
          4970.16     -1.0954471E-004
          4981.45     -1.1151675E-004
          4992.73     -1.1351460E-004
          5004.02     -1.1553835E-004
          5015.31     -1.1758811E-004
          5026.60     -1.1966399E-004
          5037.89     -1.2176607E-004
          5049.18     -1.2389445E-004
          5060.47     -1.2604919E-004
          5071.76     -1.2823039E-004
          5083.05     -1.3043809E-004
          5094.34     -1.3267236E-004
          5105.62     -1.3493324E-004
          5116.91     -1.3722077E-004
          5128.20     -1.3953497E-004
          5139.49     -1.4187588E-004
          5150.78     -1.4424347E-004
          5162.07     -1.4663774E-004
          5173.36     -1.4905866E-004
          5184.65     -1.5150622E-004
          5195.94     -1.5398038E-004
          5207.23     -1.5648110E-004
          5218.52     -1.5900830E-004
          5229.80     -1.6156192E-004
          5241.09     -1.6414187E-004
          5252.38     -1.6674806E-004
          5263.67     -1.6938037E-004
          5274.96     -1.7203867E-004
          5286.25     -1.7472282E-004
          5297.54     -1.7743266E-004
          5308.83     -1.8016799E-004
          5320.12     -1.8292863E-004
          5331.41     -1.8571436E-004
          5342.70     -1.8852497E-004
          5353.98     -1.9136022E-004
          5365.27     -1.9421984E-004
          5376.56     -1.9710359E-004
          5387.85     -2.0001114E-004
          5399.14     -2.0294217E-004
          5410.43     -2.0589636E-004
          5421.72     -2.0887334E-004
          5433.01     -2.1187275E-004
          5444.30     -2.1489419E-004
          5455.59     -2.1793718E-004
          5466.88     -2.2100126E-004
          5478.16     -2.2408597E-004
          5489.45     -2.2719083E-004
          5500.74     -2.3031531E-004
          5512.03     -2.3345889E-004
          5523.32     -2.3662098E-004
          5534.61     -2.3980102E-004
          5545.90     -2.4299836E-004
          5557.19     -2.4621238E-004
          5568.48     -2.4944239E-004
          5579.77     -2.5268659E-004
          5591.05     -2.5594404E-004
          5602.34     -2.5921392E-004
          5613.63     -2.6249540E-004
          5624.92     -2.6578763E-004
          5636.21     -2.6908970E-004
          5647.50     -2.7240069E-004
          5658.79     -2.7571965E-004
          5670.08     -2.7904552E-004
          5681.37     -2.8236880E-004
          5692.66     -2.8568816E-004
          5703.95     -2.8900224E-004
          5715.23     -2.9230970E-004
          5726.52     -2.9560912E-004
          5737.81     -2.9889909E-004
          5749.10     -3.0217818E-004
          5760.39     -3.0544492E-004
          5771.68     -3.0869784E-004
          5782.97     -3.1193622E-004
          5794.26     -3.1516717E-004
          5805.55     -3.1838940E-004
          5816.84     -3.2160158E-004
          5828.12     -3.2480234E-004
          5839.41     -3.2799027E-004
          5850.70     -3.3116390E-004
          5861.99     -3.3432173E-004
          5873.28     -3.3746223E-004
          5884.57     -3.4058380E-004
          5895.86     -3.4368482E-004
          5907.15     -3.4676355E-004
          5918.44     -3.4981441E-004
          5929.73     -3.5283552E-004
          5941.02     -3.5582499E-004
          5952.30     -3.5878088E-004
          5963.59     -3.6170119E-004
          5974.88     -3.6458313E-004
          5986.17     -3.6742361E-004
          5997.46     -3.7022048E-004
          6008.75     -3.7297154E-004
          6020.04     -3.7567461E-004
          6031.33     -3.7833267E-004
          6042.62     -3.8094352E-004
          6053.91     -3.8350492E-004
          6065.20     -3.8601456E-004
          6076.48     -3.8847188E-004
          6087.77     -3.9087585E-004
          6099.06     -3.9322404E-004
          6110.35     -3.9551397E-004
          6121.64     -3.9774209E-004
          6132.93     -3.9989987E-004
          6144.22     -4.0198450E-004
          6155.51     -4.0399559E-004
          6166.80     -4.0593045E-004
          6178.09     -4.0779175E-004
          6189.38     -4.0957884E-004
          6200.66     -4.1128873E-004
          6211.95     -4.1291838E-004
          6223.24     -4.1446464E-004
          6234.53     -4.1592421E-004
          6245.82     -4.1729380E-004
          6257.11     -4.1856996E-004
          6268.40     -4.1974918E-004
          6279.69     -4.2082836E-004
          6290.98     -4.2180387E-004
          6302.27     -4.2267183E-004
          6313.55     -4.2342826E-004
          6324.84     -4.2406924E-004
          6336.13     -4.2459076E-004
          6347.42     -4.2498832E-004
          6358.71     -4.2525731E-004
          6370.00     -4.2539253E-004
