          3480.00      3.9573641E-027
          3491.29      1.3035260E+004
          3502.58      2.6088052E+004
          3513.87      3.9157514E+004
          3525.16      5.2242761E+004
          3536.45      6.5342951E+004
          3547.73      7.8457250E+004
          3559.02      9.1584795E+004
          3570.31      1.0472477E+005
          3581.60      1.1787634E+005
          3592.89      1.3103869E+005
          3604.18      1.4421102E+005
          3615.47      1.5739248E+005
          3626.76      1.7058230E+005
          3638.05      1.8377966E+005
          3649.34      1.9698375E+005
          3660.62      2.1019378E+005
          3671.91      2.2340894E+005
          3683.20      2.3662844E+005
          3694.49      2.4985150E+005
          3705.78      2.6307729E+005
          3717.07      2.7630502E+005
          3728.36      2.8953391E+005
          3739.65      3.0276313E+005
          3750.94      3.1599189E+005
          3762.23      3.2921939E+005
          3773.52      3.4244482E+005
          3784.80      3.5566737E+005
          3796.09      3.6888621E+005
          3807.38      3.8210054E+005
          3818.67      3.9530954E+005
          3829.96      4.0851235E+005
          3841.25      4.2170817E+005
          3852.54      4.3489614E+005
          3863.83      4.4807543E+005
          3875.12      4.6124520E+005
          3886.41      4.7440457E+005
          3897.70      4.8755268E+005
          3908.98      5.0068868E+005
          3920.27      5.1381166E+005
          3931.56      5.2692076E+005
          3942.85      5.4001507E+005
          3954.14      5.5309370E+005
          3965.43      5.6615575E+005
          3976.72      5.7920027E+005
          3988.01      5.9222635E+005
          3999.30      6.0523306E+005
          4010.59      6.1821944E+005
          4021.88      6.3118453E+005
          4033.16      6.4412736E+005
          4044.45      6.5704697E+005
          4055.74      6.6994237E+005
          4067.03      6.8281255E+005
          4078.32      6.9565649E+005
          4089.61      7.0847320E+005
          4100.90      7.2126160E+005
          4112.19      7.3402069E+005
          4123.48      7.4674938E+005
          4134.77      7.5944662E+005
          4146.05      7.7211132E+005
          4157.34      7.8474239E+005
          4168.63      7.9733871E+005
          4179.92      8.0989918E+005
          4191.21      8.2242264E+005
          4202.50      8.3490796E+005
          4213.79      8.4735398E+005
          4225.08      8.5975951E+005
          4236.37      8.7212338E+005
          4247.66      8.8444436E+005
          4258.95      8.9672125E+005
          4270.23      9.0895283E+005
          4281.52      9.2113782E+005
          4292.81      9.3327498E+005
          4304.10      9.4536302E+005
          4315.39      9.5740065E+005
          4326.68      9.6938658E+005
          4337.97      9.8131945E+005
          4349.26      9.9319794E+005
          4360.55      1.0050207E+006
          4371.84      1.0167863E+006
          4383.12      1.0284935E+006
          4394.41      1.0401407E+006
          4405.70      1.0517266E+006
          4416.99      1.0632498E+006
          4428.28      1.0747087E+006
          4439.57      1.0861019E+006
          4450.86      1.0974279E+006
          4462.15      1.1086852E+006
          4473.44      1.1198723E+006
          4484.73      1.1309876E+006
          4496.02      1.1420296E+006
          4507.30      1.1529967E+006
          4518.59      1.1638873E+006
          4529.88      1.1746997E+006
          4541.17      1.1854324E+006
          4552.46      1.1960836E+006
          4563.75      1.2066518E+006
          4575.04      1.2171352E+006
          4586.33      1.2275320E+006
          4597.62      1.2378407E+006
          4608.91      1.2480594E+006
          4620.20      1.2581863E+006
          4631.48      1.2682197E+006
          4642.77      1.2781577E+006
          4654.06      1.2879986E+006
          4665.35      1.2977405E+006
          4676.64      1.3073814E+006
          4687.93      1.3169196E+006
          4699.22      1.3263530E+006
          4710.51      1.3356798E+006
          4721.80      1.3448981E+006
          4733.09      1.3540058E+006
          4744.38      1.3630009E+006
          4755.66      1.3718815E+006
          4766.95      1.3806454E+006
          4778.24      1.3892907E+006
          4789.53      1.3978152E+006
          4800.82      1.4062169E+006
          4812.11      1.4144936E+006
          4823.40      1.4226432E+006
          4834.69      1.4306635E+006
          4845.98      1.4385523E+006
          4857.27      1.4463074E+006
          4868.55      1.4539266E+006
          4879.84      1.4614076E+006
          4891.13      1.4687481E+006
          4902.42      1.4759458E+006
          4913.71      1.4829984E+006
          4925.00      1.4899035E+006
          4936.29      1.4966588E+006
          4947.58      1.5032619E+006
          4958.87      1.5097103E+006
          4970.16      1.5160016E+006
          4981.45      1.5221333E+006
          4992.73      1.5281029E+006
          5004.02      1.5339079E+006
          5015.31      1.5395458E+006
          5026.60      1.5450140E+006
          5037.89      1.5503099E+006
          5049.18      1.5554308E+006
          5060.47      1.5603742E+006
          5071.76      1.5651374E+006
          5083.05      1.5697177E+006
          5094.34      1.5741123E+006
          5105.62      1.5783185E+006
          5116.91      1.5823336E+006
          5128.20      1.5861548E+006
          5139.49      1.5897791E+006
          5150.78      1.5932039E+006
          5162.07      1.5964262E+006
          5173.36      1.5994431E+006
          5184.65      1.6022516E+006
          5195.94      1.6048489E+006
          5207.23      1.6072320E+006
          5218.52      1.6093978E+006
          5229.80      1.6113434E+006
          5241.09      1.6130656E+006
          5252.38      1.6145614E+006
          5263.67      1.6158276E+006
          5274.96      1.6168612E+006
          5286.25      1.6176589E+006
          5297.54      1.6182176E+006
          5308.83      1.6185340E+006
          5320.12      1.6186049E+006
          5331.41      1.6184269E+006
          5342.70      1.6179969E+006
          5353.98      1.6173114E+006
          5365.27      1.6163671E+006
          5376.56      1.6151606E+006
          5387.85      1.6136884E+006
          5399.14      1.6119472E+006
          5410.43      1.6099334E+006
          5421.72      1.6076436E+006
          5433.01      1.6050741E+006
          5444.30      1.6022214E+006
          5455.59      1.5990819E+006
          5466.88      1.5956521E+006
          5478.16      1.5919281E+006
          5489.45      1.5879064E+006
          5500.74      1.5835833E+006
          5512.03      1.5789549E+006
          5523.32      1.5740174E+006
          5534.61      1.5687672E+006
          5545.90      1.5632003E+006
          5557.19      1.5573129E+006
          5568.48      1.5511011E+006
          5579.77      1.5445609E+006
          5591.05      1.5376883E+006
          5602.34      1.5304795E+006
          5613.63      1.5229303E+006
          5624.92      1.5150366E+006
          5636.21      1.5067945E+006
          5647.50      1.4981997E+006
          5658.79      1.4892482E+006
          5670.08      1.4799357E+006
          5681.37      1.4702580E+006
          5692.66      1.4602108E+006
          5703.95      1.4497899E+006
          5715.23      1.4389910E+006
          5726.52      1.4278097E+006
          5737.81      1.4162416E+006
          5749.10      1.4042823E+006
          5760.39      1.3919273E+006
          5771.68      1.3791722E+006
          5782.97      1.3660125E+006
          5794.26      1.3524436E+006
          5805.55      1.3384608E+006
          5816.84      1.3240597E+006
          5828.12      1.3092355E+006
          5839.41      1.2939836E+006
          5850.70      1.2782991E+006
          5861.99      1.2621775E+006
          5873.28      1.2456138E+006
          5884.57      1.2286033E+006
          5895.86      1.2111410E+006
          5907.15      1.1932221E+006
          5918.44      1.1748418E+006
          5929.73      1.1559948E+006
          5941.02      1.1366764E+006
          5952.30      1.1168814E+006
          5963.59      1.0966048E+006
          5974.88      1.0758415E+006
          5986.17      1.0545862E+006
          5997.46      1.0328339E+006
          6008.75      1.0105792E+006
          6020.04      9.8781705E+005
          6031.33      9.6454201E+005
          6042.62      9.4074876E+005
          6053.91      9.1643198E+005
          6065.20      8.9158625E+005
          6076.48      8.6620608E+005
          6087.77      8.4028605E+005
          6099.06      8.1382061E+005
          6110.35      7.8680421E+005
          6121.64      7.5923126E+005
          6132.93      7.3109608E+005
          6144.22      7.0239307E+005
          6155.51      6.7311648E+005
          6166.80      6.4326054E+005
          6178.09      6.1281952E+005
          6189.38      5.8178755E+005
          6200.66      5.5015879E+005
          6211.95      5.1792731E+005
          6223.24      4.8508714E+005
          6234.53      4.5163237E+005
          6245.82      4.1755693E+005
          6257.11      3.8285473E+005
          6268.40      3.4751973E+005
          6279.69      3.1154576E+005
          6290.98      2.7492662E+005
          6302.27      2.3765610E+005
          6313.55      1.9972789E+005
          6324.84      1.6113575E+005
          6336.13      1.2187331E+005
          6347.42      8.1934131E+004
          6358.71      4.1311865E+004
          6370.00      0.0000000E+000
