          3480.00      2.9967465E-024
          3491.29      1.1391906E+002
          3502.58      2.2818690E+002
          3513.87      3.4299012E+002
          3525.16      4.5851373E+002
          3536.45      5.7494205E+002
          3547.73      6.9245874E+002
          3559.02      8.1124672E+002
          3570.31      9.3148907E+002
          3581.60      1.0533689E+003
          3592.89      1.1770698E+003
          3604.18      1.3027760E+003
          3615.47      1.4306722E+003
          3626.76      1.5609449E+003
          3638.05      1.6937816E+003
          3649.34      1.8293714E+003
          3660.62      1.9679052E+003
          3671.91      2.1095762E+003
          3683.20      2.2545797E+003
          3694.49      2.4031137E+003
          3705.78      2.5553784E+003
          3717.07      2.7115776E+003
          3728.36      2.8719179E+003
          3739.65      3.0366092E+003
          3750.94      3.2058650E+003
          3762.23      3.3799028E+003
          3773.52      3.5589438E+003
          3784.80      3.7432136E+003
          3796.09      3.9329418E+003
          3807.38      4.1283629E+003
          3818.67      4.3297164E+003
          3829.96      4.5372460E+003
          3841.25      4.7512013E+003
          3852.54      4.9718369E+003
          3863.83      5.1994133E+003
          3875.12      5.4341966E+003
          3886.41      5.6764584E+003
          3897.70      5.9264772E+003
          3908.98      6.1845377E+003
          3920.27      6.4509306E+003
          3931.56      6.7259540E+003
          3942.85      7.0099126E+003
          3954.14      7.3031185E+003
          3965.43      7.6058913E+003
          3976.72      7.9185572E+003
          3988.01      8.2414511E+003
          3999.30      8.5749158E+003
          4010.59      8.9193016E+003
          4021.88      9.2749676E+003
          4033.16      9.6422814E+003
          4044.45      1.0021619E+004
          4055.74      1.0413367E+004
          4067.03      1.0817918E+004
          4078.32      1.1235677E+004
          4089.61      1.1667056E+004
          4100.90      1.2112479E+004
          4112.19      1.2572378E+004
          4123.48      1.3047196E+004
          4134.77      1.3537388E+004
          4146.05      1.4043416E+004
          4157.34      1.4565755E+004
          4168.63      1.5104890E+004
          4179.92      1.5661319E+004
          4191.21      1.6235548E+004
          4202.50      1.6828097E+004
          4213.79      1.7439497E+004
          4225.08      1.8070290E+004
          4236.37      1.8721032E+004
          4247.66      1.9392289E+004
          4258.95      2.0084640E+004
          4270.23      2.0798678E+004
          4281.52      2.1535005E+004
          4292.81      2.2294241E+004
          4304.10      2.3077016E+004
          4315.39      2.3883972E+004
          4326.68      2.4715768E+004
          4337.97      2.5573072E+004
          4349.26      2.6456570E+004
          4360.55      2.7366960E+004
          4371.84      2.8304951E+004
          4383.12      2.9271271E+004
          4394.41      3.0266658E+004
          4405.70      3.1291868E+004
          4416.99      3.2347668E+004
          4428.28      3.3434840E+004
          4439.57      3.4554182E+004
          4450.86      3.5706505E+004
          4462.15      3.6892636E+004
          4473.44      3.8113414E+004
          4484.73      3.9369695E+004
          4496.02      4.0662351E+004
          4507.30      4.1992265E+004
          4518.59      4.3360336E+004
          4529.88      4.4767478E+004
          4541.17      4.6214621E+004
          4552.46      4.7702707E+004
          4563.75      4.9232692E+004
          4575.04      5.0805550E+004
          4586.33      5.2422266E+004
          4597.62      5.4083842E+004
          4608.91      5.5791289E+004
          4620.20      5.7545635E+004
          4631.48      5.9347924E+004
          4642.77      6.1199207E+004
          4654.06      6.3100553E+004
          4665.35      6.5053042E+004
          4676.64      6.7057767E+004
          4687.93      6.9115833E+004
          4699.22      7.1228354E+004
          4710.51      7.3396459E+004
          4721.80      7.5621288E+004
          4733.09      7.7903986E+004
          4744.38      8.0245712E+004
          4755.66      8.2647635E+004
          4766.95      8.5110930E+004
          4778.24      8.7636784E+004
          4789.53      9.0226384E+004
          4800.82      9.2880929E+004
          4812.11      9.5601626E+004
          4823.40      9.8389678E+004
          4834.69      1.0124630E+005
          4845.98      1.0417270E+005
          4857.27      1.0717011E+005
          4868.55      1.1023974E+005
          4879.84      1.1338281E+005
          4891.13      1.1660053E+005
          4902.42      1.1989412E+005
          4913.71      1.2326479E+005
          4925.00      1.2671374E+005
          4936.29      1.3024218E+005
          4947.58      1.3385128E+005
          4958.87      1.3754223E+005
          4970.16      1.4131620E+005
          4981.45      1.4517433E+005
          4992.73      1.4911778E+005
          5004.02      1.5314765E+005
          5015.31      1.5726504E+005
          5026.60      1.6147105E+005
          5037.89      1.6576671E+005
          5049.18      1.7015307E+005
          5060.47      1.7463111E+005
          5071.76      1.7920181E+005
          5083.05      1.8386610E+005
          5094.34      1.8862486E+005
          5105.62      1.9347897E+005
          5116.91      1.9842922E+005
          5128.20      2.0347639E+005
          5139.49      2.0862119E+005
          5150.78      2.1386427E+005
          5162.07      2.1920624E+005
          5173.36      2.2464765E+005
          5184.65      2.3018896E+005
          5195.94      2.3583058E+005
          5207.23      2.4157284E+005
          5218.52      2.4741600E+005
          5229.80      2.5336022E+005
          5241.09      2.5940559E+005
          5252.38      2.6555208E+005
          5263.67      2.7179961E+005
          5274.96      2.7814792E+005
          5286.25      2.8459671E+005
          5297.54      2.9114553E+005
          5308.83      2.9779381E+005
          5320.12      3.0454087E+005
          5331.41      3.1138585E+005
          5342.70      3.1832779E+005
          5353.98      3.2536557E+005
          5365.27      3.3249789E+005
          5376.56      3.3972330E+005
          5387.85      3.4704020E+005
          5399.14      3.5444676E+005
          5410.43      3.6194100E+005
          5421.72      3.6952071E+005
          5433.01      3.7718349E+005
          5444.30      3.8492671E+005
          5455.59      3.9274752E+005
          5466.88      4.0064281E+005
          5478.16      4.0860925E+005
          5489.45      4.1664323E+005
          5500.74      4.2474087E+005
          5512.03      4.3289799E+005
          5523.32      4.4111013E+005
          5534.61      4.4937252E+005
          5545.90      4.5768006E+005
          5557.19      4.6602730E+005
          5568.48      4.7440847E+005
          5579.77      4.8281740E+005
          5591.05      4.9124756E+005
          5602.34      4.9969200E+005
          5613.63      5.0814337E+005
          5624.92      5.1659391E+005
          5636.21      5.2503537E+005
          5647.50      5.3345906E+005
          5658.79      5.4185580E+005
          5670.08      5.5021591E+005
          5681.37      5.5852919E+005
          5692.66      5.6678486E+005
          5703.95      5.7497162E+005
          5715.23      5.8307758E+005
          5726.52      5.9109021E+005
          5737.81      5.9899637E+005
          5749.10      6.0678225E+005
          5760.39      6.1443338E+005
          5771.68      6.2193457E+005
          5782.97      6.2926989E+005
          5794.26      6.3642267E+005
          5805.55      6.4337543E+005
          5816.84      6.5010988E+005
          5828.12      6.5660691E+005
          5839.41      6.6284648E+005
          5850.70      6.6880770E+005
          5861.99      6.7446870E+005
          5873.28      6.7980665E+005
          5884.57      6.8479770E+005
          5895.86      6.8941697E+005
          5907.15      6.9363849E+005
          5918.44      6.9743517E+005
          5929.73      7.0077877E+005
          5941.02      7.0363984E+005
          5952.30      7.0598770E+005
          5963.59      7.0779038E+005
          5974.88      7.0901460E+005
          5986.17      7.0962569E+005
          5997.46      7.0958757E+005
          6008.75      7.0886269E+005
          6020.04      7.0741200E+005
          6031.33      7.0519487E+005
          6042.62      7.0216906E+005
          6053.91      6.9829067E+005
          6065.20      6.9351404E+005
          6076.48      6.8779176E+005
          6087.77      6.8107458E+005
          6099.06      6.7331133E+005
          6110.35      6.6444888E+005
          6121.64      6.5443208E+005
          6132.93      6.4320368E+005
          6144.22      6.3070430E+005
          6155.51      6.1687231E+005
          6166.80      6.0164375E+005
          6178.09      5.8495235E+005
          6189.38      5.6672936E+005
          6200.66      5.4690351E+005
          6211.95      5.2540091E+005
          6223.24      5.0214500E+005
          6234.53      4.7705648E+005
          6245.82      4.5005316E+005
          6257.11      4.2104988E+005
          6268.40      3.8995853E+005
          6279.69      3.5668781E+005
          6290.98      3.2114321E+005
          6302.27      2.8322690E+005
          6313.55      2.4283759E+005
          6324.84      1.9987057E+005
          6336.13      1.5421740E+005
          6347.42      1.0576588E+005
          6358.71      5.4400084E+004
          6370.00      0.0000000E+000
