          3480.00     -6.4073135E-024
          3491.29      6.7163405E+001
          3502.58      1.3455095E+002
          3513.87      2.0229104E+002
          3525.16      2.7051109E+002
          3536.45      3.3933815E+002
          3547.73      4.0889889E+002
          3559.02      4.7931972E+002
          3570.31      5.5072734E+002
          3581.60      6.2324868E+002
          3592.89      6.9701125E+002
          3604.18      7.7214333E+002
          3615.47      8.4877395E+002
          3626.76      9.2703350E+002
          3638.05      1.0070537E+003
          3649.34      1.0889675E+003
          3660.62      1.1729100E+003
          3671.91      1.2590178E+003
          3683.20      1.3474300E+003
          3694.49      1.4382876E+003
          3705.78      1.5317342E+003
          3717.07      1.6279160E+003
          3728.36      1.7269822E+003
          3739.65      1.8290846E+003
          3750.94      1.9343786E+003
          3762.23      2.0430227E+003
          3773.52      2.1551789E+003
          3784.80      2.2710131E+003
          3796.09      2.3906948E+003
          3807.38      2.5143979E+003
          3818.67      2.6423003E+003
          3829.96      2.7745842E+003
          3841.25      2.9114368E+003
          3852.54      3.0530498E+003
          3863.83      3.1996198E+003
          3875.12      3.3513488E+003
          3886.41      3.5084439E+003
          3897.70      3.6711177E+003
          3908.98      3.8395889E+003
          3920.27      4.0140814E+003
          3931.56      4.1948257E+003
          3942.85      4.3820584E+003
          3954.14      4.5760227E+003
          3965.43      4.7769685E+003
          3976.72      4.9851520E+003
          3988.01      5.2008370E+003
          3999.30      5.4242947E+003
          4010.59      5.6558030E+003
          4021.88      5.8956481E+003
          4033.16      6.1441239E+003
          4044.45      6.4015324E+003
          4055.74      6.6681840E+003
          4067.03      6.9443969E+003
          4078.32      7.2304989E+003
          4089.61      7.5268265E+003
          4100.90      7.8337246E+003
          4112.19      8.1515483E+003
          4123.48      8.4806620E+003
          4134.77      8.8214399E+003
          4146.05      9.1742664E+003
          4157.34      9.5395353E+003
          4168.63      9.9176518E+003
          4179.92      1.0309032E+004
          4191.21      1.0714101E+004
          4202.50      1.1133297E+004
          4213.79      1.1567069E+004
          4225.08      1.2015878E+004
          4236.37      1.2480196E+004
          4247.66      1.2960507E+004
          4258.95      1.3457307E+004
          4270.23      1.3971107E+004
          4281.52      1.4502427E+004
          4292.81      1.5051802E+004
          4304.10      1.5619780E+004
          4315.39      1.6206923E+004
          4326.68      1.6813806E+004
          4337.97      1.7441017E+004
          4349.26      1.8089158E+004
          4360.55      1.8758848E+004
          4371.84      1.9450717E+004
          4383.12      2.0165411E+004
          4394.41      2.0903591E+004
          4405.70      2.1665934E+004
          4416.99      2.2453131E+004
          4428.28      2.3265888E+004
          4439.57      2.4104927E+004
          4450.86      2.4970988E+004
          4462.15      2.5864823E+004
          4473.44      2.6787203E+004
          4484.73      2.7738915E+004
          4496.02      2.8720761E+004
          4507.30      2.9733561E+004
          4518.59      3.0778151E+004
          4529.88      3.1855383E+004
          4541.17      3.2966128E+004
          4552.46      3.4111271E+004
          4563.75      3.5291717E+004
          4575.04      3.6508386E+004
          4586.33      3.7762216E+004
          4597.62      3.9054163E+004
          4608.91      4.0385197E+004
          4620.20      4.1756309E+004
          4631.48      4.3168506E+004
          4642.77      4.4622808E+004
          4654.06      4.6120258E+004
          4665.35      4.7661913E+004
          4676.64      4.9248847E+004
          4687.93      5.0882152E+004
          4699.22      5.2562931E+004
          4710.51      5.4292311E+004
          4721.80      5.6071431E+004
          4733.09      5.7901443E+004
          4744.38      5.9783520E+004
          4755.66      6.1718846E+004
          4766.95      6.3708623E+004
          4778.24      6.5754065E+004
          4789.53      6.7856399E+004
          4800.82      7.0016867E+004
          4812.11      7.2236726E+004
          4823.40      7.4517238E+004
          4834.69      7.6859684E+004
          4845.98      7.9265353E+004
          4857.27      8.1735544E+004
          4868.55      8.4271567E+004
          4879.84      8.6874736E+004
          4891.13      8.9546378E+004
          4902.42      9.2287825E+004
          4913.71      9.5100409E+004
          4925.00      9.7985475E+004
          4936.29      1.0094437E+005
          4947.58      1.0397843E+005
          4958.87      1.0708901E+005
          4970.16      1.1027746E+005
          4981.45      1.1354511E+005
          4992.73      1.1689331E+005
          5004.02      1.2032339E+005
          5015.31      1.2383667E+005
          5026.60      1.2743448E+005
          5037.89      1.3111812E+005
          5049.18      1.3488888E+005
          5060.47      1.3874803E+005
          5071.76      1.4269684E+005
          5083.05      1.4673654E+005
          5094.34      1.5086834E+005
          5105.62      1.5509343E+005
          5116.91      1.5941296E+005
          5128.20      1.6382808E+005
          5139.49      1.6833987E+005
          5150.78      1.7294937E+005
          5162.07      1.7765760E+005
          5173.36      1.8246554E+005
          5184.65      1.8737408E+005
          5195.94      1.9238409E+005
          5207.23      1.9749639E+005
          5218.52      2.0271170E+005
          5229.80      2.0803071E+005
          5241.09      2.1345402E+005
          5252.38      2.1898215E+005
          5263.67      2.2461555E+005
          5274.96      2.3035458E+005
          5286.25      2.3619950E+005
          5297.54      2.4215047E+005
          5308.83      2.4820755E+005
          5320.12      2.5437071E+005
          5331.41      2.6063975E+005
          5342.70      2.6701438E+005
          5353.98      2.7349418E+005
          5365.27      2.8007856E+005
          5376.56      2.8676681E+005
          5387.85      2.9355805E+005
          5399.14      3.0045124E+005
          5410.43      3.0744516E+005
          5421.72      3.1453840E+005
          5433.01      3.2172936E+005
          5444.30      3.2901624E+005
          5455.59      3.3639703E+005
          5466.88      3.4386947E+005
          5478.16      3.5143108E+005
          5489.45      3.5907914E+005
          5500.74      3.6681066E+005
          5512.03      3.7462236E+005
          5523.32      3.8251069E+005
          5534.61      3.9047179E+005
          5545.90      3.9850149E+005
          5557.19      4.0659528E+005
          5568.48      4.1474831E+005
          5579.77      4.2295537E+005
          5591.05      4.3121088E+005
          5602.34      4.3950883E+005
          5613.63      4.4784283E+005
          5624.92      4.5620605E+005
          5636.21      4.6459119E+005
          5647.50      4.7299050E+005
          5658.79      4.8139573E+005
          5670.08      4.8979811E+005
          5681.37      4.9818835E+005
          5692.66      5.0655658E+005
          5703.95      5.1489237E+005
          5715.23      5.2318468E+005
          5726.52      5.3142180E+005
          5737.81      5.3959142E+005
          5749.10      5.4768051E+005
          5760.39      5.5567533E+005
          5771.68      5.6356141E+005
          5782.97      5.7132348E+005
          5794.26      5.7894549E+005
          5805.55      5.8641056E+005
          5816.84      5.9370090E+005
          5828.12      6.0079787E+005
          5839.41      6.0768185E+005
          5850.70      6.1433226E+005
          5861.99      6.2072751E+005
          5873.28      6.2684494E+005
          5884.57      6.3266081E+005
          5895.86      6.3815024E+005
          5907.15      6.4328716E+005
          5918.44      6.4804430E+005
          5929.73      6.5239309E+005
          5941.02      6.5630368E+005
          5952.30      6.5974481E+005
          5963.59      6.6268383E+005
          5974.88      6.6508662E+005
          5986.17      6.6691752E+005
          5997.46      6.6813930E+005
          6008.75      6.6871308E+005
          6020.04      6.6859831E+005
          6031.33      6.6775265E+005
          6042.62      6.6613196E+005
          6053.91      6.6369021E+005
          6065.20      6.6037939E+005
          6076.48      6.5614950E+005
          6087.77      6.5094842E+005
          6099.06      6.4472188E+005
          6110.35      6.3741336E+005
          6121.64      6.2896400E+005
          6132.93      6.1931253E+005
          6144.22      6.0839524E+005
          6155.51      5.9614580E+005
          6166.80      5.8249522E+005
          6178.09      5.6737179E+005
          6189.38      5.5070092E+005
          6200.66      5.3240508E+005
          6211.95      5.1240370E+005
          6223.24      4.9061306E+005
          6234.53      4.6694621E+005
          6245.82      4.4131281E+005
          6257.11      4.1361903E+005
          6268.40      3.8376754E+005
          6279.69      3.5165719E+005
          6290.98      3.1718308E+005
          6302.27      2.8023630E+005
          6313.55      2.4070385E+005
          6324.84      1.9846860E+005
          6336.13      1.5340899E+005
          6347.42      1.0539890E+005
          6358.71      5.4307748E+004
          6370.00      3.7658804E-062
