          3480.00      0.0000000E+000
          3491.29      1.0371760E-019
          3502.58      2.0780536E-019
          3513.87      3.1234096E-019
          3525.16      4.1740131E-019
          3536.45      5.2306313E-019
          3547.73      6.2940271E-019
          3559.02      7.3649571E-019
          3570.31      8.4441776E-019
          3581.60      9.5324412E-019
          3592.89      1.0630498E-018
          3604.18      1.1739067E-018
          3615.47      1.2858828E-018
          3626.76      1.3990504E-018
          3638.05      1.5134820E-018
          3649.34      1.6292495E-018
          3660.62      1.7464253E-018
          3671.91      1.8650816E-018
          3683.20      1.9852908E-018
          3694.49      2.1071254E-018
          3705.78      2.2306578E-018
          3717.07      2.3559607E-018
          3728.36      2.4831070E-018
          3739.65      2.6121698E-018
          3750.94      2.7432222E-018
          3762.23      2.8763379E-018
          3773.52      3.0115905E-018
          3784.80      3.1490543E-018
          3796.09      3.2888037E-018
          3807.38      3.4309168E-018
          3818.67      3.5754692E-018
          3829.96      3.7225364E-018
          3841.25      3.8721948E-018
          3852.54      4.0245208E-018
          3863.83      4.1795913E-018
          3875.12      4.3374839E-018
          3886.41      4.4982759E-018
          3897.70      4.6620457E-018
          3908.98      4.8288721E-018
          3920.27      4.9988337E-018
          3931.56      5.1720103E-018
          3942.85      5.3484818E-018
          3954.14      5.5283329E-018
          3965.43      5.7116463E-018
          3976.72      5.8985034E-018
          3988.01      6.0889869E-018
          3999.30      6.2831796E-018
          4010.59      6.4811647E-018
          4021.88      6.6830260E-018
          4033.16      6.8888480E-018
          4044.45      7.0987153E-018
          4055.74      7.3127134E-018
          4067.03      7.5309275E-018
          4078.32      7.7534442E-018
          4089.61      7.9803502E-018
          4100.90      8.2117323E-018
          4112.19      8.4476784E-018
          4123.48      8.6882764E-018
          4134.77      8.9336148E-018
          4146.05      9.1837824E-018
          4157.34      9.4388680E-018
          4168.63      9.6989612E-018
          4179.92      9.9641521E-018
          4191.21      1.0234530E-017
          4202.50      1.0510187E-017
          4213.79      1.0791212E-017
          4225.08      1.1077697E-017
          4236.37      1.1369733E-017
          4247.66      1.1667411E-017
          4258.95      1.1970821E-017
          4270.23      1.2280056E-017
          4281.52      1.2595207E-017
          4292.81      1.2916364E-017
          4304.10      1.3243622E-017
          4315.39      1.3577070E-017
          4326.68      1.3916801E-017
          4337.97      1.4262907E-017
          4349.26      1.4615478E-017
          4360.55      1.4974607E-017
          4371.84      1.5340405E-017
          4383.12      1.5712943E-017
          4394.41      1.6092311E-017
          4405.70      1.6478595E-017
          4416.99      1.6871887E-017
          4428.28      1.7272274E-017
          4439.57      1.7679844E-017
          4450.86      1.8094685E-017
          4462.15      1.8516884E-017
          4473.44      1.8946528E-017
          4484.73      1.9383700E-017
          4496.02      1.9828486E-017
          4507.30      2.0280969E-017
          4518.59      2.0741231E-017
          4529.88      2.1209352E-017
          4541.17      2.1685414E-017
          4552.46      2.2169494E-017
          4563.75      2.2661670E-017
          4575.04      2.3162019E-017
          4586.33      2.3670613E-017
          4597.62      2.4187526E-017
          4608.91      2.4712825E-017
          4620.20      2.5246581E-017
          4631.48      2.5788860E-017
          4642.77      2.6339725E-017
          4654.06      2.6899237E-017
          4665.35      2.7467456E-017
          4676.64      2.8044439E-017
          4687.93      2.8630240E-017
          4699.22      2.9224909E-017
          4710.51      2.9828493E-017
          4721.80      3.0441040E-017
          4733.09      3.1062588E-017
          4744.38      3.1693177E-017
          4755.66      3.2332841E-017
          4766.95      3.2981612E-017
          4778.24      3.3639516E-017
          4789.53      3.4306576E-017
          4800.82      3.4982811E-017
          4812.11      3.5668234E-017
          4823.40      3.6362856E-017
          4834.69      3.7066680E-017
          4845.98      3.7779707E-017
          4857.27      3.8501926E-017
          4868.55      3.9233326E-017
          4879.84      3.9973888E-017
          4891.13      4.0723591E-017
          4902.42      4.1482406E-017
          4913.71      4.2250298E-017
          4925.00      4.3027225E-017
          4936.29      4.3813138E-017
          4947.58      4.4607982E-017
          4958.87      4.5411695E-017
          4970.16      4.6224206E-017
          4981.45      4.7045436E-017
          4992.73      4.7875300E-017
          5004.02      4.8713694E-017
          5015.31      4.9560513E-017
          5026.60      5.0415645E-017
          5037.89      5.1278967E-017
          5049.18      5.2150349E-017
          5060.47      5.3029647E-017
          5071.76      5.3916711E-017
          5083.05      5.4811379E-017
          5094.34      5.5713477E-017
          5105.62      5.6622821E-017
          5116.91      5.7539216E-017
          5128.20      5.8462452E-017
          5139.49      5.9392312E-017
          5150.78      6.0328554E-017
          5162.07      6.1270929E-017
          5173.36      6.2219175E-017
          5184.65      6.3173019E-017
          5195.94      6.4132173E-017
          5207.23      6.5096334E-017
          5218.52      6.6065184E-017
          5229.80      6.7038391E-017
          5241.09      6.8015602E-017
          5252.38      6.8996453E-017
          5263.67      6.9980561E-017
          5274.96      7.0967524E-017
          5286.25      7.1956924E-017
          5297.54      7.2948320E-017
          5308.83      7.3941247E-017
          5320.12      7.4935230E-017
          5331.41      7.5929770E-017
          5342.70      7.6924351E-017
          5353.98      7.7918436E-017
          5365.27      7.8911463E-017
          5376.56      7.9902859E-017
          5387.85      8.0892008E-017
          5399.14      8.1878279E-017
          5410.43      8.2861022E-017
          5421.72      8.3839557E-017
          5433.01      8.4813182E-017
          5444.30      8.5781167E-017
          5455.59      8.6742731E-017
          5466.88      8.7697088E-017
          5478.16      8.8643425E-017
          5489.45      8.9580902E-017
          5500.74      9.0508648E-017
          5512.03      9.1425760E-017
          5523.32      9.2331307E-017
          5534.61      9.3224327E-017
          5545.90      9.4103820E-017
          5557.19      9.4968757E-017
          5568.48      9.5818074E-017
          5579.77      9.6650261E-017
          5591.05      9.7464109E-017
          5602.34      9.8258438E-017
          5613.63      9.9032035E-017
          5624.92      9.9783648E-017
          5636.21      1.0051199E-016
          5647.50      1.0121573E-016
          5658.79      1.0189351E-016
          5670.08      1.0254391E-016
          5681.37      1.0316247E-016
          5692.66      1.0374769E-016
          5703.95      1.0429801E-016
          5715.23      1.0481187E-016
          5726.52      1.0528766E-016
          5737.81      1.0572377E-016
          5749.10      1.0611855E-016
          5760.39      1.0647033E-016
          5771.68      1.0677739E-016
          5782.97      1.0703828E-016
          5794.26      1.0725407E-016
          5805.55      1.0742296E-016
          5816.84      1.0754314E-016
          5828.12      1.0761271E-016
          5839.41      1.0762974E-016
          5850.70      1.0759223E-016
          5861.99      1.0749816E-016
          5873.28      1.0734542E-016
          5884.57      1.0713187E-016
          5895.86      1.0685530E-016
          5907.15      1.0651344E-016
          5918.44      1.0610285E-016
          5929.73      1.0562117E-016
          5941.02      1.0506600E-016
          5952.30      1.0443488E-016
          5963.59      1.0372531E-016
          5974.88      1.0293454E-016
          5986.17      1.0205968E-016
          5997.46      1.0109811E-016
          6008.75      1.0004714E-016
          6020.04      9.8904024E-017
          6031.33      9.7667292E-017
          6042.62      9.6334046E-017
          6053.91      9.4901332E-017
          6065.20      9.3366122E-017
          6076.48      9.1725729E-017
          6087.77      8.9977260E-017
          6099.06      8.8117430E-017
          6110.35      8.6142874E-017
          6121.64      8.4049937E-017
          6132.93      8.1833947E-017
          6144.22      7.9491411E-017
          6155.51      7.7019205E-017
          6166.80      7.4413690E-017
          6178.09      7.1672055E-017
          6189.38      6.8790714E-017
          6200.66      6.5765576E-017
          6211.95      6.2592440E-017
          6223.24      5.9266993E-017
          6234.53      5.5784808E-017
          6245.82      5.2141349E-017
          6257.11      4.8331953E-017
          6268.40      4.4351858E-017
          6279.69      4.0196209E-017
          6290.98      3.5859984E-017
          6302.27      3.1338013E-017
          6313.55      2.6625001E-017
          6324.84      2.1715541E-017
          6336.13      1.6604078E-017
          6347.42      1.1284904E-017
          6358.71      5.7521988E-018
          6370.00      1.9534857E-052
