          3480.00     -2.8580993E-043
          3491.29      3.2568805E-023
          3502.58      6.5419898E-023
          3513.87      9.8742896E-023
          3525.16      1.3272809E-022
          3536.45      1.6756769E-022
          3547.73      2.0345678E-022
          3559.02      2.4059425E-022
          3570.31      2.7918403E-022
          3581.60      3.1943598E-022
          3592.89      3.6156701E-022
          3604.18      4.0580108E-022
          3615.47      4.5236990E-022
          3626.76      5.0151688E-022
          3638.05      5.5349675E-022
          3649.34      6.0857652E-022
          3660.62      6.6703701E-022
          3671.91      7.2917380E-022
          3683.20      7.9529859E-022
          3694.49      8.6574059E-022
          3705.78      9.4084762E-022
          3717.07      1.0209879E-021
          3728.36      1.1065515E-021
          3739.65      1.1979515E-021
          3750.94      1.2956261E-021
          3762.23      1.4000403E-021
          3773.52      1.5116873E-021
          3784.80      1.6310913E-021
          3796.09      1.7588083E-021
          3807.38      1.8954310E-021
          3818.67      2.0415876E-021
          3829.96      2.1979448E-021
          3841.25      2.3652116E-021
          3852.54      2.5441406E-021
          3863.83      2.7355317E-021
          3875.12      2.9402347E-021
          3886.41      3.1591516E-021
          3897.70      3.3932411E-021
          3908.98      3.6435213E-021
          3920.27      3.9110725E-021
          3931.56      4.1970424E-021
          3942.85      4.5026493E-021
          3954.14      4.8291897E-021
          3965.43      5.1780378E-021
          3976.72      5.5506497E-021
          3988.01      5.9485713E-021
          3999.30      6.3734420E-021
          4010.59      6.8269993E-021
          4021.88      7.3110868E-021
          4033.16      7.8276580E-021
          4044.45      8.3787834E-021
          4055.74      8.9666577E-021
          4067.03      9.5936042E-021
          4078.32      1.0262085E-020
          4089.61      1.0974709E-020
          4100.90      1.1734234E-020
          4112.19      1.2543583E-020
          4123.48      1.3405848E-020
          4134.77      1.4324302E-020
          4146.05      1.5302406E-020
          4157.34      1.6343819E-020
          4168.63      1.7452413E-020
          4179.92      1.8632279E-020
          4191.21      1.9887742E-020
          4202.50      2.1223371E-020
          4213.79      2.2643996E-020
          4225.08      2.4154716E-020
          4236.37      2.5760917E-020
          4247.66      2.7468283E-020
          4258.95      2.9282812E-020
          4270.23      3.1210841E-020
          4281.52      3.3259047E-020
          4292.81      3.5434480E-020
          4304.10      3.7744574E-020
          4315.39      4.0197167E-020
          4326.68      4.2800522E-020
          4337.97      4.5563341E-020
          4349.26      4.8494803E-020
          4360.55      5.1604574E-020
          4371.84      5.4902905E-020
          4383.12      5.8400448E-020
          4394.41      6.2108485E-020
          4405.70      6.6038881E-020
          4416.99      7.0204134E-020
          4428.28      7.4617380E-020
          4439.57      7.9292445E-020
          4450.86      8.4243870E-020
          4462.15      8.9486928E-020
          4473.44      9.5037683E-020
          4484.73      1.0091301E-019
          4496.02      1.0713064E-019
          4507.30      1.1370920E-019
          4518.59      1.2066823E-019
          4529.88      1.2802826E-019
          4541.17      1.3581083E-019
          4552.46      1.4403855E-019
          4563.75      1.5273514E-019
          4575.04      1.6192546E-019
          4586.33      1.7163560E-019
          4597.62      1.8189289E-019
          4608.91      1.9272597E-019
          4620.20      2.0416484E-019
          4631.48      2.1624097E-019
          4642.77      2.2898725E-019
          4654.06      2.4243816E-019
          4665.35      2.5662976E-019
          4676.64      2.7159980E-019
          4687.93      2.8738779E-019
          4699.22      3.0403498E-019
          4710.51      3.2158456E-019
          4721.80      3.4008167E-019
          4733.09      3.5957344E-019
          4744.38      3.8010916E-019
          4755.66      4.0174026E-019
          4766.95      4.2452046E-019
          4778.24      4.4850587E-019
          4789.53      4.7375494E-019
          4800.82      5.0032872E-019
          4812.11      5.2829091E-019
          4823.40      5.5770779E-019
          4834.69      5.8864857E-019
          4845.98      6.2118528E-019
          4857.27      6.5539291E-019
          4868.55      6.9134961E-019
          4879.84      7.2913664E-019
          4891.13      7.6883868E-019
          4902.42      8.1054380E-019
          4913.71      8.5434345E-019
          4925.00      9.0033283E-019
          4936.29      9.4861081E-019
          4947.58      9.9928010E-019
          4958.87      1.0524474E-018
          4970.16      1.1082233E-018
          4981.45      1.1667227E-018
          4992.73      1.2280648E-018
          5004.02      1.2923727E-018
          5015.31      1.3597744E-018
          5026.60      1.4304024E-018
          5037.89      1.5043940E-018
          5049.18      1.5818913E-018
          5060.47      1.6630409E-018
          5071.76      1.7479950E-018
          5083.05      1.8369106E-018
          5094.34      1.9299498E-018
          5105.62      2.0272800E-018
          5116.91      2.1290741E-018
          5128.20      2.2355104E-018
          5139.49      2.3467727E-018
          5150.78      2.4630497E-018
          5162.07      2.5845363E-018
          5173.36      2.7114329E-018
          5184.65      2.8439456E-018
          5195.94      2.9822861E-018
          5207.23      3.1266721E-018
          5218.52      3.2773268E-018
          5229.80      3.4344791E-018
          5241.09      3.5983633E-018
          5252.38      3.7692196E-018
          5263.67      3.9472937E-018
          5274.96      4.1328363E-018
          5286.25      4.3261036E-018
          5297.54      4.5273568E-018
          5308.83      4.7368614E-018
          5320.12      4.9548886E-018
          5331.41      5.1817132E-018
          5342.70      5.4176148E-018
          5353.98      5.6628771E-018
          5365.27      5.9177866E-018
          5376.56      6.1826339E-018
          5387.85      6.4577109E-018
          5399.14      6.7433123E-018
          5410.43      7.0397349E-018
          5421.72      7.3472755E-018
          5433.01      7.6662320E-018
          5444.30      7.9969018E-018
          5455.59      8.3395781E-018
          5466.88      8.6945545E-018
          5478.16      9.0621215E-018
          5489.45      9.4425653E-018
          5500.74      9.8361672E-018
          5512.03      1.0243201E-017
          5523.32      1.0663934E-017
          5534.61      1.1098622E-017
          5545.90      1.1547512E-017
          5557.19      1.2010838E-017
          5568.48      1.2488817E-017
          5579.77      1.2981598E-017
          5591.05      1.3489349E-017
          5602.34      1.4012226E-017
          5613.63      1.4550365E-017
          5624.92      1.5103873E-017
          5636.21      1.5672831E-017
          5647.50      1.6257289E-017
          5658.79      1.6857263E-017
          5670.08      1.7472728E-017
          5681.37      1.8103097E-017
          5692.66      1.8748212E-017
          5703.95      1.9407880E-017
          5715.23      2.0081859E-017
          5726.52      2.0769862E-017
          5737.81      2.1471551E-017
          5749.10      2.2186531E-017
          5760.39      2.2914348E-017
          5771.68      2.3654485E-017
          5782.97      2.4406413E-017
          5794.26      2.5170136E-017
          5805.55      2.5944966E-017
          5816.84      2.6730114E-017
          5828.12      2.7524681E-017
          5839.41      2.8327654E-017
          5850.70      2.9137892E-017
          5861.99      2.9954122E-017
          5873.28      3.0774929E-017
          5884.57      3.1598747E-017
          5895.86      3.2423846E-017
          5907.15      3.3248318E-017
          5918.44      3.4069721E-017
          5929.73      3.4885751E-017
          5941.02      3.5693911E-017
          5952.30      3.6491495E-017
          5963.59      3.7275572E-017
          5974.88      3.8042901E-017
          5986.17      3.8789962E-017
          5997.46      3.9513070E-017
          6008.75      4.0208266E-017
          6020.04      4.0871303E-017
          6031.33      4.1498170E-017
          6042.62      4.2083997E-017
          6053.91      4.2623539E-017
          6065.20      4.3111160E-017
          6076.48      4.3540998E-017
          6087.77      4.3906699E-017
          6099.06      4.4201295E-017
          6110.35      4.4417298E-017
          6121.64      4.4546577E-017
          6132.93      4.4579912E-017
          6144.22      4.4508132E-017
          6155.51      4.4321727E-017
          6166.80      4.4010326E-017
          6178.09      4.3563426E-017
          6189.38      4.2969426E-017
          6200.66      4.2215678E-017
          6211.95      4.1288663E-017
          6223.24      4.0173937E-017
          6234.53      3.8856084E-017
          6245.82      3.7318664E-017
          6257.11      3.5544152E-017
          6268.40      3.3513888E-017
          6279.69      3.1208036E-017
          6290.98      2.8605455E-017
          6302.27      2.5683638E-017
          6313.55      2.2418664E-017
          6324.84      1.8785129E-017
          6336.13      1.4756042E-017
          6347.42      1.0302731E-017
          6358.71      5.3947971E-018
          6370.00      0.0000000E+000
