          3480.00      9.1938021E-035
          3491.29     -1.1872350E-007
          3502.58     -2.3785914E-007
          3513.87     -3.5752664E-007
          3525.16     -4.7784460E-007
          3536.45     -5.9893123E-007
          3547.73     -7.2090421E-007
          3559.02     -8.4388041E-007
          3570.31     -9.6797672E-007
          3581.60     -1.0933097E-006
          3592.89     -1.2199956E-006
          3604.18     -1.3481476E-006
          3615.47     -1.4778741E-006
          3626.76     -1.6092892E-006
          3638.05     -1.7425072E-006
          3649.34     -1.8776425E-006
          3660.62     -2.0148100E-006
          3671.91     -2.1541253E-006
          3683.20     -2.2957043E-006
          3694.49     -2.4396638E-006
          3705.78     -2.5861210E-006
          3717.07     -2.7351941E-006
          3728.36     -2.8870024E-006
          3739.65     -3.0416655E-006
          3750.94     -3.1993047E-006
          3762.23     -3.3600419E-006
          3773.52     -3.5240003E-006
          3784.80     -3.6913046E-006
          3796.09     -3.8620804E-006
          3807.38     -4.0364590E-006
          3818.67     -4.2145694E-006
          3829.96     -4.3965417E-006
          3841.25     -4.5825079E-006
          3852.54     -4.7726015E-006
          3863.83     -4.9669576E-006
          3875.12     -5.1657131E-006
          3886.41     -5.3690061E-006
          3897.70     -5.5769771E-006
          3908.98     -5.7897685E-006
          3920.27     -6.0075239E-006
          3931.56     -6.2303894E-006
          3942.85     -6.4585129E-006
          3954.14     -6.6920498E-006
          3965.43     -6.9311543E-006
          3976.72     -7.1759808E-006
          3988.01     -7.4266866E-006
          3999.30     -7.6834313E-006
          4010.59     -7.9463761E-006
          4021.88     -8.2156851E-006
          4033.16     -8.4915249E-006
          4044.45     -8.7740640E-006
          4055.74     -9.0634740E-006
          4067.03     -9.3599280E-006
          4078.32     -9.6636027E-006
          4089.61     -9.9746771E-006
          4100.90     -1.0293332E-005
          4112.19     -1.0619753E-005
          4123.48     -1.0954126E-005
          4134.77     -1.1296640E-005
          4146.05     -1.1647489E-005
          4157.34     -1.2006867E-005
          4168.63     -1.2374971E-005
          4179.92     -1.2752003E-005
          4191.21     -1.3138167E-005
          4202.50     -1.3533667E-005
          4213.79     -1.3938715E-005
          4225.08     -1.4353522E-005
          4236.37     -1.4778304E-005
          4247.66     -1.5213278E-005
          4258.95     -1.5658664E-005
          4270.23     -1.6114686E-005
          4281.52     -1.6581572E-005
          4292.81     -1.7059551E-005
          4304.10     -1.7548857E-005
          4315.39     -1.8049726E-005
          4326.68     -1.8562398E-005
          4337.97     -1.9087115E-005
          4349.26     -1.9624121E-005
          4360.55     -2.0173667E-005
          4371.84     -2.0736034E-005
          4383.12     -2.1311446E-005
          4394.41     -2.1900162E-005
          4405.70     -2.2502440E-005
          4416.99     -2.3118543E-005
          4428.28     -2.3748738E-005
          4439.57     -2.4393294E-005
          4450.86     -2.5052485E-005
          4462.15     -2.5726586E-005
          4473.44     -2.6415875E-005
          4484.73     -2.7120635E-005
          4496.02     -2.7841149E-005
          4507.30     -2.8577707E-005
          4518.59     -2.9330596E-005
          4529.88     -3.0100111E-005
          4541.17     -3.0886548E-005
          4552.46     -3.1690206E-005
          4563.75     -3.2511388E-005
          4575.04     -3.3350398E-005
          4586.33     -3.4207543E-005
          4597.62     -3.5083132E-005
          4608.91     -3.5977476E-005
          4620.20     -3.6890889E-005
          4631.48     -3.7823689E-005
          4642.77     -3.8776192E-005
          4654.06     -3.9748720E-005
          4665.35     -4.0741595E-005
          4676.64     -4.1755144E-005
          4687.93     -4.2789692E-005
          4699.22     -4.3845566E-005
          4710.51     -4.4923097E-005
          4721.80     -4.6022616E-005
          4733.09     -4.7144457E-005
          4744.38     -4.8288952E-005
          4755.66     -4.9456439E-005
          4766.95     -5.0647253E-005
          4778.24     -5.1861733E-005
          4789.53     -5.3100216E-005
          4800.82     -5.4363040E-005
          4812.11     -5.5650547E-005
          4823.40     -5.6963074E-005
          4834.69     -5.8300961E-005
          4845.98     -5.9664548E-005
          4857.27     -6.1054166E-005
          4868.55     -6.2470154E-005
          4879.84     -6.3912848E-005
          4891.13     -6.5382584E-005
          4902.42     -6.6879701E-005
          4913.71     -6.8404531E-005
          4925.00     -6.9957406E-005
          4936.29     -7.1538657E-005
          4947.58     -7.3148615E-005
          4958.87     -7.4787607E-005
          4970.16     -7.6455953E-005
          4981.45     -7.8153976E-005
          4992.73     -7.9881994E-005
          5004.02     -8.1640307E-005
          5015.31     -8.3429221E-005
          5026.60     -8.5249043E-005
          5037.89     -8.7100071E-005
          5049.18     -8.8982604E-005
          5060.47     -9.0896929E-005
          5071.76     -9.2843333E-005
          5083.05     -9.4822096E-005
          5094.34     -9.6833488E-005
          5105.62     -9.8877775E-005
          5116.91     -1.0095522E-004
          5128.20     -1.0306607E-004
          5139.49     -1.0521056E-004
          5150.78     -1.0738893E-004
          5162.07     -1.0960139E-004
          5173.36     -1.1184815E-004
          5184.65     -1.1412941E-004
          5195.94     -1.1644537E-004
          5207.23     -1.1879621E-004
          5218.52     -1.2118211E-004
          5229.80     -1.2360322E-004
          5241.09     -1.2605969E-004
          5252.38     -1.2855165E-004
          5263.67     -1.3107921E-004
          5274.96     -1.3364249E-004
          5286.25     -1.3624157E-004
          5297.54     -1.3887652E-004
          5308.83     -1.4154737E-004
          5320.12     -1.4425417E-004
          5331.41     -1.4699693E-004
          5342.70     -1.4977564E-004
          5353.98     -1.5259030E-004
          5365.27     -1.5544085E-004
          5376.56     -1.5832725E-004
          5387.85     -1.6124941E-004
          5399.14     -1.6420720E-004
          5410.43     -1.6720050E-004
          5421.72     -1.7022915E-004
          5433.01     -1.7329298E-004
          5444.30     -1.7639176E-004
          5455.59     -1.7952522E-004
          5466.88     -1.8269308E-004
          5478.16     -1.8589505E-004
          5489.45     -1.8913079E-004
          5500.74     -1.9239996E-004
          5512.03     -1.9570215E-004
          5523.32     -1.9903694E-004
          5534.61     -2.0240387E-004
          5545.90     -2.0580244E-004
          5557.19     -2.0923211E-004
          5568.48     -2.1269231E-004
          5579.77     -2.1618149E-004
          5591.05     -2.1969880E-004
          5602.34     -2.2324350E-004
          5613.63     -2.2681479E-004
          5624.92     -2.3041185E-004
          5636.21     -2.3403381E-004
          5647.50     -2.3767973E-004
          5658.79     -2.4134866E-004
          5670.08     -2.4503952E-004
          5681.37     -2.4874386E-004
          5692.66     -2.5246024E-004
          5703.95     -2.5618722E-004
          5715.23     -2.5992329E-004
          5726.52     -2.6366692E-004
          5737.81     -2.6741653E-004
          5749.10     -2.7117051E-004
          5760.39     -2.7492720E-004
          5771.68     -2.7868490E-004
          5782.97     -2.8244258E-004
          5794.26     -2.8620620E-004
          5805.55     -2.8997426E-004
          5816.84     -2.9374515E-004
          5828.12     -2.9751721E-004
          5839.41     -3.0128870E-004
          5850.70     -3.0505782E-004
          5861.99     -3.0882269E-004
          5873.28     -3.1258136E-004
          5884.57     -3.1633181E-004
          5895.86     -3.2007192E-004
          5907.15     -3.2379946E-004
          5918.44     -3.2750860E-004
          5929.73     -3.3119687E-004
          5941.02     -3.3486173E-004
          5952.30     -3.3850059E-004
          5963.59     -3.4211074E-004
          5974.88     -3.4568870E-004
          5986.17     -3.4923066E-004
          5997.46     -3.5273365E-004
          6008.75     -3.5619462E-004
          6020.04     -3.5961047E-004
          6031.33     -3.6298297E-004
          6042.62     -3.6630895E-004
          6053.91     -3.6958517E-004
          6065.20     -3.7280826E-004
          6076.48     -3.7597648E-004
          6087.77     -3.7908757E-004
          6099.06     -3.8213792E-004
          6110.35     -3.8512378E-004
          6121.64     -3.8804031E-004
          6132.93     -3.9087783E-004
          6144.22     -3.9363206E-004
          6155.51     -3.9630097E-004
          6166.80     -3.9888033E-004
          6178.09     -4.0137099E-004
          6189.38     -4.0377054E-004
          6200.66     -4.0607425E-004
          6211.95     -4.0827725E-004
          6223.24     -4.1037448E-004
          6234.53     -4.1236065E-004
          6245.82     -4.1423038E-004
          6257.11     -4.1597803E-004
          6268.40     -4.1759785E-004
          6279.69     -4.1908435E-004
          6290.98     -4.2043146E-004
          6302.27     -4.2163272E-004
          6313.55     -4.2268150E-004
          6324.84     -4.2357112E-004
          6336.13     -4.2429467E-004
          6347.42     -4.2484469E-004
          6358.71     -4.2521343E-004
          6370.00     -4.2539253E-004
