          3480.00      1.4312213E-033
          3491.29     -1.9126221E-008
          3502.58     -3.8339560E-008
          3513.87     -5.7677862E-008
          3525.16     -7.7178755E-008
          3536.45     -9.6879832E-008
          3547.73     -1.1681867E-007
          3559.02     -1.3703283E-007
          3570.31     -1.5756008E-007
          3581.60     -1.7843832E-007
          3592.89     -1.9970572E-007
          3604.18     -2.2140020E-007
          3615.47     -2.4355935E-007
          3626.76     -2.6622203E-007
          3638.05     -2.8942758E-007
          3649.34     -3.1321585E-007
          3660.62     -3.3762736E-007
          3671.91     -3.6270327E-007
          3683.20     -3.8848546E-007
          3694.49     -4.1501661E-007
          3705.78     -4.4234016E-007
          3717.07     -4.7050053E-007
          3728.36     -4.9954308E-007
          3739.65     -5.2951407E-007
          3750.94     -5.6046094E-007
          3762.23     -5.9243217E-007
          3773.52     -6.2547745E-007
          3784.80     -6.5964769E-007
          3796.09     -6.9499510E-007
          3807.38     -7.3157396E-007
          3818.67     -7.6943934E-007
          3829.96     -8.0864768E-007
          3841.25     -8.4925703E-007
          3852.54     -8.9132697E-007
          3863.83     -9.3491876E-007
          3875.12     -9.8009538E-007
          3886.41     -1.0269214E-006
          3897.70     -1.0754635E-006
          3908.98     -1.1257900E-006
          3920.27     -1.1779712E-006
          3931.56     -1.2320796E-006
          3942.85     -1.2881895E-006
          3954.14     -1.3463787E-006
          3965.43     -1.4067264E-006
          3976.72     -1.4693138E-006
          3988.01     -1.5342245E-006
          3999.30     -1.6015447E-006
          4010.59     -1.6713628E-006
          4021.88     -1.7437699E-006
          4033.16     -1.8188598E-006
          4044.45     -1.8967290E-006
          4055.74     -1.9774769E-006
          4067.03     -2.0612054E-006
          4078.32     -2.1480198E-006
          4089.61     -2.2380281E-006
          4100.90     -2.3313416E-006
          4112.19     -2.4280747E-006
          4123.48     -2.5283452E-006
          4134.77     -2.6322740E-006
          4146.05     -2.7399859E-006
          4157.34     -2.8516084E-006
          4168.63     -2.9672734E-006
          4179.92     -3.0871163E-006
          4191.21     -3.2112758E-006
          4202.50     -3.3398951E-006
          4213.79     -3.4731211E-006
          4225.08     -3.6111046E-006
          4236.37     -3.7540010E-006
          4247.66     -3.9019692E-006
          4258.95     -4.0551727E-006
          4270.23     -4.2137795E-006
          4281.52     -4.3779621E-006
          4292.81     -4.5478976E-006
          4304.10     -4.7237681E-006
          4315.39     -4.9057601E-006
          4326.68     -5.0940655E-006
          4337.97     -5.2888806E-006
          4349.26     -5.4904072E-006
          4360.55     -5.6988524E-006
          4371.84     -5.9144367E-006
          4383.12     -6.1373697E-006
          4394.41     -6.3678747E-006
          4405.70     -6.6061794E-006
          4416.99     -6.8525184E-006
          4428.28     -7.1071315E-006
          4439.57     -7.3702651E-006
          4450.86     -7.6421715E-006
          4462.15     -7.9231085E-006
          4473.44     -8.2133408E-006
          4484.73     -8.5131393E-006
          4496.02     -8.8227812E-006
          4507.30     -9.1425506E-006
          4518.59     -9.4727372E-006
          4529.88     -9.8136385E-006
          4541.17     -1.0165559E-005
          4552.46     -1.0528809E-005
          4563.75     -1.0903707E-005
          4575.04     -1.1290579E-005
          4586.33     -1.1689756E-005
          4597.62     -1.2101578E-005
          4608.91     -1.2526393E-005
          4620.20     -1.2964553E-005
          4631.48     -1.3416423E-005
          4642.77     -1.3882370E-005
          4654.06     -1.4362773E-005
          4665.35     -1.4858016E-005
          4676.64     -1.5368493E-005
          4687.93     -1.5894604E-005
          4699.22     -1.6436758E-005
          4710.51     -1.6995372E-005
          4721.80     -1.7570871E-005
          4733.09     -1.8163687E-005
          4744.38     -1.8774263E-005
          4755.66     -1.9403047E-005
          4766.95     -2.0050498E-005
          4778.24     -2.0717083E-005
          4789.53     -2.1403274E-005
          4800.82     -2.2109556E-005
          4812.11     -2.2836419E-005
          4823.40     -2.3584363E-005
          4834.69     -2.4353896E-005
          4845.98     -2.5145533E-005
          4857.27     -2.5959796E-005
          4868.55     -2.6797219E-005
          4879.84     -2.7658339E-005
          4891.13     -2.8543708E-005
          4902.42     -2.9453882E-005
          4913.71     -3.0389425E-005
          4925.00     -3.1350911E-005
          4936.29     -3.2338920E-005
          4947.58     -3.3354041E-005
          4958.87     -3.4396871E-005
          4970.16     -3.5468012E-005
          4981.45     -3.6568076E-005
          4992.73     -3.7697681E-005
          5004.02     -3.8857443E-005
          5015.31     -4.0047995E-005
          5026.60     -4.1269972E-005
          5037.89     -4.2524019E-005
          5049.18     -4.3810787E-005
          5060.47     -4.5130927E-005
          5071.76     -4.6485104E-005
          5083.05     -4.7873983E-005
          5094.34     -4.9298234E-005
          5105.62     -5.0758531E-005
          5116.91     -5.2255554E-005
          5128.20     -5.3789985E-005
          5139.49     -5.5362512E-005
          5150.78     -5.6973814E-005
          5162.07     -5.8624576E-005
          5173.36     -6.0315492E-005
          5184.65     -6.2047250E-005
          5195.94     -6.3820543E-005
          5207.23     -6.5636064E-005
          5218.52     -6.7494504E-005
          5229.80     -6.9396554E-005
          5241.09     -7.1342897E-005
          5252.38     -7.3334219E-005
          5263.67     -7.5371202E-005
          5274.96     -7.7454516E-005
          5286.25     -7.9584833E-005
          5297.54     -8.1762811E-005
          5308.83     -8.3989095E-005
          5320.12     -8.6264331E-005
          5331.41     -8.8589149E-005
          5342.70     -9.0964176E-005
          5353.98     -9.3390024E-005
          5365.27     -9.5867288E-005
          5376.56     -9.8396562E-005
          5387.85     -1.0097840E-004
          5399.14     -1.0361335E-004
          5410.43     -1.0630194E-004
          5421.72     -1.0904469E-004
          5433.01     -1.1184206E-004
          5444.30     -1.1469455E-004
          5455.59     -1.1760253E-004
          5466.88     -1.2056641E-004
          5478.16     -1.2358658E-004
          5489.45     -1.2666338E-004
          5500.74     -1.2979711E-004
          5512.03     -1.3298806E-004
          5523.32     -1.3623645E-004
          5534.61     -1.3954249E-004
          5545.90     -1.4290633E-004
          5557.19     -1.4632808E-004
          5568.48     -1.4980779E-004
          5579.77     -1.5334481E-004
          5591.05     -1.5693896E-004
          5602.34     -1.6059008E-004
          5613.63     -1.6429796E-004
          5624.92     -1.6806234E-004
          5636.21     -1.7188288E-004
          5647.50     -1.7575918E-004
          5658.79     -1.7969078E-004
          5670.08     -1.8367709E-004
          5681.37     -1.8771197E-004
          5692.66     -1.9179439E-004
          5703.95     -1.9592326E-004
          5715.23     -2.0009740E-004
          5726.52     -2.0431558E-004
          5737.81     -2.0857648E-004
          5749.10     -2.1287873E-004
          5760.39     -2.1722084E-004
          5771.68     -2.2160128E-004
          5782.97     -2.2601897E-004
          5794.26     -2.3047836E-004
          5805.55     -2.3497801E-004
          5816.84     -2.3951632E-004
          5828.12     -2.4409156E-004
          5839.41     -2.4870191E-004
          5850.70     -2.5334535E-004
          5861.99     -2.5801977E-004
          5873.28     -2.6272286E-004
          5884.57     -2.6745219E-004
          5895.86     -2.7220515E-004
          5907.15     -2.7697893E-004
          5918.44     -2.8176755E-004
          5929.73     -2.8656775E-004
          5941.02     -2.9137610E-004
          5952.30     -2.9618898E-004
          5963.59     -3.0100260E-004
          5974.88     -3.0581238E-004
          5986.17     -3.1061328E-004
          5997.46     -3.1540088E-004
          6008.75     -3.2017058E-004
          6020.04     -3.2491757E-004
          6031.33     -3.2964130E-004
          6042.62     -3.3433669E-004
          6053.91     -3.3899844E-004
          6065.20     -3.4362098E-004
          6076.48     -3.4820003E-004
          6087.77     -3.5273068E-004
          6099.06     -3.5720664E-004
          6110.35     -3.6162124E-004
          6121.64     -3.6596663E-004
          6132.93     -3.7023017E-004
          6144.22     -3.7440401E-004
          6155.51     -3.7848222E-004
          6166.80     -3.8245656E-004
          6178.09     -3.8632340E-004
          6189.38     -3.9007584E-004
          6200.66     -3.9370450E-004
          6211.95     -3.9719957E-004
          6223.24     -4.0055076E-004
          6234.53     -4.0374722E-004
          6245.82     -4.0677770E-004
          6257.11     -4.0963036E-004
          6268.40     -4.1229288E-004
          6279.69     -4.1475282E-004
          6290.98     -4.1699681E-004
          6302.27     -4.1901070E-004
          6313.55     -4.2077976E-004
          6324.84     -4.2228876E-004
          6336.13     -4.2352183E-004
          6347.42     -4.2446209E-004
          6358.71     -4.2509191E-004
          6370.00     -4.2539253E-004
