          3480.00     -3.0549025E-030
          3491.29     -4.2259040E-011
          3502.58     -8.4924603E-011
          3513.87     -1.2828919E-010
          3525.16     -1.7264691E-010
          3536.45     -2.1829570E-010
          3547.73     -2.6553910E-010
          3559.02     -3.1468807E-010
          3570.31     -3.6606318E-010
          3581.60     -4.1999633E-010
          3592.89     -4.7683282E-010
          3604.18     -5.3693201E-010
          3615.47     -6.0066883E-010
          3626.76     -6.6843965E-010
          3638.05     -7.4066252E-010
          3649.34     -8.1777919E-010
          3660.62     -9.0025786E-010
          3671.91     -9.8859535E-010
          3683.20     -1.0833198E-009
          3694.49     -1.1849934E-009
          3705.78     -1.2942149E-009
          3717.07     -1.4116232E-009
          3728.36     -1.5379001E-009
          3739.65     -1.6737735E-009
          3750.94     -1.8200213E-009
          3762.23     -1.9774753E-009
          3773.52     -2.1470243E-009
          3784.80     -2.3296195E-009
          3796.09     -2.5262780E-009
          3807.38     -2.7380905E-009
          3818.67     -2.9662221E-009
          3829.96     -3.2119184E-009
          3841.25     -3.4765127E-009
          3852.54     -3.7614310E-009
          3863.83     -4.0681989E-009
          3875.12     -4.3984483E-009
          3886.41     -4.7539237E-009
          3897.70     -5.1364913E-009
          3908.98     -5.5481465E-009
          3920.27     -5.9910213E-009
          3931.56     -6.4673956E-009
          3942.85     -6.9797052E-009
          3954.14     -7.5305587E-009
          3965.43     -8.1227397E-009
          3976.72     -8.7592184E-009
          3988.01     -9.4431680E-009
          3999.30     -1.0177976E-008
          4010.59     -1.0967258E-008
          4021.88     -1.1814872E-008
          4033.16     -1.2724935E-008
          4044.45     -1.3701839E-008
          4055.74     -1.4750268E-008
          4067.03     -1.5875215E-008
          4078.32     -1.7082006E-008
          4089.61     -1.8376314E-008
          4100.90     -1.9764187E-008
          4112.19     -2.1252066E-008
          4123.48     -2.2846815E-008
          4134.77     -2.4555740E-008
          4146.05     -2.6386622E-008
          4157.34     -2.8347740E-008
          4168.63     -3.0447907E-008
          4179.92     -3.2696502E-008
          4191.21     -3.5103496E-008
          4202.50     -3.7679497E-008
          4213.79     -4.0435786E-008
          4225.08     -4.3384352E-008
          4236.37     -4.6537940E-008
          4247.66     -4.9910086E-008
          4258.95     -5.3515171E-008
          4270.23     -5.7368477E-008
          4281.52     -6.1486220E-008
          4292.81     -6.5885626E-008
          4304.10     -7.0584978E-008
          4315.39     -7.5603674E-008
          4326.68     -8.0962302E-008
          4337.97     -8.6682685E-008
          4349.26     -9.2787981E-008
          4360.55     -9.9302745E-008
          4371.84     -1.0625314E-007
          4383.12     -1.1366662E-007
          4394.41     -1.2157240E-007
          4405.70     -1.3000141E-007
          4416.99     -1.3898647E-007
          4428.28     -1.4856225E-007
          4439.57     -1.5876551E-007
          4450.86     -1.6963517E-007
          4462.15     -1.8121237E-007
          4473.44     -1.9354065E-007
          4484.73     -2.0666608E-007
          4496.02     -2.2063736E-007
          4507.30     -2.3550601E-007
          4518.59     -2.5132642E-007
          4529.88     -2.6815613E-007
          4541.17     -2.8605595E-007
          4552.46     -3.0509005E-007
          4563.75     -3.2532625E-007
          4575.04     -3.4683615E-007
          4586.33     -3.6969533E-007
          4597.62     -3.9398356E-007
          4608.91     -4.1978496E-007
          4620.20     -4.4718834E-007
          4631.48     -4.7628734E-007
          4642.77     -5.0718066E-007
          4654.06     -5.3997238E-007
          4665.35     -5.7477222E-007
          4676.64     -6.1169575E-007
          4687.93     -6.5086478E-007
          4699.22     -6.9240748E-007
          4710.51     -7.3645892E-007
          4721.80     -7.8316131E-007
          4733.09     -8.3266419E-007
          4744.38     -8.8512503E-007
          4755.66     -9.4070946E-007
          4766.95     -9.9959169E-007
          4778.24     -1.0619549E-006
          4789.53     -1.1279916E-006
          4800.82     -1.1979042E-006
          4812.11     -1.2719053E-006
          4823.40     -1.3502182E-006
          4834.69     -1.4330776E-006
          4845.98     -1.5207296E-006
          4857.27     -1.6134328E-006
          4868.55     -1.7114583E-006
          4879.84     -1.8150906E-006
          4891.13     -1.9246284E-006
          4902.42     -2.0403846E-006
          4913.71     -2.1626874E-006
          4925.00     -2.2918807E-006
          4936.29     -2.4283248E-006
          4947.58     -2.5723972E-006
          4958.87     -2.7244934E-006
          4970.16     -2.8850270E-006
          4981.45     -3.0544311E-006
          4992.73     -3.2331592E-006
          5004.02     -3.4216844E-006
          5015.31     -3.6205024E-006
          5026.60     -3.8301315E-006
          5037.89     -4.0511131E-006
          5049.18     -4.2840132E-006
          5060.47     -4.5294225E-006
          5071.76     -4.7879582E-006
          5083.05     -5.0602648E-006
          5094.34     -5.3470140E-006
          5105.62     -5.6489071E-006
          5116.91     -5.9666756E-006
          5128.20     -6.3010817E-006
          5139.49     -6.6529203E-006
          5150.78     -7.0230177E-006
          5162.07     -7.4122353E-006
          5173.36     -7.8214708E-006
          5184.65     -8.2516569E-006
          5195.94     -8.7037654E-006
          5207.23     -9.1788061E-006
          5218.52     -9.6778290E-006
          5229.80     -1.0201926E-005
          5241.09     -1.0752228E-005
          5252.38     -1.1329913E-005
          5263.67     -1.1936202E-005
          5274.96     -1.2572360E-005
          5286.25     -1.3239702E-005
          5297.54     -1.3939587E-005
          5308.83     -1.4673425E-005
          5320.12     -1.5442674E-005
          5331.41     -1.6248844E-005
          5342.70     -1.7093498E-005
          5353.98     -1.7978253E-005
          5365.27     -1.8904776E-005
          5376.56     -1.9874793E-005
          5387.85     -2.0890080E-005
          5399.14     -2.1952473E-005
          5410.43     -2.3063865E-005
          5421.72     -2.4226201E-005
          5433.01     -2.5441490E-005
          5444.30     -2.6711796E-005
          5455.59     -2.8039230E-005
          5466.88     -2.9425972E-005
          5478.16     -3.0874258E-005
          5489.45     -3.2386381E-005
          5500.74     -3.3964692E-005
          5512.03     -3.5611595E-005
          5523.32     -3.7329552E-005
          5534.61     -3.9121078E-005
          5545.90     -4.0988738E-005
          5557.19     -4.2935149E-005
          5568.48     -4.4962975E-005
          5579.77     -4.7074727E-005
          5591.05     -4.9273099E-005
          5602.34     -5.1560852E-005
          5613.63     -5.3940786E-005
          5624.92     -5.6415738E-005
          5636.21     -5.8988561E-005
          5647.50     -6.1662143E-005
          5658.79     -6.4439384E-005
          5670.08     -6.7323181E-005
          5681.37     -7.0314406E-005
          5692.66     -7.3415720E-005
          5703.95     -7.6629800E-005
          5715.23     -7.9959322E-005
          5726.52     -8.3406946E-005
          5737.81     -8.6975322E-005
          5749.10     -9.0667075E-005
          5760.39     -9.4484791E-005
          5771.68     -9.8431018E-005
          5782.97     -1.0250849E-004
          5794.26     -1.0672247E-004
          5805.55     -1.1107563E-004
          5816.84     -1.1557050E-004
          5828.12     -1.2020947E-004
          5839.41     -1.2499473E-004
          5850.70     -1.2992831E-004
          5861.99     -1.3501201E-004
          5873.28     -1.4024737E-004
          5884.57     -1.4563569E-004
          5895.86     -1.5117797E-004
          5907.15     -1.5687486E-004
          5918.44     -1.6272493E-004
          5929.73     -1.6872795E-004
          5941.02     -1.7488327E-004
          5952.30     -1.8118983E-004
          5963.59     -1.8764606E-004
          5974.88     -1.9424952E-004
          5986.17     -2.0099703E-004
          5997.46     -2.0788527E-004
          6008.75     -2.1491032E-004
          6020.04     -2.2206756E-004
          6031.33     -2.2935468E-004
          6042.62     -2.3676578E-004
          6053.91     -2.4429397E-004
          6065.20     -2.5193139E-004
          6076.48     -2.5967024E-004
          6087.77     -2.6750131E-004
          6099.06     -2.7541332E-004
          6110.35     -2.8339359E-004
          6121.64     -2.9142719E-004
          6132.93     -2.9949402E-004
          6144.22     -3.0757623E-004
          6155.51     -3.1565606E-004
          6166.80     -3.2371241E-004
          6178.09     -3.3172635E-004
          6189.38     -3.3967449E-004
          6200.66     -3.4752929E-004
          6211.95     -3.5526051E-004
          6223.24     -3.6283504E-004
          6234.53     -3.7021662E-004
          6245.82     -3.7736579E-004
          6257.11     -3.8423957E-004
          6268.40     -3.9079129E-004
          6279.69     -3.9697072E-004
          6290.98     -4.0272309E-004
          6302.27     -4.0798891E-004
          6313.55     -4.1270396E-004
          6324.84     -4.1679898E-004
          6336.13     -4.2019931E-004
          6347.42     -4.2282416E-004
          6358.71     -4.2458654E-004
          6370.00     -4.2539253E-004
