          3480.00      1.0240583E-047
          3491.29      4.1646012E-019
          3502.58      8.3421160E-019
          3513.87      1.2533783E-018
          3525.16      1.6740820E-018
          3536.45      2.0964446E-018
          3547.73      2.5205868E-018
          3559.02      2.9466275E-018
          3570.31      3.3746855E-018
          3581.60      3.8048783E-018
          3592.89      4.2373225E-018
          3604.18      4.6721218E-018
          3615.47      5.1093635E-018
          3626.76      5.5491531E-018
          3638.05      5.9915949E-018
          3649.34      6.4367913E-018
          3660.62      6.8848452E-018
          3671.91      7.3358580E-018
          3683.20      7.7899304E-018
          3694.49      8.2471628E-018
          3705.78      8.7076532E-018
          3717.07      9.1715002E-018
          3728.36      9.6388016E-018
          3739.65      1.0109653E-017
          3750.94      1.0584150E-017
          3762.23      1.1062388E-017
          3773.52      1.1544461E-017
          3784.80      1.2030460E-017
          3796.09      1.2520481E-017
          3807.38      1.3014625E-017
          3818.67      1.3512987E-017
          3829.96      1.4015655E-017
          3841.25      1.4522720E-017
          3852.54      1.5034270E-017
          3863.83      1.5550394E-017
          3875.12      1.6071178E-017
          3886.41      1.6596707E-017
          3897.70      1.7127067E-017
          3908.98      1.7662342E-017
          3920.27      1.8202613E-017
          3931.56      1.8747962E-017
          3942.85      1.9298469E-017
          3954.14      1.9854229E-017
          3965.43      2.0415327E-017
          3976.72      2.0981838E-017
          3988.01      2.1553841E-017
          3999.30      2.2131413E-017
          4010.59      2.2714626E-017
          4021.88      2.3303555E-017
          4033.16      2.3898271E-017
          4044.45      2.4498845E-017
          4055.74      2.5105347E-017
          4067.03      2.5717843E-017
          4078.32      2.6336401E-017
          4089.61      2.6961085E-017
          4100.90      2.7591957E-017
          4112.19      2.8229082E-017
          4123.48      2.8872519E-017
          4134.77      2.9522326E-017
          4146.05      3.0178561E-017
          4157.34      3.0841278E-017
          4168.63      3.1510529E-017
          4179.92      3.2186368E-017
          4191.21      3.2868843E-017
          4202.50      3.3558001E-017
          4213.79      3.4253888E-017
          4225.08      3.4956548E-017
          4236.37      3.5666023E-017
          4247.66      3.6382349E-017
          4258.95      3.7105562E-017
          4270.23      3.7835697E-017
          4281.52      3.8572785E-017
          4292.81      3.9316856E-017
          4304.10      4.0067938E-017
          4315.39      4.0826056E-017
          4326.68      4.1591234E-017
          4337.97      4.2363489E-017
          4349.26      4.3142840E-017
          4360.55      4.3929302E-017
          4371.84      4.4722949E-017
          4383.12      4.5523727E-017
          4394.41      4.6331642E-017
          4405.70      4.7146690E-017
          4416.99      4.7968871E-017
          4428.28      4.8798178E-017
          4439.57      4.9634607E-017
          4450.86      5.0478146E-017
          4462.15      5.1328781E-017
          4473.44      5.2186495E-017
          4484.73      5.3051266E-017
          4496.02      5.3923071E-017
          4507.30      5.4801880E-017
          4518.59      5.5687661E-017
          4529.88      5.6580378E-017
          4541.17      5.7479991E-017
          4552.46      5.8386457E-017
          4563.75      5.9299730E-017
          4575.04      6.0219757E-017
          4586.33      6.1146480E-017
          4597.62      6.2079840E-017
          4608.91      6.3019767E-017
          4620.20      6.3966191E-017
          4631.48      6.4919037E-017
          4642.77      6.5878224E-017
          4654.06      6.6843664E-017
          4665.35      6.7815268E-017
          4676.64      6.8792940E-017
          4687.93      6.9776577E-017
          4699.22      7.0766070E-017
          4710.51      7.1761306E-017
          4721.80      7.2762168E-017
          4733.09      7.3768529E-017
          4744.38      7.4780258E-017
          4755.66      7.5797220E-017
          4766.95      7.6819270E-017
          4778.24      7.7846261E-017
          4789.53      7.8878033E-017
          4800.82      7.9914426E-017
          4812.11      8.0955271E-017
          4823.40      8.2000388E-017
          4834.69      8.3049596E-017
          4845.98      8.4102702E-017
          4857.27      8.5159497E-017
          4868.55      8.6219775E-017
          4879.84      8.7283321E-017
          4891.13      8.8349913E-017
          4902.42      8.9419322E-017
          4913.71      9.0491310E-017
          4925.00      9.1565630E-017
          4936.29      9.2642027E-017
          4947.58      9.3720239E-017
          4958.87      9.4799994E-017
          4970.16      9.5881009E-017
          4981.45      9.6962994E-017
          4992.73      9.8045650E-017
          5004.02      9.9128651E-017
          5015.31      1.0021167E-016
          5026.60      1.0129439E-016
          5037.89      1.0237646E-016
          5049.18      1.0345753E-016
          5060.47      1.0453724E-016
          5071.76      1.0561523E-016
          5083.05      1.0669111E-016
          5094.34      1.0776449E-016
          5105.62      1.0883497E-016
          5116.91      1.0990212E-016
          5128.20      1.1096553E-016
          5139.49      1.1202475E-016
          5150.78      1.1307933E-016
          5162.07      1.1412879E-016
          5173.36      1.1517265E-016
          5184.65      1.1621043E-016
          5195.94      1.1724163E-016
          5207.23      1.1826573E-016
          5218.52      1.1928220E-016
          5229.80      1.2029050E-016
          5241.09      1.2129008E-016
          5252.38      1.2228038E-016
          5263.67      1.2326080E-016
          5274.96      1.2423074E-016
          5286.25      1.2518961E-016
          5297.54      1.2613675E-016
          5308.83      1.2707153E-016
          5320.12      1.2799327E-016
          5331.41      1.2890130E-016
          5342.70      1.2979494E-016
          5353.98      1.3067348E-016
          5365.27      1.3153619E-016
          5376.56      1.3238234E-016
          5387.85      1.3321117E-016
          5399.14      1.3402190E-016
          5410.43      1.3481374E-016
          5421.72      1.3558588E-016
          5433.01      1.3633749E-016
          5444.30      1.3706773E-016
          5455.59      1.3777569E-016
          5466.88      1.3846049E-016
          5478.16      1.3912122E-016
          5489.45      1.3975697E-016
          5500.74      1.4036679E-016
          5512.03      1.4094972E-016
          5523.32      1.4150477E-016
          5534.61      1.4203095E-016
          5545.90      1.4252723E-016
          5557.19      1.4299257E-016
          5568.48      1.4342589E-016
          5579.77      1.4382550E-016
          5591.05      1.4419019E-016
          5602.34      1.4451882E-016
          5613.63      1.4481024E-016
          5624.92      1.4506328E-016
          5636.21      1.4527674E-016
          5647.50      1.4544940E-016
          5658.79      1.4558002E-016
          5670.08      1.4566732E-016
          5681.37      1.4570576E-016
          5692.66      1.4569404E-016
          5703.95      1.4563088E-016
          5715.23      1.4551498E-016
          5726.52      1.4534505E-016
          5737.81      1.4511976E-016
          5749.10      1.4483781E-016
          5760.39      1.4449788E-016
          5771.68      1.4409864E-016
          5782.97      1.4363912E-016
          5794.26      1.4312178E-016
          5805.55      1.4254522E-016
          5816.84      1.4190801E-016
          5828.12      1.4120869E-016
          5839.41      1.4044579E-016
          5850.70      1.3961781E-016
          5861.99      1.3872321E-016
          5873.28      1.3776046E-016
          5884.57      1.3672798E-016
          5895.86      1.3562417E-016
          5907.15      1.3444738E-016
          5918.44      1.3319453E-016
          5929.73      1.3186401E-016
          5941.02      1.3045417E-016
          5952.30      1.2896333E-016
          5963.59      1.2738983E-016
          5974.88      1.2573171E-016
          5986.17      1.2398693E-016
          5997.46      1.2215379E-016
          6008.75      1.2023059E-016
          6020.04      1.1821618E-016
          6031.33      1.1610921E-016
          6042.62      1.1390842E-016
          6053.91      1.1161195E-016
          6065.20      1.0921788E-016
          6076.48      1.0672479E-016
          6087.77      1.0413104E-016
          6099.06      1.0143458E-016
          6110.35      9.8633352E-017
          6121.64      9.5724999E-017
          6132.93      9.2706075E-017
          6144.22      8.9574565E-017
          6155.51      8.6328933E-017
          6166.80      8.2967101E-017
          6178.09      7.9487995E-017
          6189.38      7.5889709E-017
          6200.66      7.2169833E-017
          6211.95      6.8325917E-017
          6223.24      6.4355455E-017
          6234.53      6.0255902E-017
          6245.82      5.6024664E-017
          6257.11      5.1659095E-017
          6268.40      4.7156517E-017
          6279.69      4.2514241E-017
          6290.98      3.7729474E-017
          6302.27      3.2799354E-017
          6313.55      2.7720971E-017
          6324.84      2.2491384E-017
          6336.13      1.7107588E-017
          6347.42      1.1566504E-017
          6358.71      5.8650287E-018
          6370.00      8.4027812E-055
