          3480.00     -6.8290840E-045
          3491.29      9.1555667E-022
          3502.58      1.8366690E-021
          3513.87      2.7662873E-021
          3525.16      3.7073561E-021
          3536.45      4.6628278E-021
          3547.73      5.6356697E-021
          3559.02      6.6288696E-021
          3570.31      7.6454499E-021
          3581.60      8.6884725E-021
          3592.89      9.7610480E-021
          3604.18      1.0866317E-020
          3615.47      1.2007450E-020
          3626.76      1.3187731E-020
          3638.05      1.4410525E-020
          3649.34      1.5679283E-020
          3660.62      1.6997558E-020
          3671.91      1.8369005E-020
          3683.20      1.9797397E-020
          3694.49      2.1286625E-020
          3705.78      2.2840713E-020
          3717.07      2.4463824E-020
          3728.36      2.6160271E-020
          3739.65      2.7934521E-020
          3750.94      2.9791209E-020
          3762.23      3.1735146E-020
          3773.52      3.3771328E-020
          3784.80      3.5904949E-020
          3796.09      3.8141405E-020
          3807.38      4.0486348E-020
          3818.67      4.2945627E-020
          3829.96      4.5525318E-020
          3841.25      4.8231754E-020
          3852.54      5.1071525E-020
          3863.83      5.4051490E-020
          3875.12      5.7178799E-020
          3886.41      6.0460884E-020
          3897.70      6.3905500E-020
          3908.98      6.7520718E-020
          3920.27      7.1314941E-020
          3931.56      7.5296926E-020
          3942.85      7.9475792E-020
          3954.14      8.3861105E-020
          3965.43      8.8462788E-020
          3976.72      9.3291147E-020
          3988.01      9.8356928E-020
          3999.30      1.0367132E-019
          4010.59      1.0924596E-019
          4021.88      1.1509298E-019
          4033.16      1.2122499E-019
          4044.45      1.2765514E-019
          4055.74      1.3439709E-019
          4067.03      1.4146506E-019
          4078.32      1.4887386E-019
          4089.61      1.5663888E-019
          4100.90      1.6477613E-019
          4112.19      1.7330226E-019
          4123.48      1.8223460E-019
          4134.77      1.9159114E-019
          4146.05      2.0139060E-019
          4157.34      2.1165241E-019
          4168.63      2.2239679E-019
          4179.92      2.3364472E-019
          4191.21      2.4541800E-019
          4202.50      2.5773929E-019
          4213.79      2.7063208E-019
          4225.08      2.8412079E-019
          4236.37      2.9823077E-019
          4247.66      3.1298828E-019
          4258.95      3.2842057E-019
          4270.23      3.4455596E-019
          4281.52      3.6142377E-019
          4292.81      3.7905443E-019
          4304.10      3.9747950E-019
          4315.39      4.1673166E-019
          4326.68      4.3684484E-019
          4337.97      4.5785411E-019
          4349.26      4.7979584E-019
          4360.55      5.0270775E-019
          4371.84      5.2662953E-019
          4383.12      5.5160090E-019
          4394.41      5.7766364E-019
          4405.70      6.0486092E-019
          4416.99      6.3323749E-019
          4428.28      6.6283956E-019
          4439.57      6.9371502E-019
          4450.86      7.2591335E-019
          4462.15      7.5948563E-019
          4473.44      7.9448474E-019
          4484.73      8.3096525E-019
          4496.02      8.6898356E-019
          4507.30      9.0859795E-019
          4518.59      9.4986845E-019
          4529.88      9.9285716E-019
          4541.17      1.0376282E-018
          4552.46      1.0842475E-018
          4563.75      1.1327833E-018
          4575.04      1.1833060E-018
          4586.33      1.2358879E-018
          4597.62      1.2906037E-018
          4608.91      1.3475303E-018
          4620.20      1.4067470E-018
          4631.48      1.4683353E-018
          4642.77      1.5323793E-018
          4654.06      1.5989653E-018
          4665.35      1.6681823E-018
          4676.64      1.7401218E-018
          4687.93      1.8148780E-018
          4699.22      1.8925473E-018
          4710.51      1.9732292E-018
          4721.80      2.0570259E-018
          4733.09      2.1440420E-018
          4744.38      2.2343853E-018
          4755.66      2.3281661E-018
          4766.95      2.4254979E-018
          4778.24      2.5264969E-018
          4789.53      2.6312821E-018
          4800.82      2.7399757E-018
          4812.11      2.8527029E-018
          4823.40      2.9695916E-018
          4834.69      3.0907731E-018
          4845.98      3.2163814E-018
          4857.27      3.3465535E-018
          4868.55      3.4814297E-018
          4879.84      3.6211530E-018
          4891.13      3.7658700E-018
          4902.42      3.9157303E-018
          4913.71      4.0708863E-018
          4925.00      4.2314935E-018
          4936.29      4.3977107E-018
          4947.58      4.5696994E-018
          4958.87      4.7476245E-018
          4970.16      4.9316530E-018
          4981.45      5.1219555E-018
          4992.73      5.3187054E-018
          5004.02      5.5220775E-018
          5015.31      5.7322500E-018
          5026.60      5.9494043E-018
          5037.89      6.1737237E-018
          5049.18      6.4053946E-018
          5060.47      6.6446046E-018
          5071.76      6.8915445E-018
          5083.05      7.1464068E-018
          5094.34      7.4093851E-018
          5105.62      7.6806756E-018
          5116.91      7.9604757E-018
          5128.20      8.2489837E-018
          5139.49      8.5463997E-018
          5150.78      8.8529226E-018
          5162.07      9.1687528E-018
          5173.36      9.4940915E-018
          5184.65      9.8291392E-018
          5195.94      1.0174097E-017
          5207.23      1.0529164E-017
          5218.52      1.0894540E-017
          5229.80      1.1270422E-017
          5241.09      1.1657006E-017
          5252.38      1.2054483E-017
          5263.67      1.2463046E-017
          5274.96      1.2882880E-017
          5286.25      1.3314168E-017
          5297.54      1.3757088E-017
          5308.83      1.4211811E-017
          5320.12      1.4678506E-017
          5331.41      1.5157332E-017
          5342.70      1.5648443E-017
          5353.98      1.6151984E-017
          5365.27      1.6668093E-017
          5376.56      1.7196898E-017
          5387.85      1.7738512E-017
          5399.14      1.8293041E-017
          5410.43      1.8860578E-017
          5421.72      1.9441198E-017
          5433.01      2.0034967E-017
          5444.30      2.0641931E-017
          5455.59      2.1262114E-017
          5466.88      2.1895526E-017
          5478.16      2.2542158E-017
          5489.45      2.3201978E-017
          5500.74      2.3874932E-017
          5512.03      2.4560941E-017
          5523.32      2.5259899E-017
          5534.61      2.5971672E-017
          5545.90      2.6696094E-017
          5557.19      2.7432970E-017
          5568.48      2.8182068E-017
          5579.77      2.8942997E-017
          5591.05      2.9715423E-017
          5602.34      3.0498988E-017
          5613.63      3.1293292E-017
          5624.92      3.2097892E-017
          5636.21      3.2912294E-017
          5647.50      3.3735955E-017
          5658.79      3.4568280E-017
          5670.08      3.5408608E-017
          5681.37      3.6255177E-017
          5692.66      3.7107147E-017
          5703.95      3.7963626E-017
          5715.23      3.8823664E-017
          5726.52      3.9686252E-017
          5737.81      4.0550318E-017
          5749.10      4.1414727E-017
          5760.39      4.2278273E-017
          5771.68      4.3139681E-017
          5782.97      4.3997706E-017
          5794.26      4.4852104E-017
          5805.55      4.5701421E-017
          5816.84      4.6544100E-017
          5828.12      4.7378471E-017
          5839.41      4.8202752E-017
          5850.70      4.9015039E-017
          5861.99      4.9813301E-017
          5873.28      5.0595375E-017
          5884.57      5.1358962E-017
          5895.86      5.2101618E-017
          5907.15      5.2820740E-017
          5918.44      5.3513014E-017
          5929.73      5.4175508E-017
          5941.02      5.4805136E-017
          5952.30      5.5398644E-017
          5963.59      5.5952606E-017
          5974.88      5.6463305E-017
          5986.17      5.6926799E-017
          5997.46      5.7339102E-017
          6008.75      5.7696036E-017
          6020.04      5.7993219E-017
          6031.33      5.8226827E-017
          6042.62      5.8392043E-017
          6053.91      5.8483796E-017
          6065.20      5.8496754E-017
          6076.48      5.8425568E-017
          6087.77      5.8264526E-017
          6099.06      5.8007422E-017
          6110.35      5.7647719E-017
          6121.64      5.7178407E-017
          6132.93      5.6591475E-017
          6144.22      5.5879389E-017
          6155.51      5.5034585E-017
          6166.80      5.4048839E-017
          6178.09      5.2914206E-017
          6189.38      5.1621860E-017
          6200.66      5.0162226E-017
          6211.95      4.8525240E-017
          6223.24      4.6700326E-017
          6234.53      4.4676379E-017
          6245.82      4.2441746E-017
          6257.11      3.9984194E-017
          6268.40      3.7290910E-017
          6279.69      3.4348487E-017
          6290.98      3.1142837E-017
          6302.27      2.7659179E-017
          6313.55      2.3882036E-017
          6324.84      1.9795219E-017
          6336.13      1.5381770E-017
          6347.42      1.0623927E-017
          6358.71      5.5031377E-018
          6370.00      0.0000000E+000
