          3480.00     -2.7107053E-036
          3491.29     -7.6525823E-008
          3502.58     -1.5333617E-007
          3513.87     -2.3052435E-007
          3525.16     -3.0818292E-007
          3536.45     -3.8640416E-007
          3547.73     -4.6528003E-007
          3559.02     -5.4490200E-007
          3570.31     -6.2536164E-007
          3581.60     -7.0675041E-007
          3592.89     -7.8915982E-007
          3604.18     -8.7267932E-007
          3615.47     -9.5739577E-007
          3626.76     -1.0433998E-006
          3638.05     -1.1307823E-006
          3649.34     -1.2196347E-006
          3660.62     -1.3100490E-006
          3671.91     -1.4021179E-006
          3683.20     -1.4959348E-006
          3694.49     -1.5915939E-006
          3705.78     -1.6891903E-006
          3717.07     -1.7888200E-006
          3728.36     -1.8905802E-006
          3739.65     -1.9945689E-006
          3750.94     -2.1008855E-006
          3762.23     -2.2096306E-006
          3773.52     -2.3209060E-006
          3784.80     -2.4348151E-006
          3796.09     -2.5514625E-006
          3807.38     -2.6709572E-006
          3818.67     -2.7934074E-006
          3829.96     -2.9189226E-006
          3841.25     -3.0476143E-006
          3852.54     -3.1795956E-006
          3863.83     -3.3149815E-006
          3875.12     -3.4538891E-006
          3886.41     -3.5964368E-006
          3897.70     -3.7427455E-006
          3908.98     -3.8929383E-006
          3920.27     -4.0471398E-006
          3931.56     -4.2054772E-006
          3942.85     -4.3680800E-006
          3954.14     -4.5350833E-006
          3965.43     -4.7066227E-006
          3976.72     -4.8828346E-006
          3988.01     -5.0638585E-006
          3999.30     -5.2498366E-006
          4010.59     -5.4409129E-006
          4021.88     -5.6372348E-006
          4033.16     -5.8389520E-006
          4044.45     -6.0462170E-006
          4055.74     -6.2591855E-006
          4067.03     -6.4780152E-006
          4078.32     -6.7028674E-006
          4089.61     -6.9339064E-006
          4100.90     -7.1712990E-006
          4112.19     -7.4152157E-006
          4123.48     -7.6658299E-006
          4134.77     -7.9233178E-006
          4146.05     -8.1878594E-006
          4157.34     -8.4596372E-006
          4168.63     -8.7388375E-006
          4179.92     -9.0256502E-006
          4191.21     -9.3202678E-006
          4202.50     -9.6228869E-006
          4213.79     -9.9337073E-006
          4225.08     -1.0252933E-005
          4236.37     -1.0580770E-005
          4247.66     -1.0917429E-005
          4258.95     -1.1263124E-005
          4270.23     -1.1618072E-005
          4281.52     -1.1982495E-005
          4292.81     -1.2356617E-005
          4304.10     -1.2740669E-005
          4315.39     -1.3134884E-005
          4326.68     -1.3539498E-005
          4337.97     -1.3954751E-005
          4349.26     -1.4380888E-005
          4360.55     -1.4818159E-005
          4371.84     -1.5266838E-005
          4383.12     -1.5727159E-005
          4394.41     -1.6199384E-005
          4405.70     -1.6683774E-005
          4416.99     -1.7180599E-005
          4428.28     -1.7690130E-005
          4439.57     -1.8212644E-005
          4450.86     -1.8748423E-005
          4462.15     -1.9297750E-005
          4473.44     -1.9860914E-005
          4484.73     -2.0438210E-005
          4496.02     -2.1029934E-005
          4507.30     -2.1636387E-005
          4518.59     -2.2257875E-005
          4529.88     -2.2894706E-005
          4541.17     -2.3547196E-005
          4552.46     -2.4215662E-005
          4563.75     -2.4900427E-005
          4575.04     -2.5601818E-005
          4586.33     -2.6320162E-005
          4597.62     -2.7055797E-005
          4608.91     -2.7809057E-005
          4620.20     -2.8580285E-005
          4631.48     -2.9369828E-005
          4642.77     -3.0178034E-005
          4654.06     -3.1005257E-005
          4665.35     -3.1851853E-005
          4676.64     -3.2718183E-005
          4687.93     -3.3604612E-005
          4699.22     -3.4511507E-005
          4710.51     -3.5439238E-005
          4721.80     -3.6388180E-005
          4733.09     -3.7358711E-005
          4744.38     -3.8351210E-005
          4755.66     -3.9366064E-005
          4766.95     -4.0403657E-005
          4778.24     -4.1464381E-005
          4789.53     -4.2548627E-005
          4800.82     -4.3656790E-005
          4812.11     -4.4789268E-005
          4823.40     -4.5946461E-005
          4834.69     -4.7128769E-005
          4845.98     -4.8336598E-005
          4857.27     -4.9570345E-005
          4868.55     -5.0830419E-005
          4879.84     -5.2117226E-005
          4891.13     -5.3431176E-005
          4902.42     -5.4772681E-005
          4913.71     -5.6142150E-005
          4925.00     -5.7539997E-005
          4936.29     -5.8966632E-005
          4947.58     -6.0422470E-005
          4958.87     -6.1907923E-005
          4970.16     -6.3423401E-005
          4981.45     -6.4969315E-005
          4992.73     -6.6546078E-005
          5004.02     -6.8154084E-005
          5015.31     -6.9793738E-005
          5026.60     -7.1465444E-005
          5037.89     -7.3169604E-005
          5049.18     -7.4906619E-005
          5060.47     -7.6676881E-005
          5071.76     -7.8480785E-005
          5083.05     -8.0318721E-005
          5094.34     -8.2191070E-005
          5105.62     -8.4098213E-005
          5116.91     -8.6040526E-005
          5128.20     -8.8018375E-005
          5139.49     -9.0032127E-005
          5150.78     -9.2082124E-005
          5162.07     -9.4168708E-005
          5173.36     -9.6292219E-005
          5184.65     -9.8452987E-005
          5195.94     -1.0065134E-004
          5207.23     -1.0288758E-004
          5218.52     -1.0516202E-004
          5229.80     -1.0747495E-004
          5241.09     -1.0982665E-004
          5252.38     -1.1221738E-004
          5263.67     -1.1464742E-004
          5274.96     -1.1711699E-004
          5286.25     -1.1962632E-004
          5297.54     -1.2217563E-004
          5308.83     -1.2476509E-004
          5320.12     -1.2739488E-004
          5331.41     -1.3006517E-004
          5342.70     -1.3277609E-004
          5353.98     -1.3552777E-004
          5365.27     -1.3832031E-004
          5376.56     -1.4115381E-004
          5387.85     -1.4402830E-004
          5399.14     -1.4694383E-004
          5410.43     -1.4990040E-004
          5421.72     -1.5289800E-004
          5433.01     -1.5593658E-004
          5444.30     -1.5901609E-004
          5455.59     -1.6213636E-004
          5466.88     -1.6529727E-004
          5478.16     -1.6849866E-004
          5489.45     -1.7174032E-004
          5500.74     -1.7502204E-004
          5512.03     -1.7834354E-004
          5523.32     -1.8170452E-004
          5534.61     -1.8510465E-004
          5545.90     -1.8854353E-004
          5557.19     -1.9202075E-004
          5568.48     -1.9553584E-004
          5579.77     -1.9908744E-004
          5591.05     -2.0267480E-004
          5602.34     -2.0629727E-004
          5613.63     -2.0995416E-004
          5624.92     -2.1364472E-004
          5636.21     -2.1736814E-004
          5647.50     -2.2112357E-004
          5658.79     -2.2491010E-004
          5670.08     -2.2872673E-004
          5681.37     -2.3256555E-004
          5692.66     -2.3642514E-004
          5703.95     -2.4030408E-004
          5715.23     -2.4420087E-004
          5726.52     -2.4811399E-004
          5737.81     -2.5204183E-004
          5749.10     -2.5598278E-004
          5760.39     -2.5993513E-004
          5771.68     -2.6389716E-004
          5782.97     -2.6786773E-004
          5794.26     -2.7185236E-004
          5805.55     -2.7584945E-004
          5816.84     -2.7985734E-004
          5828.12     -2.8387427E-004
          5839.41     -2.8789841E-004
          5850.70     -2.9192784E-004
          5861.99     -2.9596055E-004
          5873.28     -2.9999442E-004
          5884.57     -3.0402726E-004
          5895.86     -3.0805678E-004
          5907.15     -3.1208051E-004
          5918.44     -3.1609254E-004
          5929.73     -3.2009014E-004
          5941.02     -3.2407050E-004
          5952.30     -3.2803069E-004
          5963.59     -3.3196769E-004
          5974.88     -3.3587770E-004
          5986.17     -3.3975657E-004
          5997.46     -3.4360090E-004
          6008.75     -3.4740724E-004
          6020.04     -3.5117201E-004
          6031.33     -3.5489639E-004
          6042.62     -3.5857672E-004
          6053.91     -3.6220922E-004
          6065.20     -3.6578996E-004
          6076.48     -3.6931659E-004
          6087.77     -3.7278619E-004
          6099.06     -3.7619448E-004
          6110.35     -3.7953705E-004
          6121.64     -3.8280833E-004
          6132.93     -3.8599795E-004
          6144.22     -3.8910082E-004
          6155.51     -3.9211401E-004
          6166.80     -3.9503237E-004
          6178.09     -3.9785573E-004
          6189.38     -4.0058066E-004
          6200.66     -4.0320144E-004
          6211.95     -4.0571208E-004
          6223.24     -4.0810640E-004
          6234.53     -4.1037792E-004
          6245.82     -4.1251997E-004
          6257.11     -4.1452563E-004
          6268.40     -4.1638775E-004
          6279.69     -4.1809937E-004
          6290.98     -4.1965292E-004
          6302.27     -4.2104033E-004
          6313.55     -4.2225332E-004
          6324.84     -4.2328346E-004
          6336.13     -4.2412204E-004
          6347.42     -4.2475967E-004
          6358.71     -4.2518665E-004
          6370.00     -4.2539253E-004
