          3480.00     -4.2825584E-037
          3491.29     -2.4659865E-006
          3502.58     -4.9404678E-006
          3513.87     -7.4235912E-006
          3525.16     -9.9154962E-006
          3536.45     -1.2416328E-005
          3547.73     -1.4926232E-005
          3559.02     -1.7445345E-005
          3570.31     -1.9973809E-005
          3581.60     -2.2511764E-005
          3592.89     -2.5059349E-005
          3604.18     -2.7613251E-005
          3615.47     -3.0167616E-005
          3626.76     -3.2722416E-005
          3638.05     -3.5277620E-005
          3649.34     -3.7833192E-005
          3660.62     -4.0389111E-005
          3671.91     -4.2945329E-005
          3683.20     -4.5501809E-005
          3694.49     -4.8058513E-005
          3705.78     -5.0615396E-005
          3717.07     -5.3172420E-005
          3728.36     -5.5729544E-005
          3739.65     -5.8286717E-005
          3750.94     -6.0843910E-005
          3762.23     -6.3401062E-005
          3773.52     -6.5958124E-005
          3784.80     -6.8515049E-005
          3796.09     -7.1071944E-005
          3807.38     -7.3630231E-005
          3818.67     -7.6189898E-005
          3829.96     -7.8750913E-005
          3841.25     -8.1313248E-005
          3852.54     -8.3876858E-005
          3863.83     -8.6441727E-005
          3875.12     -8.9007822E-005
          3886.41     -9.1575090E-005
          3897.70     -9.4143513E-005
          3908.98     -9.6713056E-005
          3920.27     -9.9283677E-005
          3931.56     -1.0185532E-004
          3942.85     -1.0442797E-004
          3954.14     -1.0700286E-004
          3965.43     -1.0958029E-004
          3976.72     -1.1216024E-004
          3988.01     -1.1474267E-004
          3999.30     -1.1732759E-004
          4010.59     -1.1991494E-004
          4021.88     -1.2250474E-004
          4033.16     -1.2509694E-004
          4044.45     -1.2769151E-004
          4055.74     -1.3028845E-004
          4067.03     -1.3288770E-004
          4078.32     -1.3548926E-004
          4089.61     -1.3809309E-004
          4100.90     -1.4069919E-004
          4112.19     -1.4330757E-004
          4123.48     -1.4591821E-004
          4134.77     -1.4853106E-004
          4146.05     -1.5114610E-004
          4157.34     -1.5376330E-004
          4168.63     -1.5638260E-004
          4179.92     -1.5900398E-004
          4191.21     -1.6162741E-004
          4202.50     -1.6425285E-004
          4213.79     -1.6688026E-004
          4225.08     -1.6950961E-004
          4236.37     -1.7214084E-004
          4247.66     -1.7477387E-004
          4258.95     -1.7740850E-004
          4270.23     -1.8004466E-004
          4281.52     -1.8268233E-004
          4292.81     -1.8532144E-004
          4304.10     -1.8796198E-004
          4315.39     -1.9060386E-004
          4326.68     -1.9324705E-004
          4337.97     -1.9589148E-004
          4349.26     -1.9853711E-004
          4360.55     -2.0118389E-004
          4371.84     -2.0383469E-004
          4383.12     -2.0648648E-004
          4394.41     -2.0913922E-004
          4405.70     -2.1179252E-004
          4416.99     -2.1444633E-004
          4428.28     -2.1710058E-004
          4439.57     -2.1975521E-004
          4450.86     -2.2241015E-004
          4462.15     -2.2506533E-004
          4473.44     -2.2772069E-004
          4484.73     -2.3037616E-004
          4496.02     -2.3303168E-004
          4507.30     -2.3568716E-004
          4518.59     -2.3834253E-004
          4529.88     -2.4099772E-004
          4541.17     -2.4365267E-004
          4552.46     -2.4630741E-004
          4563.75     -2.4896190E-004
          4575.04     -2.5161611E-004
          4586.33     -2.5426993E-004
          4597.62     -2.5692329E-004
          4608.91     -2.5957611E-004
          4620.20     -2.6222832E-004
          4631.48     -2.6487986E-004
          4642.77     -2.6753063E-004
          4654.06     -2.7018055E-004
          4665.35     -2.7282954E-004
          4676.64     -2.7547755E-004
          4687.93     -2.7812447E-004
          4699.22     -2.8077020E-004
          4710.51     -2.8341462E-004
          4721.80     -2.8605767E-004
          4733.09     -2.8869926E-004
          4744.38     -2.9133930E-004
          4755.66     -2.9397770E-004
          4766.95     -2.9661436E-004
          4778.24     -2.9924921E-004
          4789.53     -3.0188215E-004
          4800.82     -3.0451309E-004
          4812.11     -3.0714195E-004
          4823.40     -3.0976862E-004
          4834.69     -3.1239303E-004
          4845.98     -3.1501504E-004
          4857.27     -3.1763422E-004
          4868.55     -3.2025047E-004
          4879.84     -3.2286366E-004
          4891.13     -3.2547373E-004
          4902.42     -3.2808056E-004
          4913.71     -3.3068405E-004
          4925.00     -3.3328408E-004
          4936.29     -3.3588056E-004
          4947.58     -3.3847340E-004
          4958.87     -3.4106249E-004
          4970.16     -3.4364772E-004
          4981.45     -3.4622895E-004
          4992.73     -3.4880612E-004
          5004.02     -3.5137864E-004
          5015.31     -3.5394629E-004
          5026.60     -3.5650896E-004
          5037.89     -3.5906651E-004
          5049.18     -3.6161885E-004
          5060.47     -3.6416584E-004
          5071.76     -3.6670738E-004
          5083.05     -3.6924333E-004
          5094.34     -3.7177359E-004
          5105.62     -3.7429801E-004
          5116.91     -3.7681649E-004
          5128.20     -3.7932889E-004
          5139.49     -3.8183511E-004
          5150.78     -3.8433470E-004
          5162.07     -3.8682729E-004
          5173.36     -3.8931271E-004
          5184.65     -3.9179085E-004
          5195.94     -3.9426159E-004
          5207.23     -3.9672475E-004
          5218.52     -3.9918023E-004
          5229.80     -4.0162790E-004
          5241.09     -4.0406758E-004
          5252.38     -4.0649916E-004
          5263.67     -4.0892252E-004
          5274.96     -4.1133747E-004
          5286.25     -4.1374390E-004
          5297.54     -4.1614153E-004
          5308.83     -4.1852981E-004
          5320.12     -4.2090860E-004
          5331.41     -4.2327770E-004
          5342.70     -4.2563701E-004
          5353.98     -4.2798634E-004
          5365.27     -4.3032556E-004
          5376.56     -4.3265481E-004
          5387.85     -4.3497350E-004
          5399.14     -4.3728144E-004
          5410.43     -4.3957850E-004
          5421.72     -4.4186453E-004
          5433.01     -4.4413936E-004
          5444.30     -4.4640280E-004
          5455.59     -4.4865376E-004
          5466.88     -4.5089196E-004
          5478.16     -4.5311725E-004
          5489.45     -4.5532945E-004
          5500.74     -4.5752836E-004
          5512.03     -4.5971386E-004
          5523.32     -4.6188572E-004
          5534.61     -4.6404382E-004
          5545.90     -4.6618793E-004
          5557.19     -4.6831788E-004
          5568.48     -4.7043352E-004
          5579.77     -4.7251914E-004
          5591.05     -4.7457201E-004
          5602.34     -4.7659171E-004
          5613.63     -4.7857793E-004
          5624.92     -4.8053031E-004
          5636.21     -4.8244844E-004
          5647.50     -4.8433200E-004
          5658.79     -4.8618061E-004
          5670.08     -4.8799315E-004
          5681.37     -4.8965889E-004
          5692.66     -4.9117641E-004
          5703.95     -4.9254425E-004
          5715.23     -4.9376096E-004
          5726.52     -4.9482507E-004
          5737.81     -4.9573513E-004
          5749.10     -4.9648967E-004
          5760.39     -4.9708721E-004
          5771.68     -4.9752628E-004
          5782.97     -4.9781516E-004
          5794.26     -4.9805696E-004
          5805.55     -4.9825132E-004
          5816.84     -4.9839779E-004
          5828.12     -4.9849595E-004
          5839.41     -4.9854544E-004
          5850.70     -4.9854580E-004
          5861.99     -4.9849662E-004
          5873.28     -4.9839748E-004
          5884.57     -4.9824801E-004
          5895.86     -4.9804773E-004
          5907.15     -4.9779566E-004
          5918.44     -4.9744749E-004
          5929.73     -4.9700236E-004
          5941.02     -4.9645943E-004
          5952.30     -4.9581786E-004
          5963.59     -4.9507681E-004
          5974.88     -4.9422694E-004
          5986.17     -4.9325610E-004
          5997.46     -4.9216322E-004
          6008.75     -4.9094730E-004
          6020.04     -4.8960748E-004
          6031.33     -4.8819990E-004
          6042.62     -4.8672398E-004
          6053.91     -4.8517924E-004
          6065.20     -4.8356512E-004
          6076.48     -4.8190041E-004
          6087.77     -4.8019906E-004
          6099.06     -4.7846088E-004
          6110.35     -4.7668568E-004
          6121.64     -4.7486260E-004
          6132.93     -4.7292895E-004
          6144.22     -4.7088382E-004
          6155.51     -4.6875180E-004
          6166.80     -4.6653412E-004
          6178.09     -4.6428861E-004
          6189.38     -4.6203844E-004
          6200.66     -4.5978338E-004
          6211.95     -4.5752332E-004
          6223.24     -4.5525796E-004
          6234.53     -4.5298658E-004
          6245.82     -4.5070918E-004
          6257.11     -4.4842514E-004
          6268.40     -4.4613452E-004
          6279.69     -4.4384206E-004
          6290.98     -4.4154858E-004
          6302.27     -4.3925272E-004
          6313.55     -4.3695374E-004
          6324.84     -4.3465222E-004
          6336.13     -4.3234902E-004
          6347.42     -4.3004100E-004
          6358.71     -4.2772485E-004
          6370.00     -4.2539253E-004
