          3480.00     -7.0511198E-032
          3491.29     -2.4786596E-011
          3502.58     -4.9825345E-011
          3513.87     -7.5301479E-011
          3525.16     -1.0140147E-010
          3536.45     -1.2831448E-010
          3547.73     -1.5623365E-010
          3559.02     -1.8535731E-010
          3570.31     -2.1589049E-010
          3581.60     -2.4804611E-010
          3592.89     -2.8204641E-010
          3604.18     -3.1812356E-010
          3615.47     -3.5652073E-010
          3626.76     -3.9749584E-010
          3638.05     -4.4132192E-010
          3649.34     -4.8828856E-010
          3660.62     -5.3870387E-010
          3671.91     -5.9289598E-010
          3683.20     -6.5121502E-010
          3694.49     -7.1403506E-010
          3705.78     -7.8175598E-010
          3717.07     -8.5480593E-010
          3728.36     -9.3364353E-010
          3739.65     -1.0187601E-009
          3750.94     -1.1106825E-009
          3762.23     -1.2099760E-009
          3773.52     -1.3172468E-009
          3784.80     -1.4331456E-009
          3796.09     -1.5583706E-009
          3807.38     -1.6936728E-009
          3818.67     -1.8398570E-009
          3829.96     -1.9977865E-009
          3841.25     -2.1683885E-009
          3852.54     -2.3526574E-009
          3863.83     -2.5516605E-009
          3875.12     -2.7665432E-009
          3886.41     -2.9985332E-009
          3897.70     -3.2489485E-009
          3908.98     -3.5192019E-009
          3920.27     -3.8108081E-009
          3931.56     -4.1253912E-009
          3942.85     -4.4646919E-009
          3954.14     -4.8305792E-009
          3965.43     -5.2250536E-009
          3976.72     -5.6502564E-009
          3988.01     -6.1084816E-009
          3999.30     -6.6021856E-009
          4010.59     -7.1339967E-009
          4021.88     -7.7067292E-009
          4033.16     -8.3233939E-009
          4044.45     -8.9872120E-009
          4055.74     -9.7016291E-009
          4067.03     -1.0470328E-008
          4078.32     -1.1297247E-008
          4089.61     -1.2186597E-008
          4100.90     -1.3142875E-008
          4112.19     -1.4170888E-008
          4123.48     -1.5275768E-008
          4134.77     -1.6462997E-008
          4146.05     -1.7738429E-008
          4157.34     -1.9108309E-008
          4168.63     -2.0579303E-008
          4179.92     -2.2158526E-008
          4191.21     -2.3853561E-008
          4202.50     -2.5672501E-008
          4213.79     -2.7623971E-008
          4225.08     -2.9717167E-008
          4236.37     -3.1961890E-008
          4247.66     -3.4368576E-008
          4258.95     -3.6948347E-008
          4270.23     -3.9713049E-008
          4281.52     -4.2675289E-008
          4292.81     -4.5848494E-008
          4304.10     -4.9246953E-008
          4315.39     -5.2885868E-008
          4326.68     -5.6781417E-008
          4337.97     -6.0950794E-008
          4349.26     -6.5412293E-008
          4360.55     -7.0185364E-008
          4371.84     -7.5290773E-008
          4383.12     -8.0750389E-008
          4394.41     -8.6587545E-008
          4405.70     -9.2827007E-008
          4416.99     -9.9495095E-008
          4428.28     -1.0661973E-007
          4439.57     -1.1423057E-007
          4450.86     -1.2235910E-007
          4462.15     -1.3103867E-007
          4473.44     -1.4030470E-007
          4484.73     -1.5019476E-007
          4496.02     -1.6074865E-007
          4507.30     -1.7200859E-007
          4518.59     -1.8401928E-007
          4529.88     -1.9682812E-007
          4541.17     -2.1048532E-007
          4552.46     -2.2504403E-007
          4563.75     -2.4056055E-007
          4575.04     -2.5709447E-007
          4586.33     -2.7470886E-007
          4597.62     -2.9347045E-007
          4608.91     -3.1344979E-007
          4620.20     -3.3472156E-007
          4631.48     -3.5736470E-007
          4642.77     -3.8146261E-007
          4654.06     -4.0710350E-007
          4665.35     -4.3438053E-007
          4676.64     -4.6339215E-007
          4687.93     -4.9424234E-007
          4699.22     -5.2704079E-007
          4710.51     -5.6190340E-007
          4721.80     -5.9895248E-007
          4733.09     -6.3831701E-007
          4744.38     -6.8013312E-007
          4755.66     -7.2454434E-007
          4766.95     -7.7170203E-007
          4778.24     -8.2176577E-007
          4789.53     -8.7490360E-007
          4800.82     -9.3129271E-007
          4812.11     -9.9111975E-007
          4823.40     -1.0545811E-006
          4834.69     -1.1218837E-006
          4845.98     -1.1932452E-006
          4857.27     -1.2688948E-006
          4868.55     -1.3490733E-006
          4879.84     -1.4340342E-006
          4891.13     -1.5240441E-006
          4902.42     -1.6193832E-006
          4913.71     -1.7203459E-006
          4925.00     -1.8272416E-006
          4936.29     -1.9403952E-006
          4947.58     -2.0601480E-006
          4958.87     -2.1868583E-006
          4970.16     -2.3209018E-006
          4981.45     -2.4626731E-006
          4992.73     -2.6125860E-006
          5004.02     -2.7710738E-006
          5015.31     -2.9385911E-006
          5026.60     -3.1156145E-006
          5037.89     -3.3026433E-006
          5049.18     -3.5002008E-006
          5060.47     -3.7088339E-006
          5071.76     -3.9291163E-006
          5083.05     -4.1616478E-006
          5094.34     -4.4070554E-006
          5105.62     -4.6659956E-006
          5116.91     -4.9391543E-006
          5128.20     -5.2272485E-006
          5139.49     -5.5310272E-006
          5150.78     -5.8512717E-006
          5162.07     -6.1887983E-006
          5173.36     -6.5444592E-006
          5184.65     -6.9191429E-006
          5195.94     -7.3137768E-006
          5207.23     -7.7293274E-006
          5218.52     -8.1668020E-006
          5229.80     -8.6272502E-006
          5241.09     -9.1117638E-006
          5252.38     -9.6214804E-006
          5263.67     -1.0157584E-005
          5274.96     -1.0721303E-005
          5286.25     -1.1313919E-005
          5297.54     -1.1936760E-005
          5308.83     -1.2591204E-005
          5320.12     -1.3278686E-005
          5331.41     -1.4000690E-005
          5342.70     -1.4758760E-005
          5353.98     -1.5554495E-005
          5365.27     -1.6389549E-005
          5376.56     -1.7265639E-005
          5387.85     -1.8184539E-005
          5399.14     -1.9148083E-005
          5410.43     -2.0158170E-005
          5421.72     -2.1216758E-005
          5433.01     -2.2325871E-005
          5444.30     -2.3487599E-005
          5455.59     -2.4704084E-005
          5466.88     -2.5977545E-005
          5478.16     -2.7310262E-005
          5489.45     -2.8704583E-005
          5500.74     -3.0162921E-005
          5512.03     -3.1687754E-005
          5523.32     -3.3281623E-005
          5534.61     -3.4947136E-005
          5545.90     -3.6686960E-005
          5557.19     -3.8503826E-005
          5568.48     -4.0400523E-005
          5579.77     -4.2379718E-005
          5591.05     -4.4444262E-005
          5602.34     -4.6597080E-005
          5613.63     -4.8841151E-005
          5624.92     -5.1179503E-005
          5636.21     -5.3615200E-005
          5647.50     -5.6151350E-005
          5658.79     -5.8791092E-005
          5670.08     -6.1537579E-005
          5681.37     -6.4392125E-005
          5692.66     -6.7357690E-005
          5703.95     -7.0437266E-005
          5715.23     -7.3633859E-005
          5726.52     -7.6950479E-005
          5737.81     -8.0390141E-005
          5749.10     -8.3955851E-005
          5760.39     -8.7650599E-005
          5771.68     -9.1477347E-005
          5782.97     -9.5439247E-005
          5794.26     -9.9541824E-005
          5805.55     -1.0378821E-004
          5816.84     -1.0818141E-004
          5828.12     -1.1272430E-004
          5839.41     -1.1741959E-004
          5850.70     -1.2226983E-004
          5861.99     -1.2727735E-004
          5873.28     -1.3244424E-004
          5884.57     -1.3777238E-004
          5895.86     -1.4326331E-004
          5907.15     -1.4891827E-004
          5918.44     -1.5473652E-004
          5929.73     -1.6071838E-004
          5941.02     -1.6686381E-004
          5952.30     -1.7317232E-004
          5963.59     -1.7964294E-004
          5974.88     -1.8627379E-004
          5986.17     -1.9306228E-004
          5997.46     -2.0000563E-004
          6008.75     -2.0710042E-004
          6020.04     -2.1434253E-004
          6031.33     -2.2173000E-004
          6042.62     -2.2925732E-004
          6053.91     -2.3691798E-004
          6065.20     -2.4470442E-004
          6076.48     -2.5260902E-004
          6087.77     -2.6062271E-004
          6099.06     -2.6873429E-004
          6110.35     -2.7693101E-004
          6121.64     -2.8519779E-004
          6132.93     -2.9351435E-004
          6144.22     -3.0186235E-004
          6155.51     -3.1022340E-004
          6166.80     -3.1857564E-004
          6178.09     -3.2689907E-004
          6189.38     -3.3516911E-004
          6200.66     -3.4335677E-004
          6211.95     -3.5143011E-004
          6223.24     -3.5935395E-004
          6234.53     -3.6708969E-004
          6245.82     -3.7459511E-004
          6257.11     -3.8182406E-004
          6268.40     -3.8872625E-004
          6279.69     -3.9524736E-004
          6290.98     -4.0132798E-004
          6302.27     -4.0690341E-004
          6313.55     -4.1190353E-004
          6324.84     -4.1625255E-004
          6336.13     -4.1986851E-004
          6347.42     -4.2266247E-004
          6358.71     -4.2453844E-004
          6370.00     -4.2539253E-004
