          3480.00     -4.9385791E-029
          3491.29     -8.4664058E-012
          3502.58     -1.7028831E-011
          3513.87     -2.5760437E-011
          3525.16     -3.4735048E-011
          3536.45     -4.4027804E-011
          3547.73     -5.3715742E-011
          3559.02     -6.3878383E-011
          3570.31     -7.4598391E-011
          3581.60     -8.5962166E-011
          3592.89     -9.8060494E-011
          3604.18     -1.1098893E-010
          3615.47     -1.2484837E-010
          3626.76     -1.3974652E-010
          3638.05     -1.5579826E-010
          3649.34     -1.7312637E-010
          3660.62     -1.9186246E-010
          3671.91     -2.1214771E-010
          3683.20     -2.3413393E-010
          3694.49     -2.5798446E-010
          3705.78     -2.8387518E-010
          3717.07     -3.1199576E-010
          3728.36     -3.4255078E-010
          3739.65     -3.7576094E-010
          3750.94     -4.1186454E-010
          3762.23     -4.5111891E-010
          3773.52     -4.9380194E-010
          3784.80     -5.4021382E-010
          3796.09     -5.9067874E-010
          3807.38     -6.4554760E-010
          3818.67     -7.0519888E-010
          3829.96     -7.7004122E-010
          3841.25     -8.4051607E-010
          3852.54     -9.1710005E-010
          3863.83     -1.0003078E-009
          3875.12     -1.0906948E-009
          3886.41     -1.1888604E-009
          3897.70     -1.2954516E-009
          3908.98     -1.4111665E-009
          3920.27     -1.5367575E-009
          3931.56     -1.6730366E-009
          3942.85     -1.8208789E-009
          3954.14     -1.9812294E-009
          3965.43     -2.1551058E-009
          3976.72     -2.3436037E-009
          3988.01     -2.5479035E-009
          3999.30     -2.7692770E-009
          4010.59     -3.0090923E-009
          4021.88     -3.2688232E-009
          4033.16     -3.5500551E-009
          4044.45     -3.8544940E-009
          4055.74     -4.1839751E-009
          4067.03     -4.5404713E-009
          4078.32     -4.9261042E-009
          4089.61     -5.3431548E-009
          4100.90     -5.7940729E-009
          4112.19     -6.2814918E-009
          4123.48     -6.8082393E-009
          4134.77     -7.3773521E-009
          4146.05     -7.9920910E-009
          4157.34     -8.6559540E-009
          4168.63     -9.3726963E-009
          4179.92     -1.0146347E-008
          4191.21     -1.0981225E-008
          4202.50     -1.1881964E-008
          4213.79     -1.2853531E-008
          4225.08     -1.3901248E-008
          4236.37     -1.5030820E-008
          4247.66     -1.6248356E-008
          4258.95     -1.7560400E-008
          4270.23     -1.8973959E-008
          4281.52     -2.0496532E-008
          4292.81     -2.2136149E-008
          4304.10     -2.3901400E-008
          4315.39     -2.5801475E-008
          4326.68     -2.7846203E-008
          4337.97     -3.0046090E-008
          4349.26     -3.2412372E-008
          4360.55     -3.4957057E-008
          4371.84     -3.7693022E-008
          4383.12     -4.0633928E-008
          4394.41     -4.3794409E-008
          4405.70     -4.7190087E-008
          4416.99     -5.0837646E-008
          4428.28     -5.4754881E-008
          4439.57     -5.8960791E-008
          4450.86     -6.3475643E-008
          4462.15     -6.8321038E-008
          4473.44     -7.3520023E-008
          4484.73     -7.9097159E-008
          4496.02     -8.5078624E-008
          4507.30     -9.1492313E-008
          4518.59     -9.8367926E-008
          4529.88     -1.0573711E-007
          4541.17     -1.1363356E-007
          4552.46     -1.2209313E-007
          4563.75     -1.3115400E-007
          4575.04     -1.4085678E-007
          4586.33     -1.5124466E-007
          4597.62     -1.6236360E-007
          4608.91     -1.7426241E-007
          4620.20     -1.8699303E-007
          4631.48     -2.0061065E-007
          4642.77     -2.1517386E-007
          4654.06     -2.3074494E-007
          4665.35     -2.4739002E-007
          4676.64     -2.6517932E-007
          4687.93     -2.8418735E-007
          4699.22     -3.0449318E-007
          4710.51     -3.2618070E-007
          4721.80     -3.4933893E-007
          4733.09     -3.7406219E-007
          4744.38     -4.0045053E-007
          4755.66     -4.2860998E-007
          4766.95     -4.5865289E-007
          4778.24     -4.9069830E-007
          4789.53     -5.2487221E-007
          4800.82     -5.6130811E-007
          4812.11     -6.0014732E-007
          4823.40     -6.4153928E-007
          4834.69     -6.8564223E-007
          4845.98     -7.3262347E-007
          4857.27     -7.8265984E-007
          4868.55     -8.3593844E-007
          4879.84     -8.9265685E-007
          4891.13     -9.5302402E-007
          4902.42     -1.0172607E-006
          4913.71     -1.0855997E-006
          4925.00     -1.1582872E-006
          4936.29     -1.2355829E-006
          4947.58     -1.3177608E-006
          4958.87     -1.4051100E-006
          4970.16     -1.4979354E-006
          4981.45     -1.5965584E-006
          4992.73     -1.7013180E-006
          5004.02     -1.8125707E-006
          5015.31     -1.9306925E-006
          5026.60     -2.0560795E-006
          5037.89     -2.1891487E-006
          5049.18     -2.3303389E-006
          5060.47     -2.4801117E-006
          5071.76     -2.6389528E-006
          5083.05     -2.8073731E-006
          5094.34     -2.9859093E-006
          5105.62     -3.1751255E-006
          5116.91     -3.3756145E-006
          5128.20     -3.5879987E-006
          5139.49     -3.8129318E-006
          5150.78     -4.0510988E-006
          5162.07     -4.3032190E-006
          5173.36     -4.5700471E-006
          5184.65     -4.8523735E-006
          5195.94     -5.1510275E-006
          5207.23     -5.4668777E-006
          5218.52     -5.8008334E-006
          5229.80     -6.1538473E-006
          5241.09     -6.5269152E-006
          5252.38     -6.9210795E-006
          5263.67     -7.3374307E-006
          5274.96     -7.7771070E-006
          5286.25     -8.2412991E-006
          5297.54     -8.7312493E-006
          5308.83     -9.2482540E-006
          5320.12     -9.7936671E-006
          5331.41     -1.0368899E-005
          5342.70     -1.0975422E-005
          5353.98     -1.1614770E-005
          5365.27     -1.2288537E-005
          5376.56     -1.2998389E-005
          5387.85     -1.3746052E-005
          5399.14     -1.4533323E-005
          5410.43     -1.5362072E-005
          5421.72     -1.6234237E-005
          5433.01     -1.7151833E-005
          5444.30     -1.8116949E-005
          5455.59     -1.9131744E-005
          5466.88     -2.0198460E-005
          5478.16     -2.1319420E-005
          5489.45     -2.2497025E-005
          5500.74     -2.3733759E-005
          5512.03     -2.5032186E-005
          5523.32     -2.6394951E-005
          5534.61     -2.7824788E-005
          5545.90     -2.9324506E-005
          5557.19     -3.0897001E-005
          5568.48     -3.2545251E-005
          5579.77     -3.4272168E-005
          5591.05     -3.6080847E-005
          5602.34     -3.7974478E-005
          5613.63     -3.9956335E-005
          5624.92     -4.2029766E-005
          5636.21     -4.4198185E-005
          5647.50     -4.6465081E-005
          5658.79     -4.8834008E-005
          5670.08     -5.1308567E-005
          5681.37     -5.3890859E-005
          5692.66     -5.6584385E-005
          5703.95     -5.9392708E-005
          5715.23     -6.2319446E-005
          5726.52     -6.5368255E-005
          5737.81     -6.8542835E-005
          5749.10     -7.1846917E-005
          5760.39     -7.5284251E-005
          5771.68     -7.8858602E-005
          5782.97     -8.2573932E-005
          5794.26     -8.6436301E-005
          5805.55     -9.0449742E-005
          5816.84     -9.4618203E-005
          5828.12     -9.8945545E-005
          5839.41     -1.0343551E-004
          5850.70     -1.0809169E-004
          5861.99     -1.1291753E-004
          5873.28     -1.1791626E-004
          5884.57     -1.2309090E-004
          5895.86     -1.2844423E-004
          5907.15     -1.3397867E-004
          5918.44     -1.3969491E-004
          5929.73     -1.4559455E-004
          5941.02     -1.5167882E-004
          5952.30     -1.5794852E-004
          5963.59     -1.6440396E-004
          5974.88     -1.7104460E-004
          5986.17     -1.7786916E-004
          5997.46     -1.8487610E-004
          6008.75     -1.9206322E-004
          6020.04     -1.9942758E-004
          6031.33     -2.0696814E-004
          6042.62     -2.1468043E-004
          6053.91     -2.2255891E-004
          6065.20     -2.3059686E-004
          6076.48     -2.3878733E-004
          6087.77     -2.4712178E-004
          6099.06     -2.5558939E-004
          6110.35     -2.6417760E-004
          6121.64     -2.7287133E-004
          6132.93     -2.8165014E-004
          6144.22     -2.9049506E-004
          6155.51     -2.9938670E-004
          6166.80     -3.0830187E-004
          6178.09     -3.1721875E-004
          6189.38     -3.2611052E-004
          6200.66     -3.3494552E-004
          6211.95     -3.4368849E-004
          6223.24     -3.5230029E-004
          6234.53     -3.6073758E-004
          6245.82     -3.6895261E-004
          6257.11     -3.7689280E-004
          6268.40     -3.8450041E-004
          6279.69     -3.9171259E-004
          6290.98     -3.9846021E-004
          6302.27     -4.0466751E-004
          6313.55     -4.1025191E-004
          6324.84     -4.1512354E-004
          6336.13     -4.1918466E-004
          6347.42     -4.2232868E-004
          6358.71     -4.2443991E-004
          6370.00     -4.2539253E-004
