          3480.00      3.0209969E-034
          3491.29     -5.7323785E-004
          3502.58     -1.1472201E-003
          3513.87     -1.7222368E-003
          3525.16     -2.2985737E-003
          3536.45     -2.8765150E-003
          3547.73     -3.4563419E-003
          3559.02     -4.0383317E-003
          3570.31     -4.6227606E-003
          3581.60     -5.2099022E-003
          3592.89     -5.8000275E-003
          3604.18     -6.3934065E-003
          3615.47     -6.9903052E-003
          3626.76     -7.5909898E-003
          3638.05     -8.1957247E-003
          3649.34     -8.8047711E-003
          3660.62     -9.4183905E-003
          3671.91     -1.0036843E-002
          3683.20     -1.0660386E-002
          3694.49     -1.1289278E-002
          3705.78     -1.1923774E-002
          3717.07     -1.2564130E-002
          3728.36     -1.3210602E-002
          3739.65     -1.3863443E-002
          3750.94     -1.4522905E-002
          3762.23     -1.5189243E-002
          3773.52     -1.5862708E-002
          3784.80     -1.6543554E-002
          3796.09     -1.7232031E-002
          3807.38     -1.7928391E-002
          3818.67     -1.8632885E-002
          3829.96     -1.9345766E-002
          3841.25     -2.0067283E-002
          3852.54     -2.0797689E-002
          3863.83     -2.1537235E-002
          3875.12     -2.2286174E-002
          3886.41     -2.3044755E-002
          3897.70     -2.3813233E-002
          3908.98     -2.4591860E-002
          3920.27     -2.5380888E-002
          3931.56     -2.6180571E-002
          3942.85     -2.6991162E-002
          3954.14     -2.7812916E-002
          3965.43     -2.8646089E-002
          3976.72     -2.9490934E-002
          3988.01     -3.0347709E-002
          3999.30     -3.1216670E-002
          4010.59     -3.2098074E-002
          4021.88     -3.2992179E-002
          4033.16     -3.3899244E-002
          4044.45     -3.4819529E-002
          4055.74     -3.5753295E-002
          4067.03     -3.6700801E-002
          4078.32     -3.7662309E-002
          4089.61     -3.8638085E-002
          4100.90     -3.9628388E-002
          4112.19     -4.0633485E-002
          4123.48     -4.1653640E-002
          4134.77     -4.2689121E-002
          4146.05     -4.3740193E-002
          4157.34     -4.4807124E-002
          4168.63     -4.5890183E-002
          4179.92     -4.6989640E-002
          4191.21     -4.8105763E-002
          4202.50     -4.9238825E-002
          4213.79     -5.0389097E-002
          4225.08     -5.1556853E-002
          4236.37     -5.2742366E-002
          4247.66     -5.3945910E-002
          4258.95     -5.5167759E-002
          4270.23     -5.6408191E-002
          4281.52     -5.7667480E-002
          4292.81     -5.8945905E-002
          4304.10     -6.0243743E-002
          4315.39     -6.1561273E-002
          4326.68     -6.2898774E-002
          4337.97     -6.4256525E-002
          4349.26     -6.5634806E-002
          4360.55     -6.7033899E-002
          4371.84     -6.8454083E-002
          4383.12     -6.9895641E-002
          4394.41     -7.1358854E-002
          4405.70     -7.2844003E-002
          4416.99     -7.4351374E-002
          4428.28     -7.5881245E-002
          4439.57     -7.7433900E-002
          4450.86     -7.9009624E-002
          4462.15     -8.0608696E-002
          4473.44     -8.2231400E-002
          4484.73     -8.3878019E-002
          4496.02     -8.5548834E-002
          4507.30     -8.7244129E-002
          4518.59     -8.8964182E-002
          4529.88     -9.0709276E-002
          4541.17     -9.2479693E-002
          4552.46     -9.4275709E-002
          4563.75     -9.6097605E-002
          4575.04     -9.7945660E-002
          4586.33     -9.9820150E-002
          4597.62     -1.0172135E-001
          4608.91     -1.0364954E-001
          4620.20     -1.0560499E-001
          4631.48     -1.0758798E-001
          4642.77     -1.0959876E-001
          4654.06     -1.1163762E-001
          4665.35     -1.1370483E-001
          4676.64     -1.1580064E-001
          4687.93     -1.1792532E-001
          4699.22     -1.2007913E-001
          4710.51     -1.2226234E-001
          4721.80     -1.2447519E-001
          4733.09     -1.2671795E-001
          4744.38     -1.2899087E-001
          4755.66     -1.3129419E-001
          4766.95     -1.3362816E-001
          4778.24     -1.3599302E-001
          4789.53     -1.3838902E-001
          4800.82     -1.4081638E-001
          4812.11     -1.4327535E-001
          4823.40     -1.4576614E-001
          4834.69     -1.4828898E-001
          4845.98     -1.5084410E-001
          4857.27     -1.5343171E-001
          4868.55     -1.5605201E-001
          4879.84     -1.5870522E-001
          4891.13     -1.6139153E-001
          4902.42     -1.6411115E-001
          4913.71     -1.6686425E-001
          4925.00     -1.6965102E-001
          4936.29     -1.7247165E-001
          4947.58     -1.7532630E-001
          4958.87     -1.7821514E-001
          4970.16     -1.8113832E-001
          4981.45     -1.8409600E-001
          4992.73     -1.8708832E-001
          5004.02     -1.9011542E-001
          5015.31     -1.9317743E-001
          5026.60     -1.9627446E-001
          5037.89     -1.9940662E-001
          5049.18     -2.0257404E-001
          5060.47     -2.0577678E-001
          5071.76     -2.0901495E-001
          5083.05     -2.1228861E-001
          5094.34     -2.1559783E-001
          5105.62     -2.1894266E-001
          5116.91     -2.2232316E-001
          5128.20     -2.2573934E-001
          5139.49     -2.2919124E-001
          5150.78     -2.3267886E-001
          5162.07     -2.3620221E-001
          5173.36     -2.3976126E-001
          5184.65     -2.4335598E-001
          5195.94     -2.4698635E-001
          5207.23     -2.5065230E-001
          5218.52     -2.5435376E-001
          5229.80     -2.5809066E-001
          5241.09     -2.6186288E-001
          5252.38     -2.6567033E-001
          5263.67     -2.6951287E-001
          5274.96     -2.7339035E-001
          5286.25     -2.7730261E-001
          5297.54     -2.8124947E-001
          5308.83     -2.8523074E-001
          5320.12     -2.8924621E-001
          5331.41     -2.9329562E-001
          5342.70     -2.9737874E-001
          5353.98     -3.0149528E-001
          5365.27     -3.0564496E-001
          5376.56     -3.0982746E-001
          5387.85     -3.1404244E-001
          5399.14     -3.1828955E-001
          5410.43     -3.2256841E-001
          5421.72     -3.2687861E-001
          5433.01     -3.3121973E-001
          5444.30     -3.3559131E-001
          5455.59     -3.3999288E-001
          5466.88     -3.4442393E-001
          5478.16     -3.4888394E-001
          5489.45     -3.5337236E-001
          5500.74     -3.5788860E-001
          5512.03     -3.6243204E-001
          5523.32     -3.6700205E-001
          5534.61     -3.7159797E-001
          5545.90     -3.7621909E-001
          5557.19     -3.8086467E-001
          5568.48     -3.8553396E-001
          5579.77     -3.9022616E-001
          5591.05     -3.9494045E-001
          5602.34     -3.9967595E-001
          5613.63     -4.0443177E-001
          5624.92     -4.0920699E-001
          5636.21     -4.1400062E-001
          5647.50     -4.1881166E-001
          5658.79     -4.2363906E-001
          5670.08     -4.2848174E-001
          5681.37     -4.3333858E-001
          5692.66     -4.3820840E-001
          5703.95     -4.4309000E-001
          5715.23     -4.4798213E-001
          5726.52     -4.5288348E-001
          5737.81     -4.5779273E-001
          5749.10     -4.6270849E-001
          5760.39     -4.6762932E-001
          5771.68     -4.7255374E-001
          5782.97     -4.7748023E-001
          5794.26     -4.8240720E-001
          5805.55     -4.8733303E-001
          5816.84     -4.9225603E-001
          5828.12     -4.9717447E-001
          5839.41     -5.0208656E-001
          5850.70     -5.0699045E-001
          5861.99     -5.1188425E-001
          5873.28     -5.1676598E-001
          5884.57     -5.2163364E-001
          5895.86     -5.2648515E-001
          5907.15     -5.3131836E-001
          5918.44     -5.3613107E-001
          5929.73     -5.4092101E-001
          5941.02     -5.4568586E-001
          5952.30     -5.5042321E-001
          5963.59     -5.5513059E-001
          5974.88     -5.5980547E-001
          5986.17     -5.6444525E-001
          5997.46     -5.6904723E-001
          6008.75     -5.7360867E-001
          6020.04     -5.7812674E-001
          6031.33     -5.8259853E-001
          6042.62     -5.8702107E-001
          6053.91     -5.9139128E-001
          6065.20     -5.9570602E-001
          6076.48     -5.9996207E-001
          6087.77     -6.0415612E-001
          6099.06     -6.0828475E-001
          6110.35     -6.1234450E-001
          6121.64     -6.1633179E-001
          6132.93     -6.2024294E-001
          6144.22     -6.2407421E-001
          6155.51     -6.2782173E-001
          6166.80     -6.3148156E-001
          6178.09     -6.3504965E-001
          6189.38     -6.3852186E-001
          6200.66     -6.4189392E-001
          6211.95     -6.4516149E-001
          6223.24     -6.4832011E-001
          6234.53     -6.5136521E-001
          6245.82     -6.5429212E-001
          6257.11     -6.5709604E-001
          6268.40     -6.5977207E-001
          6279.69     -6.6231520E-001
          6290.98     -6.6472028E-001
          6302.27     -6.6698206E-001
          6313.55     -6.6909517E-001
          6324.84     -6.7105409E-001
          6336.13     -6.7285321E-001
          6347.42     -6.7448675E-001
          6358.71     -6.7594883E-001
          6370.00     -6.7723343E-001
