          3480.00      6.1189005E-023
          3491.29      1.3362112E+001
          3502.58      2.6781531E+001
          3513.87      4.0296465E+001
          3525.16      5.3944920E+001
          3536.45      6.7764870E+001
          3547.73      8.1794336E+001
          3559.02      9.6071439E+001
          3570.31      1.1063458E+002
          3581.60      1.2552248E+002
          3592.89      1.4077431E+002
          3604.18      1.5642976E+002
          3615.47      1.7252912E+002
          3626.76      1.8911341E+002
          3638.05      2.0622448E+002
          3649.34      2.2390503E+002
          3660.62      2.4219877E+002
          3671.91      2.6115050E+002
          3683.20      2.8080619E+002
          3694.49      3.0121307E+002
          3705.78      3.2241971E+002
          3717.07      3.4447614E+002
          3728.36      3.6743399E+002
          3739.65      3.9134642E+002
          3750.94      4.1626843E+002
          3762.23      4.4225682E+002
          3773.52      4.6937032E+002
          3784.80      4.9766975E+002
          3796.09      5.2721797E+002
          3807.38      5.5808020E+002
          3818.67      5.9032399E+002
          3829.96      6.2401929E+002
          3841.25      6.5923871E+002
          3852.54      6.9605754E+002
          3863.83      7.3455389E+002
          3875.12      7.7480882E+002
          3886.41      8.1690635E+002
          3897.70      8.6093382E+002
          3908.98      9.0698187E+002
          3920.27      9.5514447E+002
          3931.56      1.0055193E+003
          3942.85      1.0582077E+003
          3954.14      1.1133150E+003
          3965.43      1.1709505E+003
          3976.72      1.2312274E+003
          3988.01      1.2942637E+003
          3999.30      1.3601816E+003
          4010.59      1.4291079E+003
          4021.88      1.5011743E+003
          4033.16      1.5765177E+003
          4044.45      1.6552798E+003
          4055.74      1.7376080E+003
          4067.03      1.8236548E+003
          4078.32      1.9135789E+003
          4089.61      2.0075446E+003
          4100.90      2.1057225E+003
          4112.19      2.2082893E+003
          4123.48      2.3154285E+003
          4134.77      2.4273303E+003
          4146.05      2.5441917E+003
          4157.34      2.6662170E+003
          4168.63      2.7936179E+003
          4179.92      2.9266140E+003
          4191.21      3.0654324E+003
          4202.50      3.2103086E+003
          4213.79      3.3614865E+003
          4225.08      3.5192187E+003
          4236.37      3.6837668E+003
          4247.66      3.8554011E+003
          4258.95      4.0344019E+003
          4270.23      4.2210595E+003
          4281.52      4.4156732E+003
          4292.81      4.6185538E+003
          4304.10      4.8300219E+003
          4315.39      5.0504097E+003
          4326.68      5.2800602E+003
          4337.97      5.5193280E+003
          4349.26      5.7685796E+003
          4360.55      6.0281941E+003
          4371.84      6.2985625E+003
          4383.12      6.5800890E+003
          4394.41      6.8731911E+003
          4405.70      7.1782998E+003
          4416.99      7.4958603E+003
          4428.28      7.8263310E+003
          4439.57      8.1701861E+003
          4450.86      8.5279147E+003
          4462.15      8.9000201E+003
          4473.44      9.2870226E+003
          4484.73      9.6894580E+003
          4496.02      1.0107879E+004
          4507.30      1.0542855E+004
          4518.59      1.0994971E+004
          4529.88      1.1464833E+004
          4541.17      1.1953062E+004
          4552.46      1.2460299E+004
          4563.75      1.2987202E+004
          4575.04      1.3534451E+004
          4586.33      1.4102744E+004
          4597.62      1.4692798E+004
          4608.91      1.5305350E+004
          4620.20      1.5941161E+004
          4631.48      1.6601011E+004
          4642.77      1.7285699E+004
          4654.06      1.7996049E+004
          4665.35      1.8732907E+004
          4676.64      1.9497140E+004
          4687.93      2.0289640E+004
          4699.22      2.1111318E+004
          4710.51      2.1963114E+004
          4721.80      2.2845987E+004
          4733.09      2.3760923E+004
          4744.38      2.4708930E+004
          4755.66      2.5691044E+004
          4766.95      2.6708323E+004
          4778.24      2.7761853E+004
          4789.53      2.8852740E+004
          4800.82      2.9982121E+004
          4812.11      3.1151158E+004
          4823.40      3.2361034E+004
          4834.69      3.3612964E+004
          4845.98      3.4908185E+004
          4857.27      3.6247962E+004
          4868.55      3.7633586E+004
          4879.84      3.9066372E+004
          4891.13      4.0547664E+004
          4902.42      4.2078830E+004
          4913.71      4.3661261E+004
          4925.00      4.5296380E+004
          4936.29      4.6985629E+004
          4947.58      4.8730477E+004
          4958.87      5.0532422E+004
          4970.16      5.2392976E+004
          4981.45      5.4313682E+004
          4992.73      5.6296107E+004
          5004.02      5.8341833E+004
          5015.31      6.0452469E+004
          5026.60      6.2629644E+004
          5037.89      6.4875006E+004
          5049.18      6.7190223E+004
          5060.47      6.9576976E+004
          5071.76      7.2036967E+004
          5083.05      7.4571914E+004
          5094.34      7.7183540E+004
          5105.62      7.9873590E+004
          5116.91      8.2643814E+004
          5128.20      8.5495970E+004
          5139.49      8.8431828E+004
          5150.78      9.1453152E+004
          5162.07      9.4561714E+004
          5173.36      9.7759289E+004
          5184.65      1.0104764E+005
          5195.94      1.0442852E+005
          5207.23      1.0790370E+005
          5218.52      1.1147490E+005
          5229.80      1.1514385E+005
          5241.09      1.1891226E+005
          5252.38      1.2278179E+005
          5263.67      1.2675410E+005
          5274.96      1.3083081E+005
          5286.25      1.3501350E+005
          5297.54      1.3930370E+005
          5308.83      1.4370290E+005
          5320.12      1.4821255E+005
          5331.41      1.5283401E+005
          5342.70      1.5756859E+005
          5353.98      1.6241754E+005
          5365.27      1.6738201E+005
          5376.56      1.7246307E+005
          5387.85      1.7766170E+005
          5399.14      1.8297876E+005
          5410.43      1.8841502E+005
          5421.72      1.9397111E+005
          5433.01      1.9964753E+005
          5444.30      2.0544466E+005
          5455.59      2.1136269E+005
          5466.88      2.1740167E+005
          5478.16      2.2356148E+005
          5489.45      2.2984180E+005
          5500.74      2.3624210E+005
          5512.03      2.4276165E+005
          5523.32      2.4939947E+005
          5534.61      2.5615436E+005
          5545.90      2.6302484E+005
          5557.19      2.7000914E+005
          5568.48      2.7710522E+005
          5579.77      2.8431072E+005
          5591.05      2.9162294E+005
          5602.34      2.9903880E+005
          5613.63      3.0655488E+005
          5624.92      3.1416737E+005
          5636.21      3.2187198E+005
          5647.50      3.2966403E+005
          5658.79      3.3753834E+005
          5670.08      3.4548925E+005
          5681.37      3.5351057E+005
          5692.66      3.6159553E+005
          5703.95      3.6973680E+005
          5715.23      3.7792643E+005
          5726.52      3.8615581E+005
          5737.81      3.9441564E+005
          5749.10      4.0269592E+005
          5760.39      4.1098586E+005
          5771.68      4.1927391E+005
          5782.97      4.2754763E+005
          5794.26      4.3579373E+005
          5805.55      4.4399801E+005
          5816.84      4.5214523E+005
          5828.12      4.6021920E+005
          5839.41      4.6820261E+005
          5850.70      4.7607703E+005
          5861.99      4.8382288E+005
          5873.28      4.9141929E+005
          5884.57      4.9884412E+005
          5895.86      5.0607388E+005
          5907.15      5.1308362E+005
          5918.44      5.1984693E+005
          5929.73      5.2633583E+005
          5941.02      5.3252068E+005
          5952.30      5.3837017E+005
          5963.59      5.4385116E+005
          5974.88      5.4892865E+005
          5986.17      5.5356570E+005
          5997.46      5.5772329E+005
          6008.75      5.6136030E+005
          6020.04      5.6443334E+005
          6031.33      5.6689671E+005
          6042.62      5.6870226E+005
          6053.91      5.6979929E+005
          6065.20      5.7013446E+005
          6076.48      5.6965165E+005
          6087.77      5.6829183E+005
          6099.06      5.6599298E+005
          6110.35      5.6268991E+005
          6121.64      5.5831416E+005
          6132.93      5.5279382E+005
          6144.22      5.4605346E+005
          6155.51      5.3801389E+005
          6166.80      5.2859206E+005
          6178.09      5.1770088E+005
          6189.38      5.0524905E+005
          6200.66      4.9114091E+005
          6211.95      4.7527621E+005
          6223.24      4.5754995E+005
          6234.53      4.3785223E+005
          6245.82      4.1606796E+005
          6257.11      3.9207670E+005
          6268.40      3.6575249E+005
          6279.69      3.3696351E+005
          6290.98      3.0557194E+005
          6302.27      2.7143370E+005
          6313.55      2.3439812E+005
          6324.84      1.9430791E+005
          6336.13      1.5099858E+005
          6347.42      1.0429835E+005
          6358.71      5.4027925E+004
          6370.00     -8.7661433E-061
