          3480.00     -1.4278499E-034
          3491.29     -9.7433937E-010
          3502.58     -1.9552352E-009
          3513.87     -2.9466494E-009
          3525.16     -3.9525416E-009
          3536.45     -4.9768905E-009
          3547.73     -6.0237064E-009
          3559.02     -7.0970435E-009
          3570.31     -8.2010198E-009
          3581.60     -9.3398288E-009
          3592.89     -1.0517755E-008
          3604.18     -1.1739158E-008
          3615.47     -1.3008479E-008
          3626.76     -1.4330338E-008
          3638.05     -1.5709501E-008
          3649.34     -1.7150895E-008
          3660.62     -1.8659629E-008
          3671.91     -2.0241005E-008
          3683.20     -2.1900533E-008
          3694.49     -2.3643950E-008
          3705.78     -2.5477230E-008
          3717.07     -2.7406610E-008
          3728.36     -2.9438602E-008
          3739.65     -3.1580007E-008
          3750.94     -3.3837944E-008
          3762.23     -3.6219857E-008
          3773.52     -3.8733544E-008
          3784.80     -4.1387173E-008
          3796.09     -4.4189304E-008
          3807.38     -4.7148957E-008
          3818.67     -5.0275553E-008
          3829.96     -5.3578961E-008
          3841.25     -5.7069547E-008
          3852.54     -6.0758179E-008
          3863.83     -6.4656265E-008
          3875.12     -6.8775778E-008
          3886.41     -7.3129269E-008
          3897.70     -7.7729924E-008
          3908.98     -8.2591581E-008
          3920.27     -8.7728746E-008
          3931.56     -9.3156657E-008
          3942.85     -9.8891296E-008
          3954.14     -1.0494952E-007
          3965.43     -1.1134896E-007
          3976.72     -1.1810808E-007
          3988.01     -1.2524628E-007
          3999.30     -1.3278388E-007
          4010.59     -1.4074220E-007
          4021.88     -1.4914359E-007
          4033.16     -1.5801150E-007
          4044.45     -1.6737049E-007
          4055.74     -1.7724633E-007
          4067.03     -1.8766599E-007
          4078.32     -1.9865777E-007
          4089.61     -2.1025131E-007
          4100.90     -2.2247763E-007
          4112.19     -2.3536926E-007
          4123.48     -2.4896024E-007
          4134.77     -2.6328623E-007
          4146.05     -2.7838456E-007
          4157.34     -2.9429426E-007
          4168.63     -3.1105621E-007
          4179.92     -3.2871320E-007
          4191.21     -3.4730995E-007
          4202.50     -3.6689327E-007
          4213.79     -3.8751210E-007
          4225.08     -4.0921760E-007
          4236.37     -4.3206330E-007
          4247.66     -4.5610506E-007
          4258.95     -4.8140128E-007
          4270.23     -5.0801303E-007
          4281.52     -5.3600403E-007
          4292.81     -5.6544091E-007
          4304.10     -5.9639322E-007
          4315.39     -6.2893358E-007
          4326.68     -6.6313782E-007
          4337.97     -6.9908499E-007
          4349.26     -7.3685770E-007
          4360.55     -7.7654209E-007
          4371.84     -8.1822914E-007
          4383.12     -8.6201149E-007
          4394.41     -9.0798685E-007
          4405.70     -9.5625694E-007
          4416.99     -1.0069280E-006
          4428.28     -1.0601105E-006
          4439.57     -1.1159197E-006
          4450.86     -1.1744759E-006
          4462.15     -1.2359039E-006
          4473.44     -1.3003342E-006
          4484.73     -1.3679021E-006
          4496.02     -1.4387490E-006
          4507.30     -1.5130217E-006
          4518.59     -1.5908729E-006
          4529.88     -1.6724618E-006
          4541.17     -1.7579539E-006
          4552.46     -1.8475209E-006
          4563.75     -1.9413420E-006
          4575.04     -2.0396029E-006
          4586.33     -2.1424970E-006
          4597.62     -2.2502250E-006
          4608.91     -2.3629953E-006
          4620.20     -2.4810247E-006
          4631.48     -2.6045382E-006
          4642.77     -2.7337691E-006
          4654.06     -2.8689600E-006
          4665.35     -3.0103624E-006
          4676.64     -3.1582374E-006
          4687.93     -3.3128559E-006
          4699.22     -3.4744984E-006
          4710.51     -3.6434562E-006
          4721.80     -3.8200314E-006
          4733.09     -4.0045365E-006
          4744.38     -4.1972958E-006
          4755.66     -4.3986451E-006
          4766.95     -4.6089324E-006
          4778.24     -4.8285180E-006
          4789.53     -5.0577743E-006
          4800.82     -5.2970876E-006
          4812.11     -5.5468575E-006
          4823.40     -5.8074965E-006
          4834.69     -6.0794323E-006
          4845.98     -6.3631067E-006
          4857.27     -6.6589754E-006
          4868.55     -6.9675107E-006
          4879.84     -7.2891996E-006
          4891.13     -7.6245460E-006
          4902.42     -7.9740704E-006
          4913.71     -8.3383093E-006
          4925.00     -8.7178170E-006
          4936.29     -9.1131655E-006
          4947.58     -9.5249448E-006
          4958.87     -9.9537637E-006
          4970.16     -1.0400249E-005
          4981.45     -1.0865046E-005
          4992.73     -1.1348823E-005
          5004.02     -1.1852263E-005
          5015.31     -1.2376072E-005
          5026.60     -1.2920977E-005
          5037.89     -1.3487725E-005
          5049.18     -1.4077088E-005
          5060.47     -1.4689855E-005
          5071.76     -1.5326842E-005
          5083.05     -1.5988884E-005
          5094.34     -1.6676839E-005
          5105.62     -1.7391591E-005
          5116.91     -1.8134044E-005
          5128.20     -1.8905129E-005
          5139.49     -1.9705799E-005
          5150.78     -2.0537028E-005
          5162.07     -2.1399817E-005
          5173.36     -2.2295192E-005
          5184.65     -2.3224203E-005
          5195.94     -2.4187924E-005
          5207.23     -2.5187457E-005
          5218.52     -2.6223927E-005
          5229.80     -2.7298485E-005
          5241.09     -2.8412303E-005
          5252.38     -2.9566582E-005
          5263.67     -3.0762547E-005
          5274.96     -3.2001445E-005
          5286.25     -3.3284550E-005
          5297.54     -3.4613156E-005
          5308.83     -3.5988579E-005
          5320.12     -3.7412163E-005
          5331.41     -3.8885269E-005
          5342.70     -4.0409286E-005
          5353.98     -4.1985622E-005
          5365.27     -4.3615703E-005
          5376.56     -4.5300981E-005
          5387.85     -4.7042917E-005
          5399.14     -4.8842994E-005
          5410.43     -5.0702711E-005
          5421.72     -5.2623581E-005
          5433.01     -5.4607131E-005
          5444.30     -5.6654902E-005
          5455.59     -5.8768422E-005
          5466.88     -6.0949247E-005
          5478.16     -6.3198937E-005
          5489.45     -6.5519057E-005
          5500.74     -6.7911173E-005
          5512.03     -7.0376846E-005
          5523.32     -7.2917638E-005
          5534.61     -7.5535104E-005
          5545.90     -7.8230779E-005
          5557.19     -8.1006195E-005
          5568.48     -8.3862860E-005
          5579.77     -8.6801892E-005
          5591.05     -8.9824659E-005
          5602.34     -9.2932546E-005
          5613.63     -9.6126914E-005
          5624.92     -9.9409083E-005
          5636.21     -1.0278032E-004
          5647.50     -1.0624185E-004
          5658.79     -1.0979485E-004
          5670.08     -1.1344039E-004
          5681.37     -1.1717610E-004
          5692.66     -1.2100261E-004
          5703.95     -1.2492053E-004
          5715.23     -1.2893038E-004
          5726.52     -1.3303260E-004
          5737.81     -1.3722755E-004
          5749.10     -1.4151550E-004
          5760.39     -1.4589664E-004
          5771.68     -1.5037104E-004
          5782.97     -1.5493904E-004
          5794.26     -1.5960473E-004
          5805.55     -1.6436819E-004
          5816.84     -1.6922933E-004
          5828.12     -1.7418786E-004
          5839.41     -1.7924328E-004
          5850.70     -1.8439490E-004
          5861.99     -1.8964178E-004
          5873.28     -1.9498274E-004
          5884.57     -2.0041635E-004
          5895.86     -2.0594090E-004
          5907.15     -2.1155434E-004
          5918.44     -2.1725206E-004
          5929.73     -2.2303125E-004
          5941.02     -2.2888877E-004
          5952.30     -2.3482116E-004
          5963.59     -2.4082459E-004
          5974.88     -2.4689435E-004
          5986.17     -2.5302514E-004
          5997.46     -2.5921184E-004
          6008.75     -2.6544893E-004
          6020.04     -2.7173043E-004
          6031.33     -2.7805360E-004
          6042.62     -2.8441170E-004
          6053.91     -2.9079738E-004
          6065.20     -2.9720272E-004
          6076.48     -3.0362046E-004
          6087.77     -3.1004240E-004
          6099.06     -3.1645867E-004
          6110.35     -3.2285856E-004
          6121.64     -3.2922975E-004
          6132.93     -3.3555506E-004
          6144.22     -3.4182088E-004
          6155.51     -3.4801479E-004
          6166.80     -3.5412170E-004
          6178.09     -3.6013005E-004
          6189.38     -3.6602468E-004
          6200.66     -3.7178731E-004
          6211.95     -3.7739842E-004
          6223.24     -3.8283706E-004
          6234.53     -3.8808084E-004
          6245.82     -3.9310591E-004
          6257.11     -3.9788680E-004
          6268.40     -4.0239643E-004
          6279.69     -4.0660640E-004
          6290.98     -4.1048617E-004
          6302.27     -4.1400307E-004
          6313.55     -4.1712247E-004
          6324.84     -4.1980777E-004
          6336.13     -4.2202017E-004
          6347.42     -4.2371819E-004
          6358.71     -4.2485793E-004
          6370.00     -4.2539253E-004
